1.00062,1,1000381113,240012,0
1.00344,1,1000924131,2520818,0
1.00857,1,1006062955,2502412,0
1.01111,1,1008610367,2502412,0
1.01387,1,1013796379,73000,1
1.02164,1,1019133797,2502412,0
1.02676,1,1024256809,2502412,0
1.03184,1,1029334821,2502412,0
1.03472,1,1032213827,2502412,0
1.03982,1,1037318839,2502412,0
1.04237,1,1039866251,2502412,0
1.04751,1,1045007263,2502412,0
1.05006,1,1047554675,2502412,0
1.05516,1,1052659687,2502412,0
1.05774,1,1055234099,2502412,0
1.06027,1,1057763511,2502412,0
1.06534,1,1062841523,2502412,0
1.07053,1,1068027535,2502412,0
1.07563,1,1073132547,2502412,0
1.07817,1,1075670959,2502412,0
1.08333,1,1080829971,2502412,0
1.08588,1,1083377383,2502412,0
1.09096,1,1088455395,2502412,0
1.09353,1,1091029807,2502412,0
1.09607,1,1093568219,2502412,0
1.10119,1,1098691231,2502412,0
1.10666,1,1104158009,2502412,0
1.11178,1,1109281021,2502412,0
1.11693,1,1114431033,2502412,0
1.11947,1,1116969445,2502412,0
1.12716,1,1124657869,2502412,0
1.12973,1,1127223281,2502412,0
1.13774,1,1135242111,2502412,0
1.14031,1,1137807523,2502412,0
1.14548,1,1142975535,2502412,0
1.15056,1,1148062547,2502412,0
1.15571,1,1153203559,2502412,0
1.16087,1,1158371571,2502412,0
1.16596,1,1163458583,2502412,0
1.16872,1,1168644595,73000,1
1.17388,1,1171380601,2502412,0
1.18157,1,1179069025,2502412,0
1.18672,1,1184219037,2502412,0
1.19184,1,1189342049,2502412,0
1.1944,1,1191898461,2502412,0
1.19947,1,1196967473,2502412,0
1.20464,1,1202135485,2502412,0
1.21012,1,1207615903,2502412,0
1.21525,1,1212747915,2502412,0
1.21797,1,1217897927,73000,1
1.22311,1,1220606933,2502412,0
1.22585,1,1225774945,73000,1
1.22838,1,1225881945,2502412,0
1.23348,1,1230977957,2502412,0
1.23604,1,1233534369,2502412,0
1.24151,1,1239006381,2502412,0
1.24664,1,1244138393,2502412,0
1.25174,1,1249234405,2502412,0
1.25688,1,1254375417,2502412,0
1.26203,1,1259525429,2502412,0
1.26477,1,1264693441,73000,1
1.2699,1,1267393447,2502412,0
1.27244,1,1269940859,2502412,0
1.27751,1,1275009871,2502412,0
1.28011,1,1277611283,2502412,0
1.28022,1,1280149695,73000,1
1.28541,1,1282904295,2502412,0
1.2931,1,1290592719,2502412,0
1.29826,1,1295760731,2502412,0
1.3034,1,1300901743,2502412,0
1.30609,1,1306015755,73000,1
1.31166,1,1311586421,73000,1
1.32203,1,1319525251,2502412,0
1.32971,1,1327204675,2502412,0
1.33225,1,1329752087,2502412,0
1.3374,1,1334902099,2502412,0
1.34542,1,1342921523,2502412,0
1.35058,1,1348080535,2502412,0
1.35574,1,1353239547,2502412,0
1.36084,1,1358335559,2502412,0
1.36597,1,1363467571,2502412,0
1.37109,1,1368590583,2502412,0
1.37623,1,1373731595,2502412,0
1.38394,1,1381438019,2502412,0
1.38649,1,1383985431,2502412,0
1.38904,1,1386541843,2502412,0
1.39674,1,1394239267,2502412,0
1.40187,1,1399371279,2502412,0
1.40702,1,1404521291,2502412,0
1.41245,1,1409948303,2502412,0
1.41502,1,1412513715,2502412,0
1.41755,1,1415052127,2502412,0
1.42262,1,1420121139,2502412,0
1.4252,1,1422695551,2502412,0
1.43029,1,1427791563,2502412,0
1.43546,1,1432959575,2502412,0
1.43804,1,1435533987,2502412,0
1.44108,1,1441005405,73000,1
1.45139,1,1448890235,2502412,0
1.45394,1,1451437647,2502412,0
1.45903,1,1456524659,2502412,0
1.46164,1,1459135071,2502412,0
1.46934,1,1466841495,2502412,0
1.47449,1,1471991507,2502412,0
1.48219,1,1479688931,2502412,0
1.48477,1,1482263343,2502412,0
1.48991,1,1487404355,2502412,0
1.49503,1,1492527367,2502412,0
1.50013,1,1497632379,2502412,0
1.50532,1,1502818391,2502412,0
1.51302,1,1510515815,2502412,0
1.52104,1,1518534645,2502412,0
1.5262,1,1523693657,2502412,0
1.53132,1,1528816669,2502412,0
1.5365,1,1533993681,2502412,0
1.54157,1,1539071693,2502412,0
1.54703,1,1544525111,2502412,0
1.55219,1,1549684123,2502412,0
1.55732,1,1554816135,2502412,0
1.55986,1,1557354547,2502412,0
1.56492,1,1562414559,2502412,0
1.56745,1,1564943971,2502412,0
1.57001,1,1567509383,2502412,0
1.57512,1,1572614395,2502412,0
1.58028,1,1577773407,2502412,0
1.58541,1,1582905419,2502412,0
1.59058,1,1588073431,2502412,0
1.59828,1,1595779855,2502412,0
1.60347,1,1600965867,2502412,0
1.61114,1,1608636291,2502412,0
1.61372,1,1611219703,2502412,0
1.6191,1,1616601121,2502412,0
1.62164,1,1619139533,2502412,0
1.6218,1,1621731945,73000,1
1.62694,1,1624441545,2502412,0
1.62948,1,1626979957,2502412,0
1.63204,1,1629536369,2502412,0
1.6371,1,1634596381,2502412,0
1.63972,1,1637215793,2502412,0
1.64245,1,1642374805,73000,1
1.64497,1,1642463805,2502412,0
1.64781,1,1645306811,2502412,0
1.65299,1,1650483823,2502412,0
1.65807,1,1655570835,2502412,0
1.66323,1,1660729847,2502412,0
1.66578,1,1663277259,2502412,0
1.67086,1,1668355271,2502412,0
1.67602,1,1673514283,2502412,0
1.68118,1,1678682295,2502412,0
1.68625,1,1683751307,2502412,0
1.68879,1,1686289719,2502412,0
1.69393,1,1691430731,2502412,0
1.69908,1,1696580743,2502412,0
1.69923,1,1699155155,73000,1
1.70955,1,1707049579,2502412,0
1.71213,1,1709623991,2502412,0
1.71223,1,1712153403,73000,1
1.71475,1,1712242997,2502412,0
1.72019,1,1717688009,2502412,0
1.72278,1,1720280421,2502412,0
1.72786,1,1725358433,2502412,0
1.73303,1,1730526445,2502412,0
1.73814,1,1735640457,2502412,0
1.7433,1,1740799469,2502412,0
1.74839,1,1745886481,2502412,0
1.75126,1,1748756487,2502412,0
1.75638,1,1753879499,2502412,0
1.75895,1,1756444911,2502412,0
1.76148,1,1758974323,2502412,0
1.76656,1,1764061335,2502412,0
1.77174,1,1769238347,2502412,0
1.77945,1,1776944771,2502412,0
1.78199,1,1779492183,2502412,0
1.78718,1,1784678195,2502412,0
1.79229,1,1789792207,2502412,0
1.79744,1,1794933219,2502412,0
1.80251,1,1800011231,2502412,0
1.80767,1,1805170243,2502412,0
1.8102,1,1807699655,2502412,0
1.81531,1,1812804667,2502412,0
1.81784,1,1815334079,2502412,0
1.82041,1,1817908491,2502412,0
1.82586,1,1823352909,2502412,0
1.83098,1,1828475921,2502412,0
1.83353,1,1831032333,2502412,0
1.83861,1,1836110345,2502412,0
1.83879,1,1838720757,73000,1
1.84653,1,1844031769,2502412,0
1.85455,1,1852050599,2502412,0
1.85714,1,1854634011,2502412,0
1.86482,1,1862322435,2502412,0
1.86997,1,1867472447,2502412,0
1.87254,1,1870037859,2502412,0
1.87764,1,1875133871,2502412,0
1.88277,1,1880265883,2502412,0
1.88795,1,1885451895,2502412,0
1.89067,1,1890592907,73000,1
1.8984,1,1895894325,2502412,0
1.90094,1,1898441737,2502412,0
1.9061,1,1903600749,2502412,0
1.91381,1,1911307173,2502412,0
1.91394,1,1913863585,73000,1
1.91651,1,1914007179,2502412,0
1.9245,1,1921999603,2502412,0
1.92965,1,1927149615,2502412,0
1.92979,1,1929715027,73000,1
1.93494,1,1932433627,2502412,0
1.94006,1,1937556639,2502412,0
1.94523,1,1942724651,2502412,0
1.94794,1,1947865663,73000,1
1.95068,1,1950610669,73000,1
1.96651,1,1964011323,2502412,0
1.97166,1,1969161335,2502412,0
1.97421,1,1971708747,2502412,0
1.97933,1,1976831759,2502412,0
1.98443,1,1981927771,2502412,0
1.98957,1,1987068783,2502412,0
1.99473,1,1992227795,2502412,0
1.99986,1,1997359807,2502412,0
2.00499,1,2002482819,2502412,0
2.00528,2,2005039825,240012,0
2.01069,1,2008184849,2502412,0
2.01323,2,2010723855,2502412,0
2.0183,2,2015792867,2502412,0
2.02085,2,2018349279,2502412,0
2.021,1,2020924285,73000,1
2.0235,2,2020995285,2502412,0
2.02639,2,2023891697,2502412,0
2.02652,1,2026448703,73000,1
2.02902,2,2026519703,2502412,0
2.03158,2,2029076115,2502412,0
2.03675,2,2034244127,2502412,0
2.03688,2,2036809539,73000,1
2.0394,2,2036899133,2502412,0
2.03956,2,2039482545,73000,1
2.04472,2,2042219145,2502412,0
2.04979,1,2047288157,2502412,0
2.05234,2,2049836163,2502412,0
2.0549,1,2052402169,2502412,0
2.05786,1,2057784181,73000,1
2.05786,2,2057784181,73000,1
2.06044,2,2057936181,2502412,0
2.06814,1,2065633605,2502412,0
2.07067,2,2068163611,2502412,0
2.07321,1,2070702617,2502412,0
2.07837,2,2075870629,2502412,0
2.0809,2,2078400041,2502412,0
2.08343,1,2080930047,2502412,0
2.08856,2,2086053059,2502412,0
2.08869,1,2088619065,73000,1
2.09121,1,2088708065,2502412,0
2.09374,1,2091237477,2502412,0
2.09884,2,2096342489,2502412,0
2.10137,2,2098871901,2502412,0
2.1039,2,2101401313,2502412,0
2.10649,1,2103985319,2502412,0
2.11159,1,2109090331,2502412,0
2.11413,2,2111629337,2502412,0
2.11672,1,2114213343,2502412,0
2.11682,2,2116743349,73000,1
2.12196,1,2119461355,2502412,0
2.1245,1,2121999767,2502412,0
2.12703,1,2124529179,2502412,0
2.13248,1,2129973597,2502412,0
2.13501,1,2132512009,2502412,0
2.13754,2,2135042015,2502412,0
2.14264,1,2140138027,2502412,0
2.1452,2,2142695033,2502412,0
2.14777,2,2145269445,2502412,0
2.15285,1,2150347457,2502412,0
2.158,2,2155497469,2502412,0
2.16085,1,2158349475,2502412,0
2.16338,1,2160878887,2502412,0
2.1685,2,2165992899,2502412,0
2.17103,1,2168522905,2502412,0
2.17357,2,2171070911,2502412,0
2.17372,2,2173645323,73000,1
2.17372,1,2173645917,73000,1
2.17629,1,2173788917,2502412,0
2.18138,2,2178875929,2502412,0
2.18395,2,2181450341,2502412,0
2.18903,1,2186528353,2502412,0
2.19159,2,2189085359,2502412,0
2.19414,2,2191632771,2502412,0
2.19668,1,2194180777,2502412,0
2.20177,1,2199267789,2502412,0
2.20431,2,2201806795,2502412,0
2.20687,2,2204363207,2502412,0
2.2094,1,2206893213,2502412,0
2.21193,1,2209422625,2502412,0
2.21705,2,2214545637,2502412,0
2.21719,2,2217120049,73000,1
2.21719,1,2217120643,73000,1
2.21971,1,2217209643,2502412,0
2.22487,1,2222368655,2502412,0
2.23288,2,2230379079,2502412,0
2.23541,1,2232909085,2502412,0
2.23551,1,2235438497,73000,1
2.23551,2,2235439091,73000,1
2.24324,2,2240740509,2502412,0
2.24836,1,2245854521,2502412,0
2.25091,2,2248411527,2502412,0
2.25598,1,2253480539,2502412,0
2.25856,1,2256054951,2502412,0
2.2611,2,2258593957,2502412,0
2.26408,2,2264011969,73000,1
2.26408,1,2264011969,73000,1
2.2666,2,2264100969,2502412,0
2.27175,2,2269250981,2502412,0
2.27686,2,2274355993,2502412,0
2.27941,1,2276903999,2502412,0
2.28456,2,2282054011,2502412,0
2.2871,1,2284602017,2502412,0
2.2922,2,2289698029,2502412,0
2.29733,1,2294830041,2502412,0
2.29746,1,2297386453,73000,1
2.29746,2,2297387047,73000,1
2.30259,1,2300087053,2502412,0
2.3027,1,2302625465,73000,1
2.3027,2,2302626059,73000,1
2.30782,2,2305317065,2502412,0
2.31292,2,2310422077,2502412,0
2.31801,1,2315509089,2502412,0
2.32054,2,2318039095,2502412,0
2.32309,2,2320586507,2502412,0
2.32818,1,2325682519,2502412,0
2.32835,1,2328274931,73000,1
2.32835,2,2328275525,73000,1
2.33372,2,2331216531,2502412,0
2.33625,2,2333745943,2502412,0
2.3388,2,2336302355,2502412,0
2.33895,2,2338876767,73000,1
2.33902,1,2338948361,73000,1
2.33902,2,2338949767,73000,1
2.35458,1,2352082421,2502412,0
2.35712,1,2354620833,2502412,0
2.35724,1,2357168245,73000,1
2.35724,2,2357168839,73000,1
2.36523,1,2362728663,2502412,0
2.37035,1,2367842675,2502412,0
2.3729,1,2370399087,2502412,0
2.378,1,2375495099,2502412,0
2.38059,1,2378087511,2502412,0
2.38573,1,2383228523,2502412,0
2.39087,1,2388369535,2502412,0
2.39595,1,2393447547,2502412,0
2.40109,1,2398588559,2502412,0
2.40367,2,2401163565,2502412,0
2.40631,2,2406241577,73000,1
2.40631,1,2406241577,73000,1
2.41146,1,2408959583,2502412,0
2.41657,1,2414064595,2502412,0
2.41673,2,2416657601,73000,1
2.41925,2,2416746601,2502412,0
2.42179,1,2419285607,2502412,0
2.42192,1,2421851019,73000,1
2.42446,2,2421958613,2502412,0
2.42958,2,2427081625,2502412,0
2.43214,1,2429638631,2502412,0
2.43755,2,2435047643,2502412,0
2.44012,1,2437613649,2502412,0
2.44266,2,2440161655,2502412,0
2.44781,1,2445302667,2502412,0
2.45034,1,2447841079,2502412,0
2.45045,2,2450380085,73000,1
2.45298,1,2450478085,2502412,0
2.45816,1,2455655097,2502412,0
2.46325,2,2460751109,2502412,0
2.46869,1,2466186527,2502412,0
2.47123,2,2468725533,2502412,0
2.47378,2,2471272945,2502412,0
2.47886,1,2476359957,2502412,0
2.4814,2,2478898963,2502412,0
2.48397,1,2481464969,2502412,0
2.4891,2,2486596981,2502412,0
2.49167,1,2489171987,2502412,0
2.49678,1,2494276999,2502412,0
2.49931,2,2496807005,2502412,0
2.50185,1,2499346011,2502412,0
2.50694,1,2504433023,2502412,0
2.50947,2,2506963029,2502412,0
2.51206,1,2509556035,2502412,0
2.51714,1,2514634047,2502412,0
2.51968,2,2517182053,2502412,0
2.52225,1,2519748059,2502412,0
2.52735,2,2524844071,2502412,0
2.52752,2,2527445483,73000,1
2.52752,1,2527446077,73000,1
2.53262,2,2530119083,2502412,0
2.53808,2,2535582095,2502412,0
2.54315,1,2540651107,2502412,0
2.54569,2,2543190113,2502412,0
2.55085,1,2548349125,2502412,0
2.55339,2,2550888131,2502412,0
2.55847,1,2555966143,2502412,0
2.56101,2,2558505149,2502412,0
2.56374,2,2563664161,73000,1
2.56374,1,2563664161,73000,1
2.57436,1,2571852991,2502412,0
2.57691,2,2574409997,2502412,0
2.58201,1,2579506009,2502412,0
2.58457,2,2582063015,2502412,0
2.58968,1,2587177027,2502412,0
2.58981,1,2589733439,73000,1
2.58981,2,2589734033,73000,1
2.60013,1,2597627863,2502412,0
2.60266,2,2600157869,2502412,0
2.60541,2,2605334881,73000,1
2.60541,1,2605334881,73000,1
2.61566,2,2613156711,2502412,0
2.61823,1,2615722717,2502412,0
2.62076,2,2618252723,2502412,0
2.62589,1,2623384735,2502412,0
2.62844,2,2625941741,2502412,0
2.63351,1,2631010753,2502412,0
2.6361,2,2633594759,2502412,0
2.63864,2,2636133171,2502412,0
2.64403,1,2641523589,2502412,0
2.64657,1,2644071001,2502412,0
2.64914,1,2646636413,2502412,0
2.65422,2,2651714425,2502412,0
2.6568,1,2654298431,2502412,0
2.66189,2,2659385443,2502412,0
2.66442,1,2661915449,2502412,0
2.66959,2,2667092461,2502412,0
2.67001,2,2669935467,73000,1
2.67001,1,2669935467,73000,1
2.67512,2,2672617473,2502412,0
2.67766,2,2675155885,2502412,0
2.6802,1,2677694891,2502412,0
2.68528,2,2682781903,2502412,0
2.68785,1,2685347909,2502412,0
2.69041,2,2687904915,2502412,0
2.69294,2,2690434327,2502412,0
2.698,1,2695494339,2502412,0
2.70058,2,2698078345,2502412,0
2.70314,2,2700634757,2502412,0
2.70568,1,2703173763,2502412,0
2.71078,1,2708278775,2502412,0
2.71335,2,2710844781,2502412,0
2.7159,1,2713392787,2502412,0
2.716,1,2715922199,73000,1
2.71612,2,2716047793,73000,1
2.71612,1,2716047793,73000,1
2.7212,2,2718693799,2502412,0
2.72377,2,2721268211,2502412,0
2.72888,2,2726382223,2502412,0
2.73404,2,2731541235,2502412,0
2.7392,2,2736700247,2502412,0
2.74464,2,2742136259,2502412,0
2.74973,2,2747223271,2502412,0
2.75226,1,2749753277,2502412,0
2.75479,2,2752292283,2502412,0
2.75492,1,2754849289,73000,1
2.75752,2,2755019289,2502412,0
2.76023,2,2760160301,73000,1
2.76023,1,2760160301,73000,1
2.76534,2,2762833307,2502412,0
2.76788,2,2765380719,2502412,0
2.77303,2,2770530731,2502412,0
2.77844,2,2775939743,2502412,0
2.781,2,2778496155,2502412,0
2.78613,2,2783628167,2502412,0
2.79129,1,2788787179,2502412,0
2.79383,2,2791326185,2502412,0
2.7989,1,2796395197,2502412,0
2.80145,1,2798951609,2502412,0
2.80161,2,2801535615,73000,1
2.80417,1,2801669615,2502412,0
2.80929,1,2806783627,2502412,0
2.8144,1,2811897639,2502412,0
2.81698,2,2814481645,2502412,0
2.82207,2,2819568657,2502412,0
2.82462,1,2822116663,2502412,0
2.82715,2,2824646669,2502412,0
2.82728,1,2827203675,73000,1
2.8298,2,2827301675,2502412,0
2.83496,2,2832460687,2502412,0
2.83753,2,2835026099,2502412,0
2.83763,2,2837555511,73000,1
2.8402,1,2837699105,2502412,0
2.84562,2,2843117117,2502412,0
2.84815,1,2845647123,2502412,0
2.84829,2,2848213129,73000,1
2.85082,2,2848320129,2502412,0
2.85097,2,2850894541,73000,1
2.85097,1,2850895135,73000,1
2.86126,1,2858752965,2502412,0
2.86379,2,2861282971,2502412,0
2.86632,1,2863821977,2502412,0
2.87143,1,2868926989,2502412,0
2.87399,2,2871483995,2502412,0
2.87685,1,2874345001,2502412,0
2.8795,1,2879423013,73000,1
2.8795,2,2879423013,73000,1
2.882,2,2879496013,2502412,0
2.88453,2,2882025425,2502412,0
2.88711,1,2884609431,2502412,0
2.89222,2,2889714443,2502412,0
2.89476,1,2892262449,2502412,0
2.89987,2,2897367461,2502412,0
2.89997,2,2899896873,73000,1
2.89997,1,2899897467,73000,1
2.90253,2,2900031467,2502412,0
2.90762,1,2905118479,2502412,0
2.91018,1,2907674891,2502412,0
2.91272,1,2910213303,2502412,0
2.91282,1,2912751715,73000,1
2.91283,2,2912752309,73000,1
2.91795,1,2915452315,2502412,0
2.91808,2,2918009321,73000,1
2.92064,1,2918134321,2502412,0
2.92075,1,2920681733,73000,1
2.92327,1,2920771327,2502412,0
2.92843,1,2925930339,2502412,0
2.93117,1,2931098351,73000,1
2.93627,2,2933771357,2502412,0
2.9388,2,2936300769,2502412,0
2.94136,1,2938857775,2502412,0
2.94644,2,2943935787,2502412,0
2.94936,1,2946859199,2502412,0
2.95444,2,2951937211,2502412,0
2.957,1,2954494217,2502412,0
2.95714,1,2957068629,73000,1
2.95969,2,2957185223,2502412,0
2.96225,1,2959751229,2502412,0
2.96735,2,2964847241,2502412,0
2.96989,2,2967385653,2502412,0
2.97499,1,2972490665,2502412,0
2.97759,2,2975083671,2502412,0
2.97801,1,2977935677,73000,1
2.98053,2,2978024677,2502412,0
2.9807,2,2980626089,73000,1
2.98322,1,2980715683,2502412,0
2.98575,1,2983245095,2502412,0
2.98829,1,2985792507,2502412,0
2.99346,1,2990960519,2502412,0
2.99857,2,2996065531,2502412,0
3.00112,1,2998613537,2502412,0
3.00138,3,3001143543,240012,0
3.00157,3,3001570555,0,0
3.00157,1,3001499555,73000,1
3.00157,2,3001499555,73000,1
3.00675,1,3004244561,2502412,0
3.00925,3,3006774567,2478478,0
3.0146,3,3012095057,2502412,0
3.01715,1,3014643063,2502412,0
3.01969,2,3017191069,2502412,0
3.0198,3,3019730075,73000,1
3.0223,2,3019801075,2502412,0
3.02486,2,3022357487,2502412,0
3.02741,2,3024904899,2502412,0
3.02996,1,3027452905,2502412,0
3.0325,2,3030000911,2502412,0
3.03517,2,3035096923,73000,1
3.03517,1,3035096923,73000,1
3.03775,3,3035248923,2502412,0
3.04048,3,3040407935,73000,1
3.04048,2,3040407935,73000,1
3.04303,1,3040523935,2502412,0
3.04314,3,3043071941,73000,1
3.04571,2,3043205941,2502412,0
3.05109,1,3048587953,2502412,0
3.05367,1,3051171365,2502412,0
3.05874,1,3056240377,2502412,0
3.06127,1,3058769789,2502412,0
3.06381,2,3061308795,2502412,0
3.06397,1,3063901801,73000,1
3.0641,2,3064026801,73000,1
3.0641,3,3064026801,73000,1
3.06924,1,3066735807,2502412,0
3.07433,2,3071822819,2502412,0
3.07685,2,3074352231,2502412,0
3.07938,2,3076881643,2502412,0
3.08237,2,3082299655,73000,1
3.08237,1,3082299655,73000,1
3.08488,1,3082372655,2502412,0
3.08742,1,3084920067,2502412,0
3.09254,1,3090034079,2502412,0
3.09511,1,3092608491,2502412,0
3.09764,1,3095137903,2502412,0
3.1002,1,3097694315,2502412,0
3.10529,2,3102790327,2502412,0
3.10786,2,3105355739,2502412,0
3.10799,1,3107921745,73000,1
3.11055,2,3108046745,2502412,0
3.11567,2,3113169757,2502412,0
3.1182,2,3115699169,2502412,0
3.1233,2,3120795181,2502412,0
3.12589,2,3123387593,2502412,0
3.12842,1,3125917599,2502412,0
3.1335,3,3130995611,2502412,0
3.13603,2,3133525617,2502412,0
3.13856,1,3136055623,2502412,0
3.14111,3,3138603629,2502412,0
3.14366,1,3141160635,2502412,0
3.14619,2,3143690641,2502412,0
3.14629,1,3146220647,73000,1
3.14879,3,3146291647,2502412,0
3.15134,3,3148839059,2502412,0
3.15418,3,3151681471,2502412,0
3.15679,2,3154292477,2502412,0
3.16187,2,3159370489,2502412,0
3.1644,3,3161900495,2502412,0
3.16696,3,3164456907,2502412,0
3.1695,1,3166995913,2502412,0
3.17204,3,3169534919,2502412,0
3.17458,1,3172073925,2502412,0
3.17469,2,3174621931,73000,1
3.17722,3,3174719931,2502412,0
3.17977,3,3177267343,2502412,0
3.1823,1,3179797349,2502412,0
3.18521,1,3182712355,2502412,0
3.18532,2,3185242361,73000,1
3.18782,3,3185322361,2502412,0
3.19037,1,3187870367,2502412,0
3.19293,3,3190427373,2502412,0
3.19547,3,3192965785,2502412,0
3.20056,3,3198052797,2502412,0
3.20309,1,3200591803,2502412,0
3.20563,2,3203130809,2502412,0
3.20823,3,3205723815,2502412,0
3.21076,2,3208253821,2502412,0
3.21086,1,3210783827,73000,1
3.21341,1,3210908827,2502412,0
3.21596,2,3213456833,2502412,0
3.21606,1,3215986839,73000,1
3.21606,3,3215986839,73000,1
3.21859,2,3216084839,2502412,0
3.21869,2,3218614251,73000,1
3.2212,3,3218694845,2502412,0
3.22376,3,3221260257,2502412,0
3.22632,3,3223816669,2502412,0
3.22887,3,3226364081,2502412,0
3.23393,2,3231424093,2502412,0
3.23651,2,3234007505,2502412,0
3.23904,1,3236537511,2502412,0
3.23919,3,3239112517,73000,1
3.24174,2,3239237517,2502412,0
3.24427,3,3241767523,2502412,0
3.24681,1,3244306529,2502412,0
3.24934,2,3246836535,2502412,0
3.25187,2,3249365947,2502412,0
3.25724,3,3254738365,2502412,0
3.25977,1,3257268371,2502412,0
3.2599,1,3259824783,73000,1
3.2599,2,3259825377,73000,1
3.2624,3,3259896377,2502412,0
3.26257,1,3262498383,73000,1
3.26507,2,3262569383,2502412,0
3.26761,2,3265107795,2502412,0
3.27017,3,3267664801,2502412,0
3.27271,3,3270212213,2502412,0
3.27524,3,3272741625,2502412,0
3.28033,2,3277828637,2502412,0
3.28287,3,3280367643,2502412,0
3.28543,2,3282924649,2502412,0
3.29087,2,3288369661,2502412,0
3.29341,3,3290908667,2502412,0
3.29596,3,3293456079,2502412,0
3.30109,2,3298588091,2502412,0
3.30367,3,3301163097,2502412,0
3.30879,2,3306286109,2502412,0
3.31133,1,3308825115,2502412,0
3.31388,3,3311373121,2502412,0
3.31641,2,3313903127,2502412,0
3.32147,3,3318972139,2502412,0
3.32404,1,3321538145,2502412,0
3.3242,1,3324130557,73000,1
3.3242,2,3324131151,73000,1
3.32671,3,3324211151,2502412,0
3.32926,3,3326758563,2502412,0
3.32936,3,3329287975,73000,1
3.32936,2,3329288569,73000,1
3.33445,1,3331943575,2502412,0
3.33701,1,3334508987,2502412,0
3.33957,1,3337065399,2502412,0
3.34466,3,3342161411,2502412,0
3.34721,3,3344708823,2502412,0
3.34975,3,3347247235,2502412,0
3.35484,1,3352334247,2502412,0
3.35768,3,3355176659,2502412,0
3.36023,2,3357724665,2502412,0
3.36277,1,3360263671,2502412,0
3.36533,2,3362829677,2502412,0
3.3704,1,3367898689,2502412,0
3.37295,3,3370446695,2502412,0
3.3755,2,3372994701,2502412,0
3.37804,1,3375533707,2502412,0
3.38315,1,3380647719,2502412,0
3.38569,3,3383186725,2502412,0
3.38853,2,3386029731,2502412,0
3.39113,1,3388622737,2502412,0
3.39123,1,3391161149,73000,1
3.39133,2,3391259743,73000,1
3.39133,3,3391259743,73000,1
3.39388,2,3391375743,2502412,0
3.39401,1,3393941749,73000,1
3.39656,2,3394057749,2502412,0
3.39913,3,3396623755,2502412,0
3.40425,3,3401746767,2502412,0
3.40678,2,3404276773,2502412,0
3.4069,1,3406824779,73000,1
3.40943,2,3406922779,2502412,0
3.41196,3,3409461785,2502412,0
3.41466,3,3414584797,73000,1
3.41466,2,3414584797,73000,1
3.41721,3,3414709797,2502412,0
3.4223,2,3419796809,2502412,0
3.42483,2,3422326221,2502412,0
3.42739,3,3424892227,2502412,0
3.42992,3,3427421639,2502412,0
3.43506,2,3432553651,2502412,0
3.43762,3,3435119657,2502412,0
3.44273,2,3440224669,2502412,0
3.44526,3,3442754675,2502412,0
3.45038,2,3447877687,2502412,0
3.45295,3,3450443693,2502412,0
3.45549,2,3452982699,2502412,0
3.45802,3,3455512705,2502412,0
3.46344,3,3460939123,2502412,0
3.46601,2,3463505129,2502412,0
3.46854,2,3466034541,2502412,0
3.47361,3,3471103553,2502412,0
3.47614,3,3473632965,2502412,0
3.47868,1,3476180971,2502412,0
3.48121,3,3478710977,2502412,0
3.48131,3,3481240389,73000,1
3.48131,2,3481240983,73000,1
3.48639,3,3483886989,2502412,0
3.48892,1,3486416995,2502412,0
3.49177,2,3489269001,2502412,0
3.49431,2,3491807413,2502412,0
3.4969,3,3494400419,2502412,0
3.49701,2,3496939425,73000,1
3.49701,1,3496939425,73000,1
3.49952,1,3497019425,2502412,0
3.50206,2,3499558431,2502412,0
3.50461,3,3502106437,2502412,0
3.50715,1,3504645443,2502412,0
3.50968,1,3507174855,2502412,0
3.51221,2,3509704861,2502412,0
3.51734,3,3514836873,2502412,0
3.51747,2,3517393879,73000,1
3.51747,1,3517393879,73000,1
3.51999,3,3517482879,2502412,0
3.52253,1,3520030885,2502412,0
3.52507,1,3522569297,2502412,0
3.53017,2,3527665309,2502412,0
3.53272,3,3530222315,2502412,0
3.53283,2,3532761321,73000,1
3.53283,1,3532761321,73000,1
3.53534,1,3532841321,2502412,0
3.54045,3,3537946333,2502412,0
3.54299,1,3540485339,2502412,0
3.54554,2,3543042345,2502412,0
3.54568,2,3545607757,73000,1
3.54575,1,3545679351,73000,1
3.54575,3,3545679351,73000,1
3.54832,3,3545813351,2502412,0
3.55345,1,3550945363,2502412,0
3.556,3,3553493369,2502412,0
3.5561,3,3556031781,73000,1
3.55611,2,3556032375,73000,1
3.56119,1,3558687381,2502412,0
3.56165,1,3561574793,73000,1
3.56417,2,3561663793,2502412,0
3.5667,3,3564193799,2502412,0
3.56925,3,3566750211,2502412,0
3.57178,1,3569280217,2502412,0
3.57687,1,3574367229,2502412,0
3.5794,2,3576897235,2502412,0
3.58196,3,3579454241,2502412,0
3.58207,3,3582001653,73000,1
3.58208,2,3582002247,73000,1
3.58458,2,3582082247,2502412,0
3.58469,1,3584612253,73000,1
3.58727,2,3584764253,2502412,0
3.59237,1,3589869265,2502412,0
3.59522,1,3592721271,2502412,0
3.59777,3,3595269277,2502412,0
3.5979,3,3597825689,73000,1
3.5979,2,3597826283,73000,1
3.60041,1,3597906283,2502412,0
3.60297,1,3600471695,2502412,0
3.60566,3,3605585707,73000,1
3.60566,2,3605585707,73000,1
3.60819,2,3605683707,2502412,0
3.61073,1,3608231713,2502412,0
3.61582,2,3613318725,2502412,0
3.61841,1,3615902731,2502412,0
3.62095,3,3618450737,2502412,0
3.62601,2,3623510749,2502412,0
3.62861,1,3626103755,2502412,0
3.63114,2,3628633761,2502412,0
3.63621,1,3633711773,2502412,0
3.63874,3,3636241779,2502412,0
3.63893,2,3638861785,73000,1
3.64144,1,3638932785,2502412,0
3.64397,3,3641471791,2502412,0
3.64653,2,3644028797,2502412,0
3.64909,3,3646585803,2502412,0
3.65415,3,3651645815,2502412,0
3.65671,1,3654202821,2502412,0
3.65924,2,3656741827,2502412,0
3.66182,3,3659316833,2502412,0
3.66223,2,3662159245,73000,1
3.66223,1,3662159245,73000,1
3.66493,2,3664859251,73000,1
3.66493,3,3664859251,73000,1
3.66743,2,3664932251,2502412,0
3.66755,1,3667480257,73000,1
3.67005,2,3667551257,2502412,0
3.67024,2,3670170669,73000,1
3.67276,3,3670260263,2502412,0
3.6753,3,3672798675,2502412,0
3.68041,3,3677903687,2502412,0
3.68298,2,3680478693,2502412,0
3.68807,2,3685565705,2502412,0
3.68819,2,3688113117,73000,1
3.68819,3,3688113711,73000,1
3.68832,1,3688247711,73000,1
3.6909,2,3688399711,2502412,0
3.69632,3,3693817129,2502412,0
3.69888,2,3696374135,2502412,0
3.70396,2,3701461147,2502412,0
3.70653,3,3704027153,2502412,0
3.71162,2,3709114165,2502412,0
3.71416,3,3711653171,2502412,0
3.71673,2,3714228177,2502412,0
3.7218,2,3719297189,2502412,0
3.72433,3,3721827195,2502412,0
3.72686,2,3724357201,2502412,0
3.72944,2,3726940613,2502412,0
3.72956,3,3729488619,73000,1
3.73215,2,3729649619,2502412,0
3.73727,3,3734763631,2502412,0
3.73981,1,3737302637,2502412,0
3.74234,2,3739832643,2502412,0
3.74245,1,3742380649,73000,1
3.74258,2,3742505649,73000,1
3.74258,3,3742505649,73000,1
3.74773,1,3745223655,2502412,0
3.75285,1,3750346667,2502412,0
3.75552,2,3755442679,73000,1
3.75552,3,3755442679,73000,1
3.76059,1,3758088685,2502412,0
3.76316,1,3760654097,2502412,0
3.76569,1,3763192509,2502412,0
3.77111,1,3768609927,2502412,0
3.77624,2,3773741939,2502412,0
3.77882,1,3776316945,2502412,0
3.78135,2,3778846951,2502412,0
3.78644,1,3783933963,2502412,0
3.78897,3,3786463969,2502412,0
3.7915,2,3788993975,2502412,0
3.79404,3,3791541981,2502412,0
3.79945,2,3796950399,2502412,0
3.80199,3,3799489405,2502412,0
3.80452,1,3802019411,2502412,0
3.80712,3,3804621417,2502412,0
3.80722,2,3807151423,73000,1
3.80972,1,3807222423,2502412,0
3.81225,1,3809751835,2502412,0
3.81478,3,3812281841,2502412,0
3.81734,1,3814838847,2502412,0
3.81992,1,3817413259,2502412,0
3.82498,2,3822482271,2502412,0
3.82752,3,3825021277,2502412,0
3.83007,1,3827569283,2502412,0
3.83266,1,3830152695,2502412,0
3.8353,3,3835230707,73000,1
3.8353,2,3835230707,73000,1
3.83781,2,3835303707,2502412,0
3.83792,2,3837851119,73000,1
3.83792,3,3837851713,73000,1
3.84043,1,3837931713,2502412,0
3.84296,3,3840461719,2502412,0
3.84808,1,3845575731,2502412,0
3.85063,1,3848123143,2502412,0
3.85319,3,3850689149,2502412,0
3.85576,2,3853255155,2502412,0
3.8584,3,3858324167,73000,1
3.8584,1,3858324167,73000,1
3.86092,2,3858422167,2502412,0
3.86111,1,3861033173,73000,1
3.86364,3,3861140173,2502412,0
3.86617,2,3863670179,2502412,0
3.87162,2,3869114597,2502412,0
3.87418,3,3871680603,2502412,0
3.87931,2,3876803615,2502412,0
3.88184,3,3879333621,2502412,0
3.88197,2,3881899627,73000,1
3.88449,3,3881988627,2502412,0
3.88705,3,3884545039,2502412,0
3.8896,1,3887102045,2502412,0
3.89466,2,3892162057,2502412,0
3.89724,2,3894736469,2502412,0
3.89734,2,3897265881,73000,1
3.89734,3,3897266475,73000,1
3.89987,2,3897364475,2502412,0
3.90525,1,3902746487,2502412,0
3.90779,2,3905285493,2502412,0
3.91034,1,3907833499,2502412,0
3.9105,2,3910426505,73000,1
3.91304,1,3910533505,2502412,0
3.91557,3,3913072511,2502412,0
3.92068,3,3918177523,2502412,0
3.92321,3,3920706935,2502412,0
3.92576,1,3923254941,2502412,0
3.92829,3,3925784947,2502412,0
3.93082,2,3928314953,2502412,0
3.93336,1,3930853959,2502412,0
3.93847,2,3935967971,2502412,0
3.94102,3,3938515977,2502412,0
3.94358,1,3941081983,2502412,0
3.94613,2,3943629989,2502412,0
3.94624,3,3946168995,73000,1
3.94877,2,3946266995,2502412,0
3.95133,2,3948823407,2502412,0
3.95386,1,3951353413,2502412,0
3.95639,1,3953882825,2502412,0
3.96148,1,3958978837,2502412,0
3.96401,2,3961508843,2502412,0
3.96656,2,3964056255,2502412,0
3.96912,1,3966622261,2502412,0
3.97199,3,3969482673,2502412,0
3.97707,1,3974569685,2502412,0
3.9796,1,3977099097,2502412,0
3.98213,2,3979629103,2502412,0
3.98468,1,3982177109,2502412,0
3.98721,1,3984706521,2502412,0
3.98976,3,3987254527,2502412,0
3.99487,2,3992368539,2502412,0
3.9974,2,3994897951,2502412,0
3.99994,2,3997436363,2502412,0
4.00036,3,4000288369,73000,1
4.00036,1,4000288369,73000,1
4.00064,4,4000404369,240012,0
4.00102,2,4000947387,73000,1
4.00357,2,4001072387,2502412,0
4.00611,3,4003611393,2502412,0
4.00865,4,4006150399,2502412,0
4.01136,3,4011282411,73000,1
4.01136,2,4011282411,73000,1
4.01136,1,4011282411,73000,1
4.0139,4,4011398411,2502412,0
4.01902,1,4016521423,2502412,0
4.01917,4,4019096429,73000,1
4.01917,2,4019096429,73000,1
4.02421,2,4021706435,2502412,0
4.02679,1,4024290441,2502412,0
4.02932,3,4026820447,2502412,0
4.03439,2,4031889459,2502412,0
4.03694,3,4034437465,2502412,0
4.03947,3,4036966877,2502412,0
4.042,1,4039496883,2502412,0
4.04453,4,4042026889,2502412,0
4.04707,3,4044565895,2502412,0
4.04718,1,4047104901,73000,1
4.04718,2,4047104901,73000,1
4.04726,3,4047184901,73000,1
4.0498,1,4047300901,2502412,0
4.05233,1,4049830313,2502412,0
4.05486,1,4052359725,2502412,0
4.05739,4,4054889731,2502412,0
4.05992,3,4057419737,2502412,0
4.06249,2,4059985743,2502412,0
4.06502,3,4062515749,2502412,0
4.07011,1,4067611761,2502412,0
4.07021,1,4070141173,73000,1
4.07021,4,4070141767,73000,1
4.07273,4,4070230767,2502412,0
4.07318,3,4073109179,73000,1
4.07318,2,4073109179,73000,1
4.07572,1,4073216179,2502412,0
4.0808,4,4078294191,2502412,0
4.08334,1,4080842197,2502412,0
4.08587,4,4083372203,2502412,0
4.08844,4,4085937615,2502412,0
4.09097,1,4088467621,2502412,0
4.0935,3,4090997627,2502412,0
4.09362,4,4093545633,73000,1
4.09613,1,4093625633,2502412,0
4.09866,2,4096155639,2502412,0
4.1012,2,4098694051,2502412,0
4.10374,1,4101233057,2502412,0
4.1066,3,4104094063,2502412,0
4.10913,3,4106623475,2502412,0
4.10923,3,4109161887,73000,1
4.10924,2,4109162481,73000,1
4.11174,4,4109233481,2502412,0
4.11186,4,4111789893,73000,1
4.11436,1,4111861487,2502412,0
4.11695,2,4114445493,2502412,0
4.1195,1,4117002499,2502412,0
4.12208,3,4119577505,2502412,0
4.12461,3,4122106917,2502412,0
4.12714,4,4124636923,2502412,0
4.12724,2,4127166929,73000,1
4.1323,3,4129796935,2502412,0
4.13241,3,4132335347,73000,1
4.13241,1,4132335941,73000,1
4.13495,4,4132442941,2502412,0
4.14006,4,4137556953,2502412,0
4.1426,2,4140095959,2502412,0
4.14516,4,4142652965,2502412,0
4.14769,3,4145182971,2502412,0
4.15022,2,4147712977,2502412,0
4.1553,2,4152799989,2502412,0
4.15783,1,4155329995,2502412,0
4.16037,1,4157868407,2502412,0
4.1629,1,4160397819,2502412,0
4.16543,4,4162927825,2502412,0
4.16798,1,4165475831,2502412,0
4.17052,3,4168014837,2502412,0
4.17307,2,4170562843,2502412,0
4.1756,3,4173092849,2502412,0
4.17601,4,4175935261,73000,1
4.17851,1,4176006261,2502412,0
4.18104,1,4178535673,2502412,0
4.1836,3,4181101679,2502412,0
4.18615,2,4183649685,2502412,0
4.1887,3,4186197691,2502412,0
4.18883,3,4188754103,73000,1
4.18883,1,4188754697,73000,1
4.19134,4,4188834697,2502412,0
4.19388,2,4191373703,2502412,0
4.19901,1,4196505715,2502412,0
4.19911,2,4199035721,73000,1
4.19911,4,4199035721,73000,1
4.20164,3,4199133721,2502412,0
4.2042,1,4201699727,2502412,0
4.20673,3,4204229733,2502412,0
4.21215,3,4209647745,2502412,0
4.21469,3,4212186157,2502412,0
4.21726,1,4214761163,2502412,0
4.21737,2,4217300169,73000,1
4.2199,3,4217398169,2502412,0
4.22,1,4219928175,73000,1
4.22,4,4219928175,73000,1
4.22509,3,4222592181,2502412,0
4.22768,4,4225176187,2502412,0
4.22779,3,4227715193,73000,1
4.22779,1,4227715193,73000,1
4.23029,2,4227786193,2502412,0
4.23542,4,4232918205,2502412,0
4.23797,3,4235466211,2502412,0
4.2405,2,4237996217,2502412,0
4.24561,4,4243110229,2502412,0
4.24815,2,4245649235,2502412,0
4.25068,3,4248179241,2502412,0
4.25322,4,4250718247,2502412,0
4.25575,2,4253248253,2502412,0
4.26081,4,4258308265,2502412,0
4.26335,2,4260847271,2502412,0
4.26591,4,4263404277,2502412,0
4.26845,3,4265943283,2502412,0
4.2686,1,4268527289,73000,1
4.26867,4,4268598289,73000,1
4.26867,2,4268598289,73000,1
4.27123,3,4268732289,2502412,0
4.27376,1,4271262295,2502412,0
4.27632,3,4273819301,2502412,0
4.28169,1,4279191719,2502412,0
4.28423,3,4281730725,2502412,0
4.28677,4,4284269731,2502412,0
4.2893,2,4286799737,2502412,0
4.29185,4,4289347743,2502412,0
4.292,1,4291922749,73000,1
4.29208,2,4292011749,73000,1
4.29208,3,4292011749,73000,1
4.29461,4,4292109749,2502412,0
4.29719,2,4294684755,2502412,0
4.29973,2,4297223167,2502412,0
4.30479,4,4302283179,2502412,0
4.30735,2,4304849185,2502412,0
4.31024,1,4307737191,2502412,0
4.31277,4,4310267197,2502412,0
4.3153,3,4312797203,2502412,0
4.31798,1,4317911215,73000,1
4.31798,2,4317911215,73000,1
4.31806,3,4317991215,73000,1
4.31806,2,4317991215,73000,1
4.3206,4,4318098215,2502412,0
4.32071,3,4320637221,73000,1
4.32321,1,4320708221,2502412,0
4.32332,1,4323246633,73000,1
4.32332,2,4323247227,73000,1
4.32332,3,4323247227,73000,1
4.32585,2,4323345227,2502412,0
4.32599,4,4325920233,73000,1
4.32852,1,4326018233,2502412,0
4.33105,2,4328548239,2502412,0
4.33359,2,4331086651,2502412,0
4.33615,4,4333643657,2502412,0
4.34126,1,4338757669,2502412,0
4.34379,2,4341287675,2502412,0
4.34635,4,4343844681,2502412,0
4.34889,2,4346383687,2502412,0
4.35396,4,4351452699,2502412,0
4.3565,1,4354000705,2502412,0
4.35903,2,4356530711,2502412,0
4.35915,1,4359078717,73000,1
4.35915,3,4359078717,73000,1
4.36166,2,4359158717,2502412,0
4.36421,4,4361706723,2502412,0
4.36932,3,4366820735,2502412,0
4.36943,3,4369359147,73000,1
4.36943,2,4369359741,73000,1
4.37196,2,4369457741,2502412,0
4.37449,3,4371987747,2502412,0
4.37459,4,4374517753,73000,1
4.37459,1,4374517753,73000,1
4.37709,4,4374590753,2502412,0
4.37963,3,4377129759,2502412,0
4.38005,4,4379972171,73000,1
4.38255,2,4380043171,2502412,0
4.38508,3,4382573177,2502412,0
4.38761,4,4385103183,2502412,0
4.39014,4,4387641595,2502412,0
4.39028,3,4390207601,73000,1
4.39028,2,4390207601,73000,1
4.39042,4,4390350601,73000,1
4.39052,3,4390448601,73000,1
4.39052,1,4390448601,73000,1
4.39307,2,4390564601,2502412,0
4.3956,1,4393094607,2502412,0
4.40072,2,4398217619,2502412,0
4.4033,4,4400792625,2502412,0
4.4034,2,4403322631,73000,1
4.4034,1,4403322631,73000,1
4.4059,1,4403395631,2502412,0
4.41096,4,4408455643,2502412,0
4.41387,4,4411370649,2502412,0
4.41401,1,4413936655,73000,1
4.41656,2,4414052655,2502412,0
4.41909,4,4416582661,2502412,0
4.42164,3,4419139667,2502412,0
4.42174,1,4421669673,73000,1
4.42425,2,4421749673,2502412,0
4.42685,4,4424342679,2502412,0
4.42937,4,4426872091,2502412,0
4.42948,2,4429411097,73000,1
4.42956,3,4429482097,73000,1
4.42967,4,4429600097,73000,1
4.43477,4,4432266103,2502412,0
4.4373,2,4434796109,2502412,0
4.44239,2,4439883121,2502412,0
4.44495,3,4442449127,2502412,0
4.4475,2,4444997133,2502412,0
4.44761,3,4447536139,73000,1
4.44761,4,4447536139,73000,1
4.45023,1,4450155145,73000,1
4.45023,3,4450155145,73000,1
4.45278,2,4450280145,2502412,0
4.45533,2,4452827557,2502412,0
4.45786,4,4455357563,2502412,0
4.46294,2,4460435575,2502412,0
4.46547,4,4462965581,2502412,0
4.46805,4,4465548993,2502412,0
4.4706,2,4468096999,2502412,0
4.47571,2,4473211011,2502412,0
4.47824,4,4475741017,2502412,0
4.4808,2,4478298023,2502412,0
4.48621,4,4483706441,2502412,0
4.48876,2,4486254447,2502412,0
4.4913,4,4488793453,2502412,0
4.49141,4,4491340865,73000,1
4.49141,1,4491341459,73000,1
4.49141,3,4491341459,73000,1
4.49646,2,4493960465,2502412,0
4.49906,2,4496552877,2502412,0
4.50161,2,4499109289,2502412,0
4.50675,4,4504250301,2502412,0
4.51183,2,4509328313,2502412,0
4.51232,4,4512243319,73000,1
4.51485,2,4512350319,2502412,0
4.51499,2,4514915731,73000,1
4.51513,3,4515059325,73000,1
4.51513,4,4515059325,73000,1
4.52017,4,4517669331,2502412,0
4.5227,2,4520199337,2502412,0
4.52785,4,4525349349,2502412,0
4.52798,4,4527905761,73000,1
4.52798,2,4527906355,73000,1
4.53304,2,4530534361,2502412,0
4.53818,2,4535675373,2502412,0
4.53835,2,4538276785,73000,1
4.53835,4,4538277379,73000,1
4.5385,2,4538429379,73000,1
4.54622,4,4543721797,2502412,0
4.55135,4,4548844809,2502412,0
4.55389,4,4551392221,2502412,0
4.55402,2,4553949227,73000,1
4.55652,4,4554020227,2502412,0
4.55908,4,4556576639,2502412,0
4.56165,4,4559151051,2502412,0
4.56675,4,4564247063,2502412,0
4.5719,4,4569397075,2502412,0
4.57702,4,4574520087,2502412,0
4.58215,4,4579643099,2502412,0
4.58759,3,4585088111,2502412,0
4.59016,4,4587654117,2502412,0
4.59523,3,4592732129,2502412,0
4.59784,4,4595334135,2502412,0
4.60292,3,4600421147,2502412,0
4.6031,4,4603023153,73000,1
4.60565,3,4603148153,2502412,0
4.60818,4,4605678159,2502412,0
4.60829,1,4608217165,73000,1
4.60829,2,4608217165,73000,1
4.61081,3,4608306165,2502412,0
4.61339,3,4610889577,2502412,0
4.61592,4,4613419583,2502412,0
4.62132,3,4618819595,2502412,0
4.62388,4,4621376601,2502412,0
4.62644,4,4623933013,2502412,0
4.6315,3,4629002025,2502412,0
4.63405,3,4631549437,2502412,0
4.6366,4,4634097443,2502412,0
4.6417,3,4639193455,2502412,0
4.64423,3,4641731867,2502412,0
4.64683,4,4644324873,2502412,0
4.64936,4,4646854285,2502412,0
4.65443,4,4651932297,2502412,0
4.65697,3,4654471303,2502412,0
4.65952,3,4657018715,2502412,0
4.66464,4,4662132727,2502412,0
4.66717,3,4664671733,2502412,0
4.66972,3,4667219145,2502412,0
4.67226,4,4669758151,2502412,0
4.67737,3,4674872163,2502412,0
4.6799,4,4677402169,2502412,0
4.68247,4,4679967581,2502412,0
4.685,3,4682497587,2502412,0
4.69047,4,4687969599,2502412,0
4.69301,3,4690508605,2502412,0
4.69812,3,4695613617,2502412,0
4.69823,3,4698161029,73000,1
4.69823,4,4698161623,73000,1
4.70074,3,4698234029,2502412,0
4.70327,3,4700763441,2502412,0
4.7084,3,4705895453,2502412,0
4.71094,3,4708433865,2502412,0
4.71347,3,4710963277,2502412,0
4.7186,3,4716095289,2502412,0
4.72147,3,4718965295,2502412,0
4.724,4,4721495301,2502412,0
4.72654,4,4724033713,2502412,0
4.73168,3,4729174725,2502412,0
4.73421,4,4731704731,2502412,0
4.73675,4,4734243143,2502412,0
4.74183,3,4739330155,2502412,0
4.74436,4,4741860161,2502412,0
4.74951,3,4747010173,2502412,0
4.75204,3,4749539585,2502412,0
4.75457,3,4752068997,2502412,0
4.75711,4,4754608003,2502412,0
4.75967,3,4757165009,2502412,0
4.76479,4,4762288021,2502412,0
4.76735,3,4764845027,2502412,0
4.76988,4,4767375033,2502412,0
4.77503,3,4772525045,2502412,0
4.77758,2,4775073051,2502412,0
4.78011,4,4777603057,2502412,0
4.78522,3,4782717069,2502412,0
4.78775,4,4785247075,2502412,0
4.79063,2,4788125487,2502412,0
4.79571,4,4793203499,2502412,0
4.79824,2,4795742505,2502412,0
4.80077,3,4798272511,2502412,0
4.80331,3,4800810923,2502412,0
4.80345,4,4803376929,73000,1
4.80598,4,4803474929,2502412,0
4.80852,2,4806013935,2502412,0
4.81106,4,4808552941,2502412,0
4.8136,3,4811100947,2502412,0
4.81373,3,4813657359,73000,1
4.81623,4,4813728953,2502412,0
4.81881,2,4816303959,2502412,0
4.82136,4,4818860965,2502412,0
4.82422,3,4821721971,2502412,0
4.8293,2,4826799983,2502412,0
4.82943,2,4829356395,73000,1
4.82943,3,4829356989,73000,1
4.82943,4,4829356989,73000,1
4.83455,4,4832047995,2502412,0
4.83708,3,4834578001,2502412,0
4.83965,2,4837144007,2502412,0
4.84473,2,4842231019,2502412,0
4.84728,4,4844779025,2502412,0
4.84981,3,4847309031,2502412,0
4.84991,3,4849838443,73000,1
4.84991,4,4849839037,73000,1
4.85499,2,4852485043,2502412,0
4.85752,2,4855014455,2502412,0
4.86011,4,4857607461,2502412,0
4.86279,2,4862721473,73000,1
4.86279,1,4862721473,73000,1
4.8653,4,4862801473,2502412,0
4.86788,3,4865376479,2502412,0
4.87294,3,4870436491,2502412,0
4.87553,4,4873029497,2502412,0
4.87566,3,4875586503,73000,1
4.87818,4,4875675503,2502412,0
4.88076,2,4878259509,2502412,0
4.88587,4,4883364521,2502412,0
4.88844,2,4885939527,2502412,0
4.89383,4,4891330539,2502412,0
4.89636,4,4893859951,2502412,0
4.89889,3,4896389957,2502412,0
4.90144,4,4898937963,2502412,0
4.90654,2,4904033975,2502412,0
4.90908,3,4906572981,2502412,0
4.9116,3,4909102393,2502412,0
4.91415,2,4911650399,2502412,0
4.91669,4,4914189405,2502412,0
4.91683,2,4916755411,73000,1
4.91936,4,4916853411,2502412,0
4.92189,3,4919392417,2502412,0
4.92475,3,4922244423,2502412,0
4.92728,4,4924774429,2502412,0
4.92982,3,4927322435,2502412,0
4.93236,3,4929860847,2502412,0
4.93747,4,4934965859,2502412,0
4.94001,4,4937504271,2502412,0
4.94013,3,4940061277,73000,1
4.94013,2,4940061277,73000,1
4.94265,2,4940150277,2502412,0
4.94774,2,4945237289,2502412,0
4.95027,4,4947767295,2502412,0
4.95281,4,4950305707,2502412,0
4.9554,4,4952898119,2502412,0
4.96049,2,4957985131,2502412,0
4.96302,4,4960515137,2502412,0
4.96557,2,4963063143,2502412,0
4.96812,3,4965620149,2502412,0
4.97065,4,4968150155,2502412,0
4.97318,2,4970680161,2502412,0
4.97571,2,4973209573,2502412,0
4.98083,3,4978332585,2502412,0
4.98337,4,4980871591,2502412,0
4.98592,4,4983419003,2502412,0
4.98846,2,4985958009,2502412,0
4.99358,3,4991081021,2502412,0
4.99645,4,4993950433,2502412,0
4.99899,2,4996489439,2502412,0
5.00152,2,4999018851,2502412,0
5.00162,2,5001548263,73000,1
5.00162,4,5001548857,73000,1
5.0075,3,5004998887,2502412,0
5.01003,2,5007528893,2502412,0
5.01256,3,5010058899,2502412,0
5.01515,3,5012651311,2502412,0
5.01771,4,5015208317,2502412,0
5.02024,2,5017738323,2502412,0
5.02532,3,5022816335,2502412,0
5.02816,2,5025659341,2502412,0
5.03073,4,5028225347,2502412,0
5.03328,3,5030773353,2502412,0
5.03581,2,5033312359,2502412,0
5.03835,4,5035851365,2502412,0
5.03846,3,5038390371,73000,1
5.04097,2,5038470371,2502412,0
5.04355,4,5041045377,2502412,0
5.04608,4,5043574789,2502412,0
5.04861,2,5046104795,2502412,0
5.05115,4,5048643801,2502412,0
5.05659,2,5054090819,2502412,0
5.05913,4,5056629825,2502412,0
5.06166,2,5059159831,2502412,0
5.06419,2,5061689243,2502412,0
5.06672,3,5064219249,2502412,0
5.06928,3,5066775661,2502412,0
5.07437,4,5071871673,2502412,0
5.07691,2,5074410679,2502412,0
5.07944,2,5076940091,2502412,0
5.07957,2,5079496503,73000,1
5.07957,3,5079497097,73000,1
5.08207,4,5079568097,2502412,0
5.08465,2,5082152103,2502412,0
5.08972,3,5087221115,2502412,0
5.09226,4,5089760121,2502412,0
5.09486,2,5092362127,2502412,0
5.09528,2,5095204539,73000,1
5.09528,3,5095204539,73000,1
5.0978,4,5095293539,2502412,0
5.10322,4,5100722557,2502412,0
5.10579,3,5103288563,2502412,0
5.11087,4,5108366575,2502412,0
5.11348,2,5110977581,2502412,0
5.11601,3,5113507587,2502412,0
5.11611,4,5116037593,73000,1
5.11868,3,5116180593,2502412,0
5.12123,2,5118728599,2502412,0
5.12633,4,5123824611,2502412,0
5.12917,2,5126667617,2502412,0
5.1317,2,5129197029,2502412,0
5.13423,3,5131727035,2502412,0
5.13677,4,5134266041,2502412,0
5.14184,2,5139335053,2502412,0
5.14437,3,5141865059,2502412,0
5.14694,3,5144439471,2502412,0
5.14948,3,5146977883,2502412,0
5.15202,4,5149516889,2502412,0
5.15486,4,5152361901,2502412,0
5.15993,2,5157430913,2502412,0
5.16007,4,5159996919,73000,1
5.16007,3,5159996919,73000,1
5.16261,3,5160103919,2502412,0
5.16516,2,5162660925,2502412,0
5.17031,3,5167810937,2502412,0
5.17286,2,5170358943,2502412,0
5.17796,4,5175454955,2502412,0
5.1805,4,5177993367,2502412,0
5.18303,4,5180522779,2502412,0
5.18555,4,5183052191,2502412,0
5.18808,3,5185582197,2502412,0
5.19062,3,5188120609,2502412,0
5.19315,4,5190650615,2502412,0
5.19568,3,5193180621,2502412,0
5.19578,2,5195710627,73000,1
5.19839,4,5195889627,2502412,0
5.20124,3,5198741039,2502412,0
5.20168,3,5201604051,73000,1
5.20168,4,5201604051,73000,1
5.20176,2,5201684051,73000,1
5.20431,4,5201809051,2502412,0
5.2069,3,5204393057,2502412,0
5.207,4,5206923063,73000,1
5.21211,3,5209605069,2502412,0
5.21224,4,5212171075,73000,1
5.21475,3,5212251075,2502412,0
5.21731,3,5214807487,2502412,0
5.22242,3,5219921499,2502412,0
5.22496,3,5222459911,2502412,0
5.22749,4,5224989917,2502412,0
5.2329,4,5230398335,2502412,0
5.23548,2,5232973341,2502412,0
5.23801,4,5235512347,2502412,0
5.24054,3,5238042353,2502412,0
5.24307,4,5240572359,2502412,0
5.24814,2,5245641371,2502412,0
5.24827,2,5248197783,73000,1
5.24827,3,5248198377,73000,1
5.25083,3,5248323377,2502412,0
5.25093,4,5250853383,73000,1
5.2511,3,5251022383,73000,1
5.2511,2,5251022383,73000,1
5.25158,4,5251507389,73000,1
5.25412,3,5251614389,2502412,0
5.25665,3,5254143801,2502412,0
5.26183,3,5259329813,2502412,0
5.26691,3,5264407825,2502412,0
5.26944,4,5266937831,2502412,0
5.27201,4,5269503243,2502412,0
5.27211,4,5272041655,73000,1
5.27465,2,5272149249,2502412,0
5.27476,2,5274687661,73000,1
5.27476,3,5274688255,73000,1
5.27728,4,5274777255,2502412,0
5.28239,4,5279891267,2502412,0
5.28256,4,5282483679,73000,1
5.28266,2,5282582273,73000,1
5.28266,3,5282582273,73000,1
5.28777,4,5285264279,2502412,0
5.29031,4,5287802691,2502412,0
5.29801,4,5295509115,2502412,0
5.30058,4,5298074527,2502412,0
5.30131,2,5301240945,73000,1
5.30388,4,5301374945,2502412,0
5.30899,3,5306488957,2502412,0
5.30913,3,5309054369,73000,1
5.30913,1,5309054963,73000,1
5.31417,4,5311664969,2502412,0
5.31436,4,5314284381,73000,1
5.31686,4,5314357381,2502412,0
5.31939,3,5316887387,2502412,0
5.31952,3,5319443799,73000,1
5.31952,4,5319444393,73000,1
5.3246,3,5322099399,2502412,0
5.32974,3,5327240411,2502412,0
5.3352,3,5332693829,2502412,0
5.33773,4,5335223835,2502412,0
5.34287,4,5340364847,2502412,0
5.34541,3,5342903853,2502412,0
5.35052,4,5348017865,2502412,0
5.35339,3,5350889877,2502412,0
5.35352,2,5353446883,73000,1
5.3536,3,5353526883,73000,1
5.3536,4,5353526883,73000,1
5.35877,4,5356271889,2502412,0
5.36385,3,5361349901,2502412,0
5.36644,3,5363942313,2502412,0
5.36655,4,5366472319,73000,1
5.36905,3,5366552319,2502412,0
5.3742,3,5371693331,2502412,0
5.37437,3,5374294743,73000,1
5.3769,4,5374393337,2502412,0
5.37964,4,5379570349,73000,1
5.37964,3,5379570349,73000,1
5.3925,3,5389993591,2502412,0
5.39503,4,5392523597,2502412,0
5.40014,4,5397637609,2502412,0
5.40299,3,5400482621,2502412,0
5.40586,3,5403361033,2502412,0
5.41099,4,5408484045,2502412,0
5.41353,3,5411032051,2502412,0
5.41608,4,5413580057,2502412,0
5.42117,4,5418667069,2502412,0
5.42129,4,5421214481,73000,1
5.42129,3,5421215075,73000,1
5.42642,4,5423915081,2502412,0
5.42897,3,5426472087,2502412,0
5.43151,2,5429011093,2502412,0
5.43161,2,5431540505,73000,1
5.43414,2,5431639099,2502412,0
5.43457,3,5434500105,73000,1
5.43457,4,5434500105,73000,1
5.43709,2,5434589105,2502412,0
5.43975,2,5439676117,73000,1
5.43975,3,5439676117,73000,1
5.44232,4,5439819117,2502412,0
5.44746,3,5444960129,2502412,0
5.44999,4,5447490135,2502412,0
5.45283,3,5450326147,2502412,0
5.4579,2,5455395159,2502412,0
5.46043,3,5457925165,2502412,0
5.46297,4,5460464171,2502412,0
5.46553,4,5463029583,2502412,0
5.46565,3,5465577589,73000,1
5.46573,4,5465657589,73000,1
5.46573,2,5465657589,73000,1
5.46828,1,5465773589,2502412,0
5.47081,3,5468303595,2502412,0
5.47334,3,5470833007,2502412,0
5.47587,2,5473363013,2502412,0
5.47841,2,5475910425,2502412,0
5.47851,3,5478440431,73000,1
5.48104,2,5478538431,2502412,0
5.48357,1,5481068437,2502412,0
5.4861,2,5483598443,2502412,0
5.48863,4,5486128449,2502412,0
5.49117,4,5488666861,2502412,0
5.4937,3,5491196867,2502412,0
5.49639,2,5496319879,73000,1
5.49639,1,5496319879,73000,1
5.49889,4,5496390879,2502412,0
5.50143,3,5498929885,2502412,0
5.50186,3,5501783897,73000,1
5.50186,4,5501783897,73000,1
5.50202,1,5501944897,73000,1
5.5046,2,5502096897,2502412,0
5.50505,2,5504975309,73000,1
5.50505,4,5504975309,73000,1
5.50756,3,5505055309,2502412,0
5.51272,3,5510214321,2502412,0
5.51788,3,5515373333,2502412,0
5.52294,1,5520442345,2502412,0
5.52547,2,5522972351,2502412,0
5.52805,1,5525547357,2502412,0
5.53313,3,5530625369,2502412,0
5.53324,1,5533164375,73000,1
5.53324,2,5533164375,73000,1
5.53577,4,5533271375,2502412,0
5.54118,2,5538678009,2502412,0
5.54373,3,5541226015,2502412,0
5.5463,3,5543800427,2502412,0
5.54641,2,5546339433,73000,1
5.54641,4,5546339433,73000,1
5.5465,1,5546428433,73000,1
5.54902,3,5546517433,2502412,0
5.55162,3,5549118845,2502412,0
5.5571,4,5554592863,2502412,0
5.5572,3,5557122869,73000,1
5.5597,1,5557193869,2502412,0
5.5598,1,5559723281,73000,1
5.5598,2,5559723875,73000,1
5.56233,1,5559830875,2502412,0
5.56245,4,5562378881,73000,1
5.56254,3,5562467881,73000,1
5.56254,4,5562467881,73000,1
5.56505,2,5562547881,2502412,0
5.56758,1,5565077887,2502412,0
5.56771,3,5567634893,73000,1
5.56771,4,5567634893,73000,1
5.57276,2,5570253899,2502412,0
5.57529,1,5572783905,2502412,0
5.57549,1,5575421317,73000,1
5.57549,2,5575421911,73000,1
5.578,1,5575501911,2502412,0
5.58055,2,5578049917,2502412,0
5.58308,1,5580579923,2502412,0
5.5832,1,5583127335,73000,1
5.5832,2,5583127929,73000,1
5.58828,1,5585773935,2502412,0
5.591,1,5590923947,73000,1
5.591,3,5590923947,73000,1
5.5961,2,5593596953,2502412,0
5.59883,2,5598755965,73000,1
5.59883,1,5598755965,73000,1
5.60133,3,5598826965,2502412,0
5.60673,3,5604228983,2502412,0
5.6093,4,5606794989,2502412,0
5.61473,3,5612230407,2502412,0
5.61484,4,5614769413,73000,1
5.61484,2,5614769413,73000,1
5.61484,1,5614769413,73000,1
5.61738,4,5614876413,2502412,0
5.62247,3,5619972425,2502412,0
5.62501,4,5622511431,2502412,0
5.62758,4,5625076843,2502412,0
5.6277,3,5627624849,73000,1
5.63021,3,5627704849,2502412,0
5.63277,4,5630270855,2502412,0
5.63532,4,5632818267,2502412,0
5.63786,3,5635357273,2502412,0
5.64323,3,5640729691,2502412,0
5.64577,2,5643268697,2502412,0
5.64832,4,5645816703,2502412,0
5.65087,2,5648364709,2502412,0
5.65628,3,5653775727,2502412,0
5.65882,4,5656314733,2502412,0
5.66135,4,5658844145,2502412,0
5.66389,2,5661392151,2502412,0
5.66642,4,5663922157,2502412,0
5.66895,2,5666452163,2502412,0
5.67151,3,5669009169,2502412,0
5.67162,4,5671548175,73000,1
5.67412,4,5671621175,2502412,0
5.67424,4,5674168587,73000,1
5.67424,2,5674169181,73000,1
5.67675,4,5674249181,2502412,0
5.67932,4,5676814593,2502412,0
5.68187,3,5679362599,2502412,0
5.68439,3,5681892011,2502412,0
5.6895,4,5686997023,2502412,0
5.68963,4,5689553435,73000,1
5.68963,3,5689554029,73000,1
5.69215,2,5689652029,2502412,0
5.69728,2,5694775041,2502412,0
5.69984,2,5697340453,2502412,0
5.70237,2,5699869865,2502412,0
5.70521,4,5702705877,2502412,0
5.70776,4,5705253289,2502412,0
5.71314,2,5710635301,2502412,0
5.71569,3,5713183307,2502412,0
5.71824,2,5715740313,2502412,0
5.72079,3,5718288319,2502412,0
5.72332,4,5720818325,2502412,0
5.72585,1,5723348331,2502412,0
5.72596,3,5725887337,73000,1
5.72849,1,5725985337,2502412,0
5.73105,2,5728551343,2502412,0
5.73359,3,5731090349,2502412,0
5.73612,1,5733620355,2502412,0
5.73865,4,5736150361,2502412,0
5.74118,4,5738679773,2502412,0
5.74403,4,5741531779,2502412,0
5.74656,2,5744061785,2502412,0
5.75163,4,5749130797,2502412,0
5.75448,1,5751975809,2502412,0
5.75461,1,5754532221,73000,1
5.75461,4,5754532815,73000,1
5.75461,2,5754532815,73000,1
5.75711,3,5754603815,2502412,0
5.75967,1,5757169821,2502412,0
5.76479,1,5762283833,2502412,0
5.76733,3,5764831839,2502412,0
5.76991,1,5767406845,2502412,0
5.77245,1,5769945257,2502412,0
5.77498,4,5772475263,2502412,0
5.77752,3,5775014269,2502412,0
5.77764,1,5777562275,73000,1
5.78014,2,5777633275,2502412,0
5.78268,3,5780181281,2502412,0
5.78523,4,5782729287,2502412,0
5.78779,3,5785286293,2502412,0
5.7879,3,5787824705,73000,1
5.7879,2,5787825299,73000,1
5.793,4,5790498305,2502412,0
5.79311,4,5793036717,73000,1
5.79311,1,5793037311,73000,1
5.79826,3,5795755317,2502412,0
5.80082,2,5798321323,2502412,0
5.80345,2,5803381335,73000,1
5.80389,3,5803821341,73000,1
5.80389,4,5803821341,73000,1
5.80899,1,5806485347,2502412,0
5.81155,3,5809051353,2502412,0
5.81694,2,5814433365,2502412,0
5.81708,1,5817008371,73000,1
5.81708,4,5817008371,73000,1
5.81973,3,5819654377,73000,1
5.81973,1,5819654377,73000,1
5.82223,2,5819725377,2502412,0
5.82478,4,5822273383,2502412,0
5.82731,2,5824812389,2502412,0
5.82984,4,5827342395,2502412,0
5.83238,4,5829880807,2502412,0
5.83504,4,5834967819,73000,1
5.83504,2,5834967819,73000,1
5.83757,3,5835065819,2502412,0
5.84012,1,5837613825,2502412,0
5.84027,4,5840197831,73000,1
5.84038,1,5840304831,73000,1
5.84038,3,5840304831,73000,1
5.8429,2,5840393831,2502412,0
5.84303,1,5842959837,73000,1
5.84586,2,5843361843,2502412,0
5.85103,2,5848529855,2502412,0
5.85388,3,5851374867,2502412,0
5.85641,1,5853904873,2502412,0
5.86149,3,5858991885,2502412,0
5.86405,2,5861548891,2502412,0
5.86419,1,5864114897,73000,1
5.86419,4,5864114897,73000,1
5.86428,3,5864203897,73000,1
5.86678,2,5864274897,2502412,0
5.86937,2,5866867309,2502412,0
5.87191,2,5869405721,2502412,0
5.87202,1,5871944727,73000,1
5.87459,2,5872087727,2502412,0
5.87714,3,5874635733,2502412,0
5.87979,3,5879713745,73000,1
5.87979,2,5879713745,73000,1
5.88233,4,5879829745,2502412,0
5.88486,4,5882359157,2502412,0
5.88497,2,5884898163,73000,1
5.88752,2,5885014163,2502412,0
5.89006,3,5887562169,2502412,0
5.8926,4,5890101175,2502412,0
5.89513,4,5892630587,2502412,0
5.90021,3,5897708599,2502412,0
5.90275,4,5900247605,2502412,0
5.9056,2,5903092617,2502412,0
5.90814,2,5905640029,2502412,0
5.91069,3,5908188035,2502412,0
5.91322,1,5910718041,2502412,0
5.91859,2,5916091053,2502412,0
5.92113,2,5918629465,2502412,0
5.92367,4,5921168471,2502412,0
5.92621,1,5923707477,2502412,0
5.92875,3,5926246483,2502412,0
5.92887,1,5928794489,73000,1
5.92887,4,5928794489,73000,1
5.93137,2,5928865489,2502412,0
5.9315,3,5931431495,73000,1
5.93402,1,5931520495,2502412,0
5.93659,2,5934086501,2502412,0
5.93912,1,5936616507,2502412,0
5.93922,1,5939145919,73000,1
5.93922,4,5939146513,73000,1
5.94178,2,5939280513,2502412,0
5.94684,3,5944340525,2502412,0
5.9497,3,5947201531,2502412,0
5.95229,2,5949785537,2502412,0
5.95482,4,5952315543,2502412,0
5.95767,3,5955169555,2502412,0
5.96273,3,5960229567,2502412,0
5.96286,3,5962785979,73000,1
5.96286,2,5962786573,73000,1
5.96537,1,5962866573,2502412,0
5.9655,4,5965423579,73000,1
5.9655,3,5965423579,73000,1
5.96818,4,5968105585,73000,1
5.96818,1,5968105585,73000,1
5.97069,2,5968185585,2502412,0
5.9758,2,5973299597,2502412,0
5.97839,2,5975883009,2502412,0
5.98092,1,5978413015,2502412,0
5.98606,2,5983554027,2502412,0
5.9886,1,5986102033,2502412,0
5.99368,2,5991180045,2502412,0
5.99624,1,5993737051,2502412,0
5.99893,1,5998860063,73000,1
5.99893,2,5998860063,73000,1
6.00145,3,5998949063,2502412,0
6.00155,3,6001478475,73000,1
6.00694,4,6004440081,2502412,0
6.00952,2,6007015087,2502412,0
6.01207,4,6009563093,2502412,0
6.01714,3,6014641105,2502412,0
6.02,2,6017501517,2502412,0
6.02255,1,6020049523,2502412,0
6.0251,4,6022597529,2502412,0
6.02763,3,6025127535,2502412,0
6.03272,2,6030214547,2502412,0
6.03528,3,6032780553,2502412,0
6.03538,3,6035309965,73000,1
6.03538,4,6035310559,73000,1
6.03788,1,6035381559,2502412,0
6.04041,4,6037911565,2502412,0
6.04294,2,6040441571,2502412,0
6.04304,2,6042970983,73000,1
6.04304,1,6042971577,73000,1
6.04813,4,6045626583,2502412,0
6.05098,3,6048478589,2502412,0
6.05382,4,6051314601,2502412,0
6.05639,4,6053889013,2502412,0
6.0615,4,6058994025,2502412,0
6.0616,3,6061524031,73000,1
6.0616,2,6061524031,73000,1
6.06412,4,6061613031,2502412,0
6.06667,1,6064170037,2502412,0
6.06681,4,6066736043,73000,1
6.06932,1,6066816043,2502412,0
6.07185,1,6069345455,2502412,0
6.07443,1,6071928867,2502412,0
6.07698,1,6074476279,2502412,0
6.07951,3,6077006285,2502412,0
6.08457,3,6082066297,2502412,0
6.08713,1,6084623303,2502412,0
6.08966,4,6087162309,2502412,0
6.09219,4,6089691721,2502412,0
6.09472,3,6092221727,2502412,0
6.09728,2,6094778733,2502412,0
6.09981,1,6097308739,2502412,0
6.10278,1,6102710757,73000,1
6.10278,3,6102710757,73000,1
6.10278,4,6102710757,73000,1
6.10529,4,6102790757,2502412,0
6.10782,2,6105320763,2502412,0
6.11036,2,6107859175,2502412,0
6.11291,1,6110407181,2502412,0
6.11544,1,6112936593,2502412,0
6.11801,4,6115502599,2502412,0
6.11811,1,6118032605,73000,1
6.1182,4,6118130605,73000,1
6.1182,2,6118130605,73000,1
6.12072,3,6118219605,2502412,0
6.12359,4,6121089017,2502412,0
6.12617,4,6123672429,2502412,0
6.12629,1,6126220435,73000,1
6.1288,3,6126300435,2502412,0
6.13134,4,6128839441,2502412,0
6.13389,4,6131386853,2502412,0
6.13645,4,6133943265,2502412,0
6.13657,3,6136500271,73000,1
6.13657,2,6136500271,73000,1
6.14162,3,6139119277,2502412,0
6.14416,3,6141657689,2502412,0
6.14671,4,6144205695,2502412,0
6.14927,4,6146771107,2502412,0
6.15468,3,6152179525,2502412,0
6.15754,3,6155033537,2502412,0
6.16011,4,6157608543,2502412,0
6.1652,3,6162695555,2502412,0
6.16774,4,6165234561,2502412,0
6.1703,4,6167799973,2502412,0
6.17284,1,6170338979,2502412,0
6.17296,1,6172886391,73000,1
6.17296,4,6172886985,73000,1
6.17304,3,6172966985,73000,1
6.17304,1,6172966985,73000,1
6.17555,2,6173046985,2502412,0
6.17565,4,6175576991,73000,1
6.17565,3,6175576991,73000,1
6.18077,2,6178267997,2502412,0
6.18334,2,6180842409,2502412,0
6.18589,4,6183390415,2502412,0
6.18842,1,6185920421,2502412,0
6.19348,1,6190980433,2502412,0
6.19601,2,6193510439,2502412,0
6.19861,2,6196111851,2502412,0
6.20115,2,6198650263,2502412,0
6.20125,2,6201179675,73000,1
6.20125,4,6201180269,73000,1
6.20659,1,6204087281,2502412,0
6.20916,4,6206653287,2502412,0
6.21172,1,6209219293,2502412,0
6.21427,3,6211767299,2502412,0
6.21438,3,6214305711,73000,1
6.2145,1,6214422305,73000,1
6.2145,4,6214422305,73000,1
6.217,4,6214495305,2502412,0
6.21954,3,6217034311,2502412,0
6.21967,2,6219600317,73000,1
6.21967,1,6219600317,73000,1
6.22506,3,6222559323,2502412,0
6.2276,4,6225098329,2502412,0
6.23013,1,6227628335,2502412,0
6.23267,3,6230167341,2502412,0
6.23776,4,6235254353,2502412,0
6.23786,3,6237784359,73000,1
6.23786,1,6237784359,73000,1
6.24036,4,6237855359,2502412,0
6.24294,3,6240439365,2502412,0
6.24804,4,6245535377,2502412,0
6.25059,3,6248092383,2502412,0
6.25348,2,6250982395,2502412,0
6.25633,4,6253825401,2502412,0
6.25643,2,6256355407,73000,1
6.25643,1,6256355407,73000,1
6.26147,3,6258965413,2502412,0
6.26408,4,6261576419,2502412,0
6.26662,3,6264115425,2502412,0
6.26916,4,6266654431,2502412,0
6.27424,3,6271741443,2502412,0
6.27436,4,6274289449,73000,1
6.27436,2,6274289449,73000,1
6.27693,3,6274423449,2502412,0
6.28199,2,6279483461,2502412,0
6.28459,2,6282084873,2502412,0
6.28712,3,6284614879,2502412,0
6.2922,4,6289692891,2502412,0
6.29474,2,6292240897,2502412,0
6.29484,4,6294770903,73000,1
6.29484,1,6294770903,73000,1
6.29492,2,6294850903,73000,1
6.29492,3,6294850903,73000,1
6.30011,2,6297604909,2502412,0
6.30021,4,6300134915,73000,1
6.30302,3,6300520921,2502412,0
6.30559,4,6303086927,2502412,0
6.30813,2,6305625933,2502412,0
6.31322,2,6310712945,2502412,0
6.31575,4,6313251951,2502412,0
6.31829,3,6315790957,2502412,0
6.32082,4,6318320963,2502412,0
6.32335,2,6320850969,2502412,0
6.32588,3,6323380975,2502412,0
6.33131,3,6328807393,2502412,0
6.33384,4,6331337399,2502412,0
6.33641,2,6333903405,2502412,0
6.33894,2,6336441817,2502412,0
6.34147,2,6338971229,2502412,0
6.34655,3,6344049241,2502412,0
6.3491,3,6346596653,2502412,0
6.3492,3,6349126065,73000,1
6.3492,4,6349126659,73000,1
6.35175,2,6349251659,2502412,0
6.35724,2,6354734677,2502412,0
6.36008,4,6357577683,2502412,0
6.36277,4,6362700695,73000,1
6.36277,3,6362700695,73000,1
6.36532,2,6362816695,2502412,0
6.37041,2,6367903707,2502412,0
6.37311,2,6373035719,73000,1
6.37311,3,6373035719,73000,1
6.37565,1,6373142719,2502412,0
6.38073,4,6378229731,2502412,0
6.38326,1,6380759737,2502412,0
6.38585,1,6383352149,2502412,0
6.39092,4,6388421161,2502412,0
6.39104,4,6390968573,73000,1
6.39104,2,6390969167,73000,1
6.39354,1,6391040167,2502412,0
6.39609,4,6393588173,2502412,0
6.39863,4,6396126585,2502412,0
6.40405,1,6401546603,2502412,0
6.40662,4,6404112609,2502412,0
6.40914,4,6406642021,2502412,0
6.41424,1,6411738033,2502412,0
6.41682,4,6414313039,2502412,0
6.41697,1,6416897045,73000,1
6.4171,4,6417022045,73000,1
6.4171,1,6417022045,73000,1
6.41976,3,6419686051,73000,1
6.41976,2,6419686051,73000,1
6.41976,4,6419686051,73000,1
6.42488,3,6422377057,2502412,0
6.42501,2,6424934063,73000,1
6.42757,3,6425068063,2502412,0
6.43557,3,6433068893,2502412,0
6.44069,1,6438191905,2502412,0
6.44326,3,6440757911,2502412,0
6.44835,4,6445844923,2502412,0
6.45088,1,6448374929,2502412,0
6.45371,1,6451210941,2502412,0
6.45628,4,6453776947,2502412,0
6.45881,4,6456306359,2502412,0
6.46176,4,6461688371,73000,1
6.46176,3,6461688371,73000,1
6.46431,2,6461804371,2502412,0
6.46684,1,6464334377,2502412,0
6.46938,2,6466882383,2502412,0
6.47191,4,6469412389,2502412,0
6.47446,3,6471960395,2502412,0
6.47456,1,6474490401,73000,1
6.4771,4,6474597401,2502412,0
6.47964,2,6477136407,2502412,0
6.4798,2,6479728819,73000,1
6.4798,4,6479729413,73000,1
6.4798,3,6479729413,73000,1
6.47989,1,6479818413,73000,1
6.48241,3,6479907413,2502412,0
6.48756,3,6485057425,2502412,0
6.4927,3,6490198437,2502412,0
6.49524,4,6492737443,2502412,0
6.49777,2,6495267449,2502412,0
6.50286,4,6500354461,2502412,0
6.50296,3,6502884467,73000,1
6.50582,1,6503317473,2502412,0
6.50836,2,6505856479,2502412,0
6.51089,3,6508386485,2502412,0
6.51595,4,6513446497,2502412,0
6.51848,1,6515976503,2502412,0
6.52104,2,6518533509,2502412,0
6.52359,4,6521090515,2502412,0
6.52616,3,6523656521,2502412,0
6.52869,1,6526186527,2502412,0
6.52911,3,6529037939,73000,1
6.53162,1,6529117939,2502412,0
6.53172,4,6531647945,73000,1
6.53172,2,6531647945,73000,1
6.53424,1,6531736945,2502412,0
6.53682,1,6534320357,2502412,0
6.53937,3,6536868363,2502412,0
6.54449,1,6541991375,2502412,0
6.54707,3,6544566381,2502412,0
6.54719,4,6547114387,73000,1
6.54719,2,6547114387,73000,1
6.54972,1,6547221387,2502412,0
6.55225,3,6549751393,2502412,0
6.55271,1,6552632405,73000,1
6.55523,3,6552730405,2502412,0
6.56037,1,6557871417,2502412,0
6.56323,3,6560732423,2502412,0
6.56837,1,6565864435,2502412,0
6.57092,3,6568421441,2502412,0
6.57604,3,6573535453,2502412,0
6.57617,1,6576092459,73000,1
6.57617,4,6576092459,73000,1
6.57878,3,6578711465,73000,1
6.57878,2,6578711465,73000,1
6.58134,3,6578836465,2502412,0
6.58643,1,6583932477,2502412,0
6.58901,3,6586507483,2502412,0
6.59411,1,6591603495,2502412,0
6.5967,3,6594196501,2502412,0
6.59923,3,6596725913,2502412,0
6.59933,2,6599255919,73000,1
6.60184,1,6599335919,2502412,0
6.60475,3,6602243931,2502412,0
6.60728,3,6604773343,2502412,0
6.61234,4,6609833355,2502412,0
6.61246,4,6612389767,73000,1
6.61246,1,6612390361,73000,1
6.61498,3,6612479361,2502412,0
6.61512,4,6615045367,73000,1
6.61765,3,6615143367,2502412,0
6.61782,1,6617745373,73000,1
6.62035,3,6617852373,2502412,0
6.62289,3,6620390785,2502412,0
6.62802,4,6625513797,2502412,0
6.63056,1,6628052803,2502412,0
6.6331,3,6630600809,2502412,0
6.63605,3,6635973227,73000,1
6.63605,1,6635973227,73000,1
6.63856,4,6636062227,2502412,0
6.64114,3,6638637233,2502412,0
6.64367,4,6641167239,2502412,0
6.64875,4,6646245251,2502412,0
6.65131,3,6648811257,2502412,0
6.65416,2,6651656269,2502412,0
6.65669,1,6654186275,2502412,0
6.65936,3,6659282287,73000,1
6.65936,4,6659282287,73000,1
6.6619,3,6659398287,2502412,0
6.66201,1,6661937293,73000,1
6.66201,2,6661937293,73000,1
6.66451,2,6662010293,2502412,0
6.66992,1,6667419305,2502412,0
6.67245,3,6669949311,2502412,0
6.675,1,6672497317,2502412,0
6.67755,2,6675045323,2502412,0
6.67767,2,6677592735,73000,1
6.67767,3,6677593329,73000,1
6.68018,4,6677682329,2502412,0
6.68524,1,6682742341,2502412,0
6.68777,1,6685271753,2502412,0
6.69041,4,6687909759,2502412,0
6.69053,1,6690457765,73000,1
6.69304,3,6690537765,2502412,0
6.69559,3,6693085177,2502412,0
6.69814,3,6695632589,2502412,0
6.70067,2,6698171595,2502412,0
6.7032,2,6700701007,2502412,0
6.70362,4,6703546019,73000,1
6.70613,2,6703626019,2502412,0
6.70867,4,6706165025,2502412,0
6.7112,3,6708695031,2502412,0
6.71377,3,6711269443,2502412,0
6.7163,1,6713799449,2502412,0
6.71887,4,6716365455,2502412,0
6.71897,2,6718895461,73000,1
6.72147,4,6718966461,2502412,0
6.724,4,6721495873,2502412,0
6.72909,3,6726582885,2502412,0
6.73162,1,6729112891,2502412,0
6.73417,4,6731669897,2502412,0
6.73702,2,6734521309,2502412,0
6.73718,4,6737105315,73000,1
6.73718,1,6737105315,73000,1
6.73718,3,6737105315,73000,1
6.73973,1,6737230315,2502412,0
6.74226,2,6739760321,2502412,0
6.74481,1,6742308327,2502412,0
6.74994,4,6747440339,2502412,0
6.75005,4,6749978751,73000,1
6.75005,1,6749979345,73000,1
6.75255,2,6750050345,2502412,0
6.7554,3,6752895357,2502412,0
6.76048,3,6757973369,2502412,0
6.76302,2,6760521375,2502412,0
6.76555,4,6763051381,2502412,0
6.76841,2,6765903387,2502412,0
6.76856,2,6768486799,73000,1
6.77106,3,6768558393,2502412,0
6.7736,4,6771097399,2502412,0
6.77617,3,6773663405,2502412,0
6.77872,1,6776220411,2502412,0
6.78125,1,6778749823,2502412,0
6.78634,4,6783836835,2502412,0
6.78887,3,6786366841,2502412,0
6.7914,2,6788896847,2502412,0
6.79395,3,6791444853,2502412,0
6.79649,1,6793983859,2502412,0
6.79904,2,6796540865,2502412,0
6.80443,4,6801924883,2502412,0
6.80454,4,6804463295,73000,1
6.80454,1,6804463889,73000,1
6.80705,3,6804543889,2502412,0
6.80959,2,6807082895,2502412,0
6.81231,2,6812232907,73000,1
6.81231,3,6812232907,73000,1
6.81231,4,6812232907,73000,1
6.81482,1,6812312907,2502412,0
6.81738,2,6814878913,2502412,0
6.82252,1,6820019925,2502412,0
6.82507,4,6822567931,2502412,0
6.8276,2,6825097937,2502412,0
6.83014,1,6827636943,2502412,0
6.83024,4,6830166949,73000,1
6.83024,3,6830166949,73000,1
6.83285,1,6832776955,73000,1
6.83285,4,6832776955,73000,1
6.83539,2,6832883955,2502412,0
6.83793,3,6835422961,2502412,0
6.84077,2,6838265373,2502412,0
6.84087,2,6840794785,73000,1
6.84087,3,6840795379,73000,1
6.84594,3,6843441385,2502412,0
6.84848,2,6845980391,2502412,0
6.85109,4,6848591397,2502412,0
6.85119,4,6851120809,73000,1
6.85119,1,6851121403,73000,1
6.85127,3,6851192403,73000,1
6.85388,2,6853802409,73000,1
6.85672,4,6854217415,2502412,0
6.85946,4,6859385427,73000,1
6.85946,2,6859385427,73000,1
6.86213,2,6862058433,73000,1
6.86213,3,6862058433,73000,1
6.86468,4,6862174433,2502412,0
6.86479,2,6864713439,73000,1
6.86735,4,6864847439,2502412,0
6.87021,3,6867708445,2502412,0
6.87527,4,6872768457,2502412,0
6.8778,3,6875298463,2502412,0
6.88034,4,6877837469,2502412,0
6.88288,1,6880376475,2502412,0
6.88542,4,6882915481,2502412,0
6.88797,1,6885463487,2502412,0
6.89303,1,6890532499,2502412,0
6.89559,3,6893089505,2502412,0
6.89812,3,6895618917,2502412,0
6.90065,4,6898148923,2502412,0
6.90353,4,6901029935,2502412,0
6.90608,1,6903577941,2502412,0
6.91115,1,6908646953,2502412,0
6.91126,4,6911185959,73000,1
6.91126,3,6911185959,73000,1
6.9138,1,6911292959,2502412,0
6.91633,4,6913822965,2502412,0
6.91887,1,6916370971,2502412,0
6.92141,4,6918909977,2502412,0
6.92653,4,6924023989,2502412,0
6.92906,4,6926553401,2502412,0
6.9316,3,6929101407,2502412,0
6.93414,1,6931640413,2502412,0
6.93426,1,6934187825,73000,1
6.93426,2,6934188419,73000,1
6.93677,4,6934268419,2502412,0
6.93688,3,6936807425,73000,1
6.93938,2,6936878425,2502412,0
6.94222,4,6939720837,2502412,0
6.94232,4,6942250249,73000,1
6.94232,1,6942250843,73000,1
6.94482,2,6942321843,2502412,0
6.94744,3,6944941849,2502412,0
6.94756,3,6947489261,73000,1
6.94756,2,6947489855,73000,1
6.94769,4,6947614855,73000,1
6.94769,3,6947614855,73000,1
6.95025,2,6947748855,2502412,0
6.95567,2,6953168873,2502412,0
6.95821,2,6955707285,2502412,0
6.96331,4,6960803297,2502412,0
6.96587,2,6963369303,2502412,0
6.9684,4,6965899309,2502412,0
6.96853,1,6968456315,73000,1
6.97107,4,6968572315,2502412,0
6.97392,2,6971415321,2502412,0
6.97647,4,6973972327,2502412,0
6.98154,2,6979041339,2502412,0
6.9841,3,6981598345,2502412,0
6.98667,2,6984164351,2502412,0
6.99174,4,6989242363,2502412,0
6.99427,3,6991772369,2502412,0
6.99441,4,6994338375,73000,1
6.99441,2,6994338375,73000,1
6.99691,3,6994409375,2502412,0
6.99945,2,6996948381,2502412,0
7.00199,2,6999486793,2502412,0
7.0046,3,7002096799,2502412,0
7.00747,2,7004968811,2502412,0
7.01002,4,7007516817,2502412,0
7.01258,2,7010073823,2502412,0
7.01511,4,7012603829,2502412,0
7.01764,3,7015133835,2502412,0
7.02017,2,7017663841,2502412,0
7.02523,4,7022723853,2502412,0
7.02777,3,7025262859,2502412,0
7.0303,2,7027801865,2502412,0
7.03286,2,7030358277,2502412,0
7.03539,4,7032888283,2502412,0
7.03549,2,7035418289,73000,1
7.03549,3,7035418289,73000,1
7.03802,2,7035516289,2502412,0
7.04058,2,7038081701,2502412,0
7.04597,2,7043472119,2502412,0
7.0485,4,7046002125,2502412,0
7.05103,2,7048532131,2502412,0
7.05388,2,7051377143,2502412,0
7.05643,4,7053925149,2502412,0
7.05654,4,7056463561,73000,1
7.05654,3,7056464155,73000,1
7.05906,2,7056553155,2502412,0
7.06418,4,7061676167,2502412,0
7.06671,2,7064206173,2502412,0
7.06927,4,7066763179,2502412,0
7.0718,4,7069292591,2502412,0
7.07467,4,7072171597,2502412,0
7.07721,2,7074710603,2502412,0
7.07974,1,7077240609,2502412,0
7.08481,1,7082309621,2502412,0
7.08734,1,7084839033,2502412,0
7.08745,1,7087377445,73000,1
7.08745,4,7087378039,73000,1
7.08995,3,7087449039,2502412,0
7.09249,2,7089988045,2502412,0
7.09505,2,7092544457,2502412,0
7.09761,2,7095109869,2502412,0
7.10015,1,7097648875,2502412,0
7.10056,3,7100484887,73000,1
7.10308,2,7100573887,2502412,0
7.10565,1,7103148893,2502412,0
7.10577,2,7105696899,73000,1
7.10577,4,7105696899,73000,1
7.10831,4,7105803899,2502412,0
7.11085,1,7108351905,2502412,0
7.11591,3,7113411917,2502412,0
7.11849,4,7115986923,2502412,0
7.11862,4,7118543335,73000,1
7.11862,3,7118543929,73000,1
7.12114,1,7118632929,2502412,0
7.12124,4,7121171935,73000,1
7.12124,3,7121171935,73000,1
7.12379,2,7121287935,2502412,0
7.12638,1,7123880941,2502412,0
7.13145,2,7128949953,2502412,0
7.13399,1,7131488959,2502412,0
7.13657,2,7134063965,2502412,0
7.14166,1,7139159977,2502412,0
7.14181,1,7141734389,73000,1
7.14181,2,7141734983,73000,1
7.14717,2,7144666989,2502412,0
7.14973,4,7147223995,2502412,0
7.15229,3,7149790001,2502412,0
7.15768,2,7155174019,2502412,0
7.16022,1,7157713025,2502412,0
7.16276,3,7160261031,2502412,0
7.16529,4,7162791037,2502412,0
7.17041,1,7167905049,2502412,0
7.17294,4,7170435055,2502412,0
7.17547,2,7172965061,2502412,0
7.17831,1,7175808067,2502412,0
7.17844,4,7178365073,73000,1
7.17844,3,7178365073,73000,1
7.18096,2,7178454073,2502412,0
7.1836,2,7183523085,73000,1
7.1836,3,7183523085,73000,1
7.18612,1,7183621085,2502412,0
7.18867,1,7186168497,2502412,0
7.19121,1,7188706909,2502412,0
7.19376,2,7191254915,2502412,0
7.19629,4,7193784921,2502412,0
7.19899,2,7198916933,73000,1
7.19899,1,7198916933,73000,1
7.20149,4,7198987933,2502412,0
7.20438,4,7201877945,2502412,0
7.20949,1,7206991957,2502412,0
7.21204,4,7209539963,2502412,0
7.21457,1,7212069969,2502412,0
7.21711,1,7214608381,2502412,0
7.21967,2,7217165387,2502412,0
7.22476,4,7222261399,2502412,0
7.22488,4,7224808811,73000,1
7.22488,2,7224809405,73000,1
7.22488,1,7224809405,73000,1
7.22488,3,7224809405,73000,1
7.22502,2,7224943405,73000,1
7.22756,2,7225059405,2502412,0
7.23009,4,7227589411,2502412,0
7.23264,2,7230137417,2502412,0
7.23517,4,7232667423,2502412,0
7.24024,1,7237736435,2502412,0
7.24034,1,7240265847,73000,1
7.24034,4,7240266441,73000,1
7.24041,2,7240337441,73000,1
7.24041,4,7240339441,73000,1
7.24557,1,7243066447,2502412,0
7.24843,2,7245926859,2502412,0
7.25385,1,7251346877,2502412,0
7.25638,2,7253876883,2502412,0
7.25654,2,7256469295,73000,1
7.25907,1,7256567889,2502412,0
7.26419,1,7261690901,2502412,0
7.26677,1,7264265313,2502412,0
7.26689,4,7266813319,73000,1
7.26689,2,7266813319,73000,1
7.26706,1,7266983319,73000,1
7.26959,2,7267090319,2502412,0
7.2747,2,7272195331,2502412,0
7.27485,3,7274779337,73000,1
7.2774,2,7274895337,2502412,0
7.27784,2,7277765343,73000,1
7.28034,1,7277836343,2502412,0
7.28551,1,7283004355,2502412,0
7.28805,2,7285543361,2502412,0
7.29315,1,7290648373,2502412,0
7.2957,1,7293195785,2502412,0
7.29825,2,7295743791,2502412,0
7.30123,2,7301154809,73000,1
7.30123,1,7301154809,73000,1
7.30373,3,7301225809,2502412,0
7.30628,3,7303782221,2502412,0
7.30881,2,7306312227,2502412,0
7.31134,2,7308841639,2502412,0
7.31642,2,7313919651,2502412,0
7.31895,3,7316449657,2502412,0
7.32149,3,7318988069,2502412,0
7.32407,2,7321572075,2502412,0
7.32918,3,7326677087,2502412,0
7.32928,2,7329207093,73000,1
7.32928,1,7329207093,73000,1
7.33182,2,7329314093,2502412,0
7.33435,2,7331843505,2502412,0
7.3369,3,7334400511,2502412,0
7.33943,3,7336929923,2502412,0
7.34209,3,7342016935,73000,1
7.34209,2,7342016935,73000,1
7.34459,4,7342087935,2502412,0
7.34713,3,7344626941,2502412,0
7.34967,4,7347165947,2502412,0
7.35008,2,7350008359,73000,1
7.3555,3,7352996371,2502412,0
7.35803,1,7355526377,2502412,0
7.36057,4,7358065383,2502412,0
7.36312,3,7360613389,2502412,0
7.36565,2,7363143395,2502412,0
7.36819,4,7365691401,2502412,0
7.37073,1,7368230407,2502412,0
7.37085,1,7370777819,73000,1
7.37336,3,7370858413,2502412,0
7.37591,4,7373406419,2502412,0
7.37844,3,7375936425,2502412,0
7.38098,2,7378475431,2502412,0
7.38384,3,7381336437,2502412,0
7.38638,4,7383875443,2502412,0
7.38906,2,7388989455,73000,1
7.38906,1,7388989455,73000,1
7.39158,3,7389078455,2502412,0
7.39412,3,7391616867,2502412,0
7.39666,4,7394155873,2502412,0
7.39919,3,7396685879,2502412,0
7.39935,3,7399278291,73000,1
7.40186,4,7399358885,2502412,0
7.40476,1,7402257897,2502412,0
7.40729,1,7404787309,2502412,0
7.40983,2,7407326315,2502412,0
7.41236,4,7409856321,2502412,0
7.41746,2,7414961333,2502412,0
7.42,1,7417500339,2502412,0
7.42254,4,7420039345,2502412,0
7.4251,3,7422596351,2502412,0
7.43019,2,7427692363,2502412,0
7.43272,1,7430222369,2502412,0
7.43526,4,7432761375,2502412,0
7.43536,4,7435290787,73000,1
7.43536,2,7435291381,73000,1
7.4379,3,7435398381,2502412,0
7.44044,1,7437937387,2502412,0
7.44555,2,7443051399,2502412,0
7.44565,1,7445581405,73000,1
7.44565,3,7445581405,73000,1
7.44819,2,7445688405,2502412,0
7.44832,2,7448244817,73000,1
7.44832,3,7448245411,73000,1
7.45368,1,7451177417,2502412,0
7.45652,4,7454022429,2502412,0
7.45908,1,7456579435,2502412,0
7.46163,1,7459126847,2502412,0
7.46177,2,7461692853,73000,1
7.46184,1,7461763853,73000,1
7.46184,4,7461763853,73000,1
7.46464,2,7464562859,73000,1
7.46716,1,7464660859,2502412,0
7.4697,4,7467199865,2502412,0
7.47223,3,7469729871,2502412,0
7.47731,2,7474807883,2502412,0
7.47989,1,7477382889,2502412,0
7.48244,3,7479939895,2502412,0
7.48286,4,7482782901,73000,1
7.48537,2,7482862901,2502412,0
7.48791,1,7485410907,2502412,0
7.49045,2,7487949913,2502412,0
7.49301,3,7490506919,2502412,0
7.49811,1,7495602931,2502412,0
7.50065,3,7498150937,2502412,0
7.50351,2,7501004949,2502412,0
7.50604,2,7503534361,2502412,0
7.50615,2,7506081773,73000,1
7.50616,3,7506082367,73000,1
7.51119,3,7508683373,2502412,0
7.51372,4,7511213379,2502412,0
7.51625,1,7513743385,2502412,0
7.51879,3,7516291391,2502412,0
7.52135,4,7518848397,2502412,0
7.52145,4,7521377809,73000,1
7.52145,3,7521378403,73000,1
7.52145,1,7521378403,73000,1
7.52654,1,7524042409,2502412,0
7.52912,4,7526617415,2502412,0
7.53165,1,7529147421,2502412,0
7.5342,4,7531695427,2502412,0
7.53673,2,7534225433,2502412,0
7.53928,3,7536773439,2502412,0
7.54192,2,7541851451,73000,1
7.54192,1,7541851451,73000,1
7.54442,4,7541922451,2502412,0
7.54462,1,7544542457,73000,1
7.54462,3,7544542457,73000,1
7.54713,4,7544631457,2502412,0
7.54723,3,7547161463,73000,1
7.54974,1,7547241463,2502412,0
7.55229,1,7549788875,2502412,0
7.55548,4,7552982093,2502412,0
7.55802,2,7555521099,2502412,0
7.56055,4,7558051105,2502412,0
7.56564,4,7563138117,2502412,0
7.56818,1,7565677123,2502412,0
7.57072,2,7568216129,2502412,0
7.57326,1,7570755135,2502412,0
7.57337,2,7573294141,73000,1
7.57337,4,7573294141,73000,1
7.57589,1,7573383141,2502412,0
7.58097,1,7578470153,2502412,0
7.5835,1,7580999565,2502412,0
7.5861,4,7583601571,2502412,0
7.58654,1,7586462577,73000,1
7.58654,2,7586462577,73000,1
7.59162,4,7589117583,2502412,0
7.5942,3,7591692589,2502412,0
7.59672,3,7594222001,2502412,0
7.59926,4,7596761007,2502412,0
7.60433,1,7601830019,2502412,0
7.60723,3,7604729031,2502412,0
7.60978,4,7607277037,2502412,0
7.61487,1,7612364049,2502412,0
7.61502,4,7614948055,73000,1
7.61502,3,7614948055,73000,1
7.61502,2,7614948055,73000,1
7.62007,1,7617567061,2502412,0
7.62264,4,7620133067,2502412,0
7.62517,1,7622663073,2502412,0
7.63026,1,7627759085,2502412,0
7.63039,1,7630315497,73000,1
7.63039,4,7630316091,73000,1
7.63294,1,7630441091,2502412,0
7.63801,3,7635510103,2502412,0
7.64058,1,7638076109,2502412,0
7.64072,4,7640651115,73000,1
7.64323,3,7640731115,2502412,0
7.64579,4,7643288121,2502412,0
7.64832,3,7645818127,2502412,0
7.65086,1,7648357133,2502412,0
7.65624,1,7653741151,2502412,0
7.65909,1,7656583563,2502412,0
7.65919,1,7659121975,73000,1
7.6592,3,7659122569,73000,1
7.6592,4,7659122569,73000,1
7.6644,1,7661894575,2502412,0
7.6695,4,7666999587,2502412,0
7.67204,1,7669538593,2502412,0
7.67457,3,7672068599,2502412,0
7.67711,3,7674607011,2502412,0
7.67964,4,7677137017,2502412,0
7.68471,4,7682206029,2502412,0
7.68724,1,7684736035,2502412,0
7.69013,1,7687624041,2502412,0
7.69266,1,7690153453,2502412,0
7.69519,3,7692683459,2502412,0
7.69772,3,7695212871,2502412,0
7.70026,4,7697760877,2502412,0
7.70321,4,7703135895,73000,1
7.70321,2,7703135895,73000,1
7.70571,3,7703206895,2502412,0
7.70825,1,7705745901,2502412,0
7.71079,1,7708284313,2502412,0
7.71333,1,7710822725,2502412,0
7.71585,1,7713352137,2502412,0
7.71845,3,7715945143,2502412,0
7.72353,1,7721032155,2502412,0
7.72609,3,7723589161,2502412,0
7.7262,1,7726128167,73000,1
7.7262,4,7726128167,73000,1
7.72871,4,7726208167,2502412,0
7.7313,3,7728801173,2502412,0
7.73636,4,7733861185,2502412,0
7.73891,4,7736408597,2502412,0
7.73902,4,7738947009,73000,1
7.73902,3,7738947603,73000,1
7.74155,4,7739045603,2502412,0
7.74408,1,7741575609,2502412,0
7.74421,4,7744141615,73000,1
7.74674,1,7744239615,2502412,0
7.74684,1,7746769027,73000,1
7.74684,3,7746769621,73000,1
7.74938,4,7746876621,2502412,0
7.75483,4,7752323639,2502412,0
7.75739,4,7754889051,2502412,0
7.76023,1,7757731463,2502412,0
7.7653,1,7762800475,2502412,0
7.76786,4,7765357481,2502412,0
7.76798,4,7767904893,73000,1
7.76798,1,7767905487,73000,1
7.77307,1,7770569493,2502412,0
7.77562,3,7773117499,2502412,0
7.77819,4,7775683505,2502412,0
7.78084,3,7780770517,73000,1
7.78084,1,7780770517,73000,1
7.78335,1,7780843517,2502412,0
7.78593,4,7783427523,2502412,0
7.79102,1,7788514535,2502412,0
7.79388,1,7791375541,2502412,0
7.79641,1,7793904953,2502412,0
7.80151,4,7799009965,2502412,0
7.80438,3,7801872977,2502412,0
7.80692,4,7804420983,2502412,0
7.80945,1,7806950989,2502412,0
7.81199,3,7809489995,2502412,0
7.81464,1,7814568007,73000,1
7.81464,4,7814568007,73000,1
7.81722,3,7814720007,2502412,0
7.82233,3,7819825019,2502412,0
7.82488,1,7822373025,2502412,0
7.82742,1,7824920437,2502412,0
7.82995,1,7827449849,2502412,0
7.83249,1,7829988261,2502412,0
7.83755,1,7835048273,2502412,0
7.84008,3,7837578279,2502412,0
7.84261,4,7840108285,2502412,0
7.84516,3,7842656291,2502412,0
7.84769,4,7845186297,2502412,0
7.85023,2,7847725303,2502412,0
7.8531,3,7850597315,2502412,0
7.85563,4,7853127321,2502412,0
7.86069,1,7858187333,2502412,0
7.86356,2,7861056745,2502412,0
7.8661,3,7863595751,2502412,0
7.86864,1,7866134757,2502412,0
7.87117,1,7868664169,2502412,0
7.8737,3,7871194175,2502412,0
7.87625,4,7873751181,2502412,0
7.87883,2,7876326187,2502412,0
7.88146,4,7881386199,73000,1
7.88146,3,7881386199,73000,1
7.88146,1,7881386199,73000,1
7.88396,2,7881457199,2502412,0
7.88649,4,7883987205,2502412,0
7.88908,2,7886580211,2502412,0
7.89168,4,7889173217,2502412,0
7.89708,2,7894573229,2502412,0
7.89965,4,7897148235,2502412,0
7.89975,3,7899678241,73000,1
7.89975,1,7899678241,73000,1
7.90226,2,7899758241,2502412,0
7.90769,2,7905187259,2502412,0
7.91024,4,7907735265,2502412,0
7.9104,4,7910327677,73000,1
7.91294,2,7910435271,2502412,0
7.91548,4,7912974277,2502412,0
7.92057,2,7918070289,2502412,0
7.92074,4,7920663295,73000,1
7.92074,1,7920663295,73000,1
7.92582,2,7923318301,2502412,0
7.93094,3,7928441313,2502412,0
7.93348,3,7930979725,2502412,0
7.93601,2,7933509731,2502412,0
7.93856,2,7936057143,2502412,0
7.94363,4,7941126155,2502412,0
7.94617,3,7943665161,2502412,0
7.94872,3,7946221573,2502412,0
7.95129,4,7948787579,2502412,0
7.95139,3,7951317585,73000,1
7.95139,2,7951317585,73000,1
7.95677,2,7954269597,2502412,0
7.95931,2,7956808009,2502412,0
7.96189,4,7959383015,2502412,0
7.96733,2,7964828027,2502412,0
7.96986,4,7967358033,2502412,0
7.9724,2,7969897039,2502412,0
7.97252,4,7972445045,73000,1
7.97252,3,7972445045,73000,1
7.9726,2,7972525045,73000,1
7.97512,1,7972614045,2502412,0
7.97765,2,7975144051,2502412,0
7.98021,2,7977709463,2502412,0
7.9829,2,7982823475,73000,1
7.9829,1,7982823475,73000,1
7.9854,4,7982894475,2502412,0
7.98795,4,7985450887,2502412,0
7.99052,4,7988016299,2502412,0
7.99559,4,7993085311,2502412,0
7.99844,2,7995937317,2502412,0
8.001,3,7998494323,2502412,0
8.00354,2,8001033329,2502412,0
8.00639,4,8003887341,2502412,0
8.00892,1,8006417347,2502412,0
8.014,1,8011495359,2502412,0
8.01655,3,8014052365,2502412,0
8.01908,3,8016581777,2502412,0
8.02162,2,8019120783,2502412,0
8.02418,4,8021677789,2502412,0
8.02673,1,8024225795,2502412,0
8.03182,3,8029321807,2502412,0
8.03435,2,8031851813,2502412,0
8.03445,2,8034381225,73000,1
8.03445,1,8034381819,73000,1
8.03696,4,8034461819,2502412,0
8.0421,3,8039593831,2502412,0
8.04464,2,8042141837,2502412,0
8.04476,2,8044689249,73000,1
8.04476,4,8044689843,73000,1
8.04729,3,8044787843,2502412,0
8.0524,3,8049892855,2502412,0
8.05282,4,8052746867,73000,1
8.05282,1,8052746867,73000,1
8.05533,3,8052826867,2502412,0
8.06047,3,8057967879,2502412,0
8.06301,2,8060506885,2502412,0
8.06557,3,8063063891,2502412,0
8.06842,3,8065915303,2502412,0
8.0735,3,8071002315,2502412,0
8.07605,2,8073550321,2502412,0
8.0786,4,8076098327,2502412,0
8.08114,3,8078637333,2502412,0
8.08368,1,8081176339,2502412,0
8.08876,3,8086254351,2502412,0
8.0913,1,8088793357,2502412,0
8.09383,2,8091332363,2502412,0
8.09638,4,8093880369,2502412,0
8.09925,1,8096750375,2502412,0
8.09936,2,8099289381,73000,1
8.10187,4,8099369381,2502412,0
8.10471,3,8102205393,2502412,0
8.10729,1,8104789399,2502412,0
8.10982,1,8107318811,2502412,0
8.10996,3,8109884817,73000,1
8.10996,4,8109884817,73000,1
8.11252,2,8110018817,2502412,0
8.11264,2,8112566229,73000,1
8.11264,1,8112566823,73000,1
8.11274,1,8112664823,73000,1
8.1154,3,8115328829,73000,1
8.1154,2,8115328829,73000,1
8.12049,4,8117983835,2502412,0
8.12065,4,8120576247,73000,1
8.12581,3,8123303847,2502412,0
8.12834,3,8125842259,2502412,0
8.13341,4,8130911271,2502412,0
8.13595,3,8133450277,2502412,0
8.13606,4,8135989283,73000,1
8.13606,1,8135989283,73000,1
8.13618,2,8136105283,73000,1
8.13873,3,8136230283,2502412,0
8.14386,4,8141362295,2502412,0
8.14642,3,8143919301,2502412,0
8.14653,3,8146457713,73000,1
8.14904,4,8146538307,2502412,0
8.15157,4,8149067719,2502412,0
8.15443,3,8151930731,2502412,0
8.15696,4,8154460737,2502412,0
8.15709,4,8157017149,73000,1
8.1596,3,8157097743,2502412,0
8.16214,4,8159636749,2502412,0
8.16469,1,8162184755,2502412,0
8.16485,3,8164777761,73000,1
8.16736,3,8164857761,2502412,0
8.16777,1,8167700173,73000,1
8.17027,4,8167771173,2502412,0
8.1754,3,8172894185,2502412,0
8.17553,4,8175460191,73000,1
8.17553,1,8175460191,73000,1
8.18056,3,8178061197,2502412,0
8.18313,3,8180626609,2502412,0
8.18567,2,8183165615,2502412,0
8.18579,2,8185713027,73000,1
8.18579,4,8185713621,73000,1
8.18586,2,8185786027,73000,1
8.18837,3,8185866027,2502412,0
8.19092,1,8188414033,2502412,0
8.19607,3,8193564045,2502412,0
8.19861,1,8196103051,2502412,0
8.20148,3,8198982057,2502412,0
8.20446,1,8204384075,73000,1
8.20446,4,8204384075,73000,1
8.20698,2,8204473075,2502412,0
8.20953,3,8207030081,2502412,0
8.21206,3,8209559493,2502412,0
8.21716,1,8214655505,2502412,0
8.21971,1,8217202917,2502412,0
8.22224,2,8219732923,2502412,0
8.22477,3,8222262929,2502412,0
8.22732,3,8224819341,2502412,0
8.22987,1,8227367347,2502412,0
8.23494,3,8232436359,2502412,0
8.23747,1,8234966365,2502412,0
8.24001,2,8237505371,2502412,0
8.24254,3,8240035377,2502412,0
8.24509,2,8242592383,2502412,0
8.2452,3,8245131389,73000,1
8.2452,1,8245131389,73000,1
8.24774,1,8245238389,2502412,0
8.24784,2,8247768395,73000,1
8.2504,1,8247893395,2502412,0
8.25329,1,8250783407,2502412,0
8.25582,2,8253322413,2502412,0
8.25835,2,8255851825,2502412,0
8.25845,2,8258381237,73000,1
8.25845,1,8258381831,73000,1
8.25845,3,8258381831,73000,1
8.26353,1,8261027837,2502412,0
8.26606,1,8263557249,2502412,0
8.26862,2,8266114255,2502412,0
8.27116,2,8268661667,2502412,0
8.27401,1,8271504079,2502412,0
8.27908,1,8276573091,2502412,0
8.27918,1,8279102503,73000,1
8.27918,2,8279103097,73000,1
8.28169,3,8279192097,2502412,0
8.28686,3,8284360109,2502412,0
8.28944,2,8286935115,2502412,0
8.29197,3,8289465121,2502412,0
8.29208,2,8292004127,73000,1
8.29215,4,8292075127,73000,1
8.29215,1,8292075127,73000,1
8.29728,3,8294775133,2502412,0
8.29745,3,8297376545,73000,1
8.29996,2,8297457139,2502412,0
8.30008,3,8300005145,73000,1
8.30049,3,8300418151,73000,1
8.30304,2,8300534151,2502412,0
8.3059,2,8303395157,2502412,0
8.30603,1,8305952163,73000,1
8.30853,2,8306032163,2502412,0
8.31106,2,8308561575,2502412,0
8.31361,2,8311108987,2502412,0
8.31628,2,8316204999,73000,1
8.31628,4,8316204999,73000,1
8.31881,2,8316302999,2502412,0
8.32389,2,8321390011,2502412,0
8.32645,2,8323946423,2502412,0
8.33162,2,8329114435,2502412,0
8.33674,2,8334237447,2502412,0
8.33929,3,8336785453,2502412,0
8.34182,3,8339314865,2502412,0
8.34688,2,8344374877,2502412,0
8.34941,2,8346904289,2502412,0
8.35195,2,8349451701,2502412,0
8.35449,3,8351990707,2502412,0
8.35736,3,8354853719,2502412,0
8.36244,2,8359940731,2502412,0
8.36497,3,8362470737,2502412,0
8.36757,2,8365063743,2502412,0
8.37011,3,8367602749,2502412,0
8.37552,3,8373020761,2502412,0
8.37805,2,8375550767,2502412,0
8.37817,2,8378098179,73000,1
8.37817,3,8378098773,73000,1
8.38327,3,8380762779,2502412,0
8.38345,3,8383373191,73000,1
8.38596,2,8383453785,2502412,0
8.38854,2,8386037197,2502412,0
8.3936,1,8391097209,2502412,0
8.39617,2,8393663215,2502412,0
8.3987,1,8396193221,2502412,0
8.40124,2,8398741227,2502412,0
8.40166,1,8401586239,73000,1
8.40423,2,8401729239,2502412,0
8.40707,3,8404572245,2502412,0
8.40963,2,8407129251,2502412,0
8.41469,3,8412189263,2502412,0
8.41722,2,8414719269,2502412,0
8.41978,2,8417275681,2502412,0
8.42231,3,8419805687,2502412,0
8.42487,1,8422371693,2502412,0
8.42497,1,8424901105,73000,1
8.42497,3,8424901699,73000,1
8.42753,2,8425026699,2502412,0
8.43267,2,8430167711,2502412,0
8.43522,2,8432715123,2502412,0
8.43775,3,8435245129,2502412,0
8.43788,1,8437802135,73000,1
8.44039,2,8437891135,2502412,0
8.44054,2,8440465547,73000,1
8.44054,3,8440466141,73000,1
8.44564,3,8443139147,2502412,0
8.44818,3,8445677559,2502412,0
8.45122,3,8451151577,73000,1
8.45122,1,8451151577,73000,1
8.45628,2,8453779583,2502412,0
8.45881,2,8456308995,2502412,0
8.46395,2,8461450007,2502412,0
8.46649,3,8463989013,2502412,0
8.47161,2,8469103025,2502412,0
8.47413,2,8471632437,2502412,0
8.477,2,8474501849,2502412,0
8.47955,3,8477049855,2502412,0
8.48467,3,8482163867,2502412,0
8.48722,2,8484720873,2502412,0
8.48733,2,8487259285,73000,1
8.48733,3,8487259879,73000,1
8.49246,2,8489959885,2502412,0
8.49755,3,8495046897,2502412,0
8.50012,1,8497621903,2502412,0
8.50022,3,8500151909,73000,1
8.50284,2,8502770915,73000,1
8.50331,1,8503239921,73000,1
8.50331,3,8503239921,73000,1
8.50582,1,8503319921,2502412,0
8.50867,1,8506171927,2502412,0
8.51122,2,8508719933,2502412,0
8.51378,2,8511276345,2502412,0
8.51388,2,8513805757,73000,1
8.5164,1,8513895351,2502412,0
8.51898,3,8516479357,2502412,0
8.52153,2,8519027363,2502412,0
8.52164,1,8521566369,73000,1
8.52414,3,8521637369,2502412,0
8.52922,2,8526715381,2502412,0
8.53175,2,8529244793,2502412,0
8.53186,2,8531783205,73000,1
8.53186,3,8531783799,73000,1
8.53438,3,8531881799,2502412,0
8.53947,3,8536968811,2502412,0
8.54205,1,8539543817,2502412,0
8.54459,2,8542082823,2502412,0
8.54714,3,8544639829,2502412,0
8.55223,1,8549726841,2502412,0
8.55268,1,8552607853,73000,1
8.55268,2,8552607853,73000,1
8.55521,3,8552705853,2502412,0
8.56033,1,8557828865,2502412,0
8.56286,3,8560358871,2502412,0
8.5654,1,8562897877,2502412,0
8.56794,2,8565436883,2502412,0
8.56806,1,8567984889,73000,1
8.57056,2,8568055889,2502412,0
8.57312,3,8570621895,2502412,0
8.57565,3,8573151307,2502412,0
8.57819,1,8575690313,2502412,0
8.58106,1,8578559725,2502412,0
8.58613,2,8583628737,2502412,0
8.58868,3,8586176743,2502412,0
8.59122,2,8588715749,2502412,0
8.59375,1,8591245755,2502412,0
8.59629,1,8593784167,2502412,0
8.59898,1,8598907179,73000,1
8.59898,2,8598907179,73000,1
8.60149,3,8598987179,2502412,0
8.60197,3,8601895191,73000,1
8.60197,2,8601895191,73000,1
8.60709,1,8604586197,2502412,0
8.60965,3,8607152203,2502412,0
8.61503,1,8612525215,2502412,0
8.61758,1,8615081627,2502412,0
8.62011,3,8617611633,2502412,0
8.62268,2,8620177639,2502412,0
8.62775,1,8625246651,2502412,0
8.63028,1,8627776063,2502412,0
8.63281,3,8630306069,2502412,0
8.63535,4,8632845075,2502412,0
8.63546,4,8635383487,73000,1
8.63546,1,8635384081,73000,1
8.63796,2,8635455081,2502412,0
8.6405,2,8637993493,2502412,0
8.64304,2,8640540905,2502412,0
8.64814,3,8645636917,2502412,0
8.65069,1,8648184923,2502412,0
8.65357,2,8651065935,2502412,0
8.6537,2,8653622347,73000,1
8.6537,1,8653622941,73000,1
8.6537,3,8653622941,73000,1
8.65877,4,8656268947,2502412,0
8.66133,4,8658825359,2502412,0
8.66386,2,8661355365,2502412,0
8.66639,4,8663885371,2502412,0
8.67149,4,8668990383,2502412,0
8.67404,3,8671538389,2502412,0
8.67661,2,8674104395,2502412,0
8.67915,1,8676643401,2502412,0
8.682,1,8679494813,2502412,0
8.68453,3,8682024819,2502412,0
8.68959,2,8687084831,2502412,0
8.69212,4,8689614837,2502412,0
8.69467,2,8692162843,2502412,0
8.69722,4,8694719849,2502412,0
8.69977,1,8697267855,2502412,0
8.7023,3,8699797861,2502412,0
8.70484,4,8702336867,2502412,0
8.70768,2,8705172879,2502412,0
8.71306,3,8710554297,2502412,0
8.71561,1,8713111303,2502412,0
8.71572,1,8715649715,73000,1
8.71572,4,8715650309,73000,1
8.71822,2,8715721309,2502412,0
8.72078,4,8718278315,2502412,0
8.72334,3,8720835321,2502412,0
8.72589,3,8723391733,2502412,0
8.73095,2,8728451745,2502412,0
8.73348,3,8730981751,2502412,0
8.73601,4,8733511757,2502412,0
8.73856,2,8736059763,2502412,0
8.74113,1,8738625769,2502412,0
8.74367,3,8741164775,2502412,0
8.74377,2,8743694781,73000,1
8.74377,4,8743694781,73000,1
8.74385,3,8743774781,73000,1
8.74385,4,8743774781,73000,1
8.74891,2,8746402787,2502412,0
8.75144,3,8748932793,2502412,0
8.75186,2,8751786805,73000,1
8.75186,1,8751786805,73000,1
8.75198,3,8751911805,73000,1
8.75198,2,8751911805,73000,1
8.75449,1,8751982805,2502412,0
8.75965,1,8757150817,2502412,0
8.76223,3,8759725823,2502412,0
8.76476,3,8762255235,2502412,0
8.76729,3,8764784647,2502412,0
8.77236,1,8769853659,2502412,0
8.77492,1,8772419071,2502412,0
8.77509,3,8775012077,73000,1
8.77759,4,8775092077,2502412,0
8.78016,3,8777658083,2502412,0
8.78269,1,8780188089,2502412,0
8.78554,4,8783039501,2502412,0
8.78565,2,8785578507,73000,1
8.78819,3,8785685507,2502412,0
8.79072,1,8788215513,2502412,0
8.79327,4,8790763519,2502412,0
8.7958,3,8793302525,2502412,0
8.80092,1,8798416537,2502412,0
8.80378,4,8801279549,2502412,0
8.80631,3,8803809555,2502412,0
8.80887,4,8806366561,2502412,0
8.80898,1,8808905567,73000,1
8.81149,3,8808985567,2502412,0
8.81411,4,8811605573,2502412,0
8.81695,3,8814448579,2502412,0
8.82202,3,8819517591,2502412,0
8.82455,4,8822047597,2502412,0
8.82708,3,8824577603,2502412,0
8.82963,4,8827125609,2502412,0
8.83217,1,8829664615,2502412,0
8.83471,3,8832203621,2502412,0
8.83736,3,8837290633,73000,1
8.83736,4,8837290633,73000,1
8.83987,1,8837370633,2502412,0
8.84009,1,8840017045,73000,1
8.84009,3,8840017639,73000,1
8.84266,4,8840160639,2502412,0
8.84278,1,8842708645,73000,1
8.84789,4,8845390651,2502412,0
8.85336,4,8850855669,2502412,0
8.85592,2,8853412675,2502412,0
8.86103,3,8858526687,2502412,0
8.86114,2,8861065693,73000,1
8.86114,4,8861065693,73000,1
8.86365,4,8861145693,2502412,0
8.86874,4,8866241705,2502412,0
8.87128,2,8868780711,2502412,0
8.8714,2,8871328123,73000,1
8.8714,3,8871328717,73000,1
8.8714,1,8871328717,73000,1
8.87647,4,8873965723,2502412,0
8.87904,3,8876540729,2502412,0
8.88159,4,8879088735,2502412,0
8.88697,3,8884470747,2502412,0
8.88951,2,8887009753,2502412,0
8.89209,4,8889584759,2502412,0
8.89475,4,8894680771,73000,1
8.89475,2,8894680771,73000,1
8.89726,3,8894760771,2502412,0
8.89744,3,8897362183,73000,1
8.89994,2,8897433777,2502412,0
8.90248,4,8899972783,2502412,0
8.90295,3,8902880795,73000,1
8.90545,4,8902951795,2502412,0
8.90556,4,8905490207,73000,1
8.90556,2,8905490801,73000,1
8.90813,3,8905624801,2502412,0
8.91322,2,8910720813,2502412,0
8.9158,3,8913295819,2502412,0
8.91621,2,8916138825,73000,1
8.91621,4,8916138825,73000,1
8.92129,3,8918784831,2502412,0
8.92641,2,8923907843,2502412,0
8.92895,3,8926446849,2502412,0
8.93151,4,8929003855,2502412,0
8.93404,3,8931533861,2502412,0
8.93911,2,8936611873,2502412,0
8.94165,4,8939150879,2502412,0
8.94421,4,8941707291,2502412,0
8.94676,3,8944255297,2502412,0
8.95184,2,8949342309,2502412,0
8.95437,2,8951871721,2502412,0
8.95722,3,8954716733,2502412,0
8.95733,4,8957255739,73000,1
8.95733,1,8957255739,73000,1
8.95985,2,8957344739,2502412,0
8.96238,2,8959874151,2502412,0
8.9625,4,8962431157,73000,1
8.965,3,8962502157,2502412,0
8.96755,3,8965049569,2502412,0
8.97009,2,8967588575,2502412,0
8.97262,3,8970118581,2502412,0
8.97515,3,8972647993,2502412,0
8.97768,3,8975177405,2502412,0
8.98022,3,8977715817,2502412,0
8.98278,2,8980272823,2502412,0
8.98531,3,8982802829,2502412,0
8.99071,2,8988211841,2502412,0
8.99326,3,8990759847,2502412,0
8.9958,2,8993298853,2502412,0
8.99833,3,8995828859,2502412,0
9.00094,3,8998439271,2502412,0
9.00633,2,9003832289,2502412,0
9.00891,3,9006407295,2502412,0
9.00901,3,9008936707,73000,1
9.00901,2,9008937301,73000,1
9.01152,4,9009017301,2502412,0
9.01665,3,9014149313,2502412,0
9.01919,4,9016688319,2502412,0
9.02463,2,9022124331,2502412,0
9.02716,3,9024654337,2502412,0
9.0297,4,9027202343,2502412,0
9.03223,4,9029731755,2502412,0
9.03478,3,9032279761,2502412,0
9.03743,3,9037357773,73000,1
9.03743,2,9037357773,73000,1
9.04,4,9037500773,2502412,0
9.04255,3,9040048779,2502412,0
9.0452,4,9045126791,73000,1
9.0452,2,9045126791,73000,1
9.04773,3,9045224791,2502412,0
9.05076,3,9050689809,73000,1
9.05076,2,9050689809,73000,1
9.05585,3,9053344815,2502412,0
9.05838,4,9055874821,2502412,0
9.06093,3,9058422827,2502412,0
9.06347,4,9060970833,2502412,0
9.06601,3,9063509839,2502412,0
9.0711,4,9068596851,2502412,0
9.07363,3,9071126857,2502412,0
9.07376,3,9073683269,73000,1
9.07376,4,9073683863,73000,1
9.07889,4,9076383869,2502412,0
9.08143,3,9078922875,2502412,0
9.08396,4,9081461881,2502412,0
9.08907,3,9086566893,2502412,0
9.09192,4,9089418305,2502412,0
9.09466,4,9094586317,73000,1
9.09466,3,9094586317,73000,1
9.09976,4,9097259323,2502412,0
9.10244,2,9102364335,73000,1
9.10494,4,9102435335,2502412,0
9.10781,3,9105307347,2502412,0
9.11289,1,9110385359,2502412,0
9.11301,1,9112932771,73000,1
9.11301,3,9112933365,73000,1
9.11301,4,9112933365,73000,1
9.11558,4,9113076365,2502412,0
9.12069,3,9118190377,2502412,0
9.12115,4,9121078383,73000,1
9.12115,1,9121078383,73000,1
9.12366,3,9121158383,2502412,0
9.12619,3,9123687795,2502412,0
9.12873,3,9126226207,2502412,0
9.13127,1,9128765213,2502412,0
9.13637,4,9133870225,2502412,0
9.13895,1,9136445231,2502412,0
9.14148,3,9138975237,2502412,0
9.14161,4,9141532243,73000,1
9.14413,1,9141630243,2502412,0
9.14666,3,9144160249,2502412,0
9.14925,3,9146743661,2502412,0
9.15461,4,9152109679,2502412,0
9.15474,3,9154666685,73000,1
9.15474,1,9154666685,73000,1
9.15726,4,9154755685,2502412,0
9.15981,3,9157303691,2502412,0
9.16496,4,9162453703,2502412,0
9.1675,3,9164992709,2502412,0
9.17257,3,9170070721,2502412,0
9.17513,1,9172627727,2502412,0
9.17524,1,9175166139,73000,1
9.17524,3,9175166733,73000,1
9.17774,1,9175239139,2502412,0
9.18029,4,9177787145,2502412,0
9.18536,1,9182856157,2502412,0
9.1879,1,9185394569,2502412,0
9.19044,3,9187942575,2502412,0
9.19301,4,9190508581,2502412,0
9.19841,4,9195907999,2502412,0
9.20094,1,9198438005,2502412,0
9.20379,1,9201292017,2502412,0
9.20632,2,9203822023,2502412,0
9.20885,3,9206352029,2502412,0
9.21139,1,9208891035,2502412,0
9.21154,2,9211466041,73000,1
9.21405,4,9211546041,2502412,0
9.21661,1,9214112047,2502412,0
9.21914,3,9216642053,2502412,0
9.22169,1,9219190059,2502412,0
9.22185,4,9221774065,73000,1
9.22438,3,9221881065,2502412,0
9.22481,1,9224733071,73000,1
9.22481,2,9224733071,73000,1
9.22733,3,9224831071,2502412,0
9.22987,3,9227369483,2502412,0
9.2324,4,9229899489,2502412,0
9.2375,4,9234995501,2502412,0
9.24005,3,9237552507,2502412,0
9.24263,2,9240127513,2502412,0
9.24273,4,9242657519,73000,1
9.24524,3,9242737519,2502412,0
9.24778,4,9245276525,2502412,0
9.25034,1,9247833531,2502412,0
9.2532,3,9250696543,2502412,0
9.25827,2,9255765555,2502412,0
9.2584,1,9258322561,73000,1
9.2584,4,9258322561,73000,1
9.2585,2,9258429561,73000,1
9.2585,1,9258429561,73000,1
9.25857,3,9258500561,73000,1
9.25858,2,9258502561,73000,1
9.26629,4,9263785979,2502412,0
9.26643,4,9266360391,73000,1
9.26643,3,9266360985,73000,1
9.27412,2,9271617403,2502412,0
9.27665,4,9274147409,2502412,0
9.27921,1,9276704415,2502412,0
9.28185,1,9281773427,73000,1
9.28185,4,9281773427,73000,1
9.28436,2,9281862427,2502412,0
9.28692,2,9284418839,2502412,0
9.28703,2,9286957251,73000,1
9.28703,1,9286957845,73000,1
9.28711,1,9287037845,73000,1
9.2923,3,9289800851,2502412,0
9.2924,4,9292330857,73000,1
9.2924,2,9292330857,73000,1
9.29543,3,9295361863,73000,1
9.29794,3,9295434863,2502412,0
9.30049,2,9297991869,2502412,0
9.30591,3,9303411887,2502412,0
9.30847,2,9305968893,2502412,0
9.31101,1,9308507899,2502412,0
9.31369,1,9313612911,73000,1
9.31369,2,9313612911,73000,1
9.3162,3,9313692911,2502412,0
9.31873,3,9316231323,2502412,0
9.31887,4,9318797329,73000,1
9.32141,1,9318904329,2502412,0
9.32396,3,9321461335,2502412,0
9.32409,1,9324018341,73000,1
9.32421,3,9324134341,73000,1
9.32421,2,9324134341,73000,1
9.32671,3,9324207341,2502412,0
9.32956,2,9327059347,2502412,0
9.32968,1,9329607353,73000,1
9.3322,3,9329696353,2502412,0
9.33473,4,9332226359,2502412,0
9.33982,3,9337313371,2502412,0
9.34235,4,9339843377,2502412,0
9.34488,2,9342373383,2502412,0
9.34758,2,9347505395,73000,1
9.34758,4,9347505395,73000,1
9.35009,2,9347585395,2502412,0
9.35262,3,9350115401,2502412,0
9.35546,4,9352960413,2502412,0
9.35799,2,9355490419,2502412,0
9.36056,3,9358056425,2502412,0
9.36563,2,9363125437,2502412,0
9.36818,4,9365673443,2502412,0
9.37071,2,9368212449,2502412,0
9.3733,3,9370796455,2502412,0
9.37585,3,9373343867,2502412,0
9.38091,4,9378403879,2502412,0
9.38102,4,9380942291,73000,1
9.38102,2,9380942885,73000,1
9.38354,3,9381040885,2502412,0
9.38368,3,9383606297,73000,1
9.38368,1,9383606891,73000,1
9.38879,2,9386288897,2502412,0
9.39133,4,9388827903,2502412,0
9.39388,2,9391375909,2502412,0
9.39935,4,9396847921,2502412,0
9.40189,3,9399386927,2502412,0
9.4023,2,9402222939,73000,1
9.40238,4,9402302939,73000,1
9.40238,2,9402302939,73000,1
9.40494,3,9402436939,2502412,0
9.40505,4,9404975945,73000,1
9.40756,3,9405055945,2502412,0
9.4127,3,9410196957,2502412,0
9.41526,3,9412762369,2502412,0
9.41781,3,9415309781,2502412,0
9.42297,3,9420468793,2502412,0
9.42855,1,9428478623,73000,1
9.42855,4,9428478623,73000,1
9.43105,3,9428549623,2502412,0
9.4336,2,9431097629,2502412,0
9.43874,2,9436238641,2502412,0
9.44128,3,9438777647,2502412,0
9.44401,3,9443936659,73000,1
9.44401,2,9443936659,73000,1
9.44653,3,9444025659,2502412,0
9.44909,3,9446591071,2502412,0
9.45446,1,9451957089,2502412,0
9.457,3,9454496095,2502412,0
9.45956,2,9457053101,2502412,0
9.46209,1,9459583107,2502412,0
9.46221,2,9462140113,73000,1
9.46474,3,9462238113,2502412,0
9.46485,1,9464777119,73000,1
9.46485,2,9464777119,73000,1
9.46735,3,9464848119,2502412,0
9.46993,2,9467432125,2502412,0
9.475,3,9472501137,2502412,0
9.47762,2,9475121143,2502412,0
9.48271,3,9480208155,2502412,0
9.48527,1,9482765161,2502412,0
9.48781,2,9485304167,2502412,0
9.49288,2,9490382179,2502412,0
9.49544,3,9492939185,2502412,0
9.49801,1,9495505191,2502412,0
9.50098,1,9500904609,73000,1
9.50098,3,9500904609,73000,1
9.50136,1,9501290615,73000,1
9.50136,2,9501290615,73000,1
9.50391,2,9501406615,2502412,0
9.509,1,9506493627,2502412,0
9.51153,2,9509023633,2502412,0
9.51163,1,9511553639,73000,1
9.51163,4,9511553639,73000,1
9.51414,2,9511633639,2502412,0
9.51926,2,9516756651,2502412,0
9.5218,3,9519295657,2502412,0
9.52199,2,9521915663,73000,1
9.52207,3,9521995663,73000,1
9.52207,1,9521995663,73000,1
9.52718,3,9524677669,2502412,0
9.52974,3,9527234081,2502412,0
9.53519,3,9532688093,2502412,0
9.53774,2,9535236099,2502412,0
9.54041,2,9540332111,73000,1
9.54041,3,9540332111,73000,1
9.54292,1,9540421111,2502412,0
9.54805,3,9545544123,2502412,0
9.54816,3,9548091535,73000,1
9.54817,1,9548092129,73000,1
9.55359,4,9551089141,2502412,0
9.55613,2,9553628147,2502412,0
9.56122,3,9558715159,2502412,0
9.56376,4,9561254165,2502412,0
9.56629,1,9563784171,2502412,0
9.56645,2,9566377177,73000,1
9.56895,1,9566448177,2502412,0
9.5715,4,9568996183,2502412,0
9.57403,3,9571526189,2502412,0
9.57656,1,9574056195,2502412,0
9.57912,4,9576613201,2502412,0
9.57923,1,9579161207,73000,1
9.58178,3,9579277207,2502412,0
9.58435,2,9581843213,2502412,0
9.58688,4,9584382219,2502412,0
9.58941,4,9586911631,2502412,0
9.58952,3,9589450637,73000,1
9.58952,1,9589450637,73000,1
9.58963,2,9589557637,73000,1
9.59213,3,9589628637,2502412,0
9.59466,4,9592158643,2502412,0
9.59977,4,9597263655,2502412,0
9.60231,2,9599802661,2502412,0
9.60272,2,9602645073,73000,1
9.60272,3,9602645073,73000,1
9.60552,4,9603022079,2502412,0
9.60568,4,9605605491,73000,1
9.60821,3,9605704085,2502412,0
9.61079,2,9608288091,2502412,0
9.61589,3,9613384103,2502412,0
9.61843,2,9615923109,2502412,0
9.62096,1,9618462115,2502412,0
9.62349,4,9620992121,2502412,0
9.62602,3,9623522127,2502412,0
9.62612,3,9626051539,73000,1
9.62613,2,9626052133,73000,1
9.62621,4,9626132133,73000,1
9.62621,1,9626132133,73000,1
9.63131,3,9628805139,2502412,0
9.63385,1,9631344145,2502412,0
9.6367,1,9634196151,2502412,0
9.63684,4,9636771157,73000,1
9.63934,1,9636842157,2502412,0
9.64189,3,9639390163,2502412,0
9.64443,1,9641929169,2502412,0
9.64697,3,9644468175,2502412,0
9.6495,2,9646998181,2502412,0
9.65205,2,9649545593,2502412,0
9.65745,1,9654947611,2502412,0
9.65759,2,9657513617,73000,1
9.65759,3,9657513617,73000,1
9.65772,1,9657647617,73000,1
9.66024,2,9657736617,2502412,0
9.66277,4,9660266623,2502412,0
9.66532,1,9662814629,2502412,0
9.66785,4,9665344635,2502412,0
9.6704,2,9667892641,2502412,0
9.6755,3,9672997653,2502412,0
9.67804,1,9675536659,2502412,0
9.68058,4,9678075665,2502412,0
9.68311,1,9680605671,2502412,0
9.68564,3,9683135677,2502412,0
9.68818,2,9685674683,2502412,0
9.69071,4,9688204689,2502412,0
9.69336,2,9693282701,73000,1
9.69336,1,9693282701,73000,1
9.69587,3,9693371701,2502412,0
9.69841,4,9695910707,2502412,0
9.70099,3,9698485713,2502412,0
9.70143,4,9701357725,73000,1
9.70397,2,9701464725,2502412,0
9.70681,3,9704307137,2502412,0
9.70935,4,9706846143,2502412,0
9.7119,2,9709394149,2502412,0
9.71443,2,9711923561,2502412,0
9.71696,1,9714453567,2502412,0
9.71707,2,9716992573,73000,1
9.71707,3,9716992573,73000,1
9.72213,1,9719629579,2502412,0
9.72466,4,9722159585,2502412,0
9.72723,3,9724725591,2502412,0
9.72979,2,9727282597,2502412,0
9.73232,4,9729812603,2502412,0
9.73485,3,9732342609,2502412,0
9.74024,1,9737733621,2502412,0
9.74037,3,9740299627,73000,1
9.74037,4,9740299627,73000,1
9.74287,2,9740370627,2502412,0
9.7454,2,9742900039,2502412,0
9.74799,1,9745484045,2502412,0
9.75052,4,9748014051,2502412,0
9.75062,1,9750544057,73000,1
9.75313,2,9750624057,2502412,0
9.75596,1,9753460069,2502412,0
9.75606,2,9755990075,73000,1
9.75606,4,9755990075,73000,1
9.75859,4,9756088075,2502412,0
9.76112,3,9758618081,2502412,0
9.76368,1,9761175087,2502412,0
9.76623,3,9763723093,2502412,0
9.76634,4,9766262099,73000,1
9.76884,4,9766335099,2502412,0
9.77137,4,9768864511,2502412,0
9.77395,1,9771448517,2502412,0
9.77648,4,9773978523,2502412,0
9.77901,1,9776508529,2502412,0
9.78154,2,9779038535,2502412,0
9.78407,3,9781568541,2502412,0
9.7866,4,9784098547,2502412,0
9.78916,2,9786655553,2502412,0
9.78926,3,9789185559,73000,1
9.79431,2,9791806565,2502412,0
9.79687,1,9794363571,2502412,0
9.7994,4,9796902577,2502412,0
9.80197,2,9799468583,2502412,0
9.80483,1,9802331595,2502412,0
9.80736,3,9804861601,2502412,0
9.80779,1,9807713013,73000,1
9.80779,2,9807713013,73000,1
9.80786,3,9807784013,73000,1
9.80786,4,9807784013,73000,1
9.8104,2,9807900013,2502412,0
9.81302,2,9810519425,2502412,0
9.81556,2,9813057837,2502412,0
9.81566,3,9815587843,73000,1
9.81566,4,9815587843,73000,1
9.82071,2,9818206849,2502412,0
9.82324,1,9820736855,2502412,0
9.82578,2,9823275861,2502412,0
9.82831,1,9825805867,2502412,0
9.83084,3,9828335873,2502412,0
9.83339,3,9830892285,2502412,0
9.8335,3,9833430697,73000,1
9.8335,1,9833431291,73000,1
9.83853,2,9836032297,2502412,0
9.84149,2,9838983303,2502412,0
9.84402,1,9841513309,2502412,0
9.84414,1,9844069721,73000,1
9.84667,2,9844168315,2502412,0
9.84922,3,9846716321,2502412,0
9.85466,2,9852154339,2502412,0
9.85719,1,9854684345,2502412,0
9.85973,2,9857223351,2502412,0
9.86227,3,9859771357,2502412,0
9.8648,4,9862301363,2502412,0
9.86987,3,9867370375,2502412,0
9.87244,1,9869936381,2502412,0
9.87497,4,9872466387,2502412,0
9.8775,2,9874996393,2502412,0
9.88005,1,9877544399,2502412,0
9.88259,3,9880083405,2502412,0
9.88769,3,9885188417,2502412,0
9.88779,3,9887717829,73000,1
9.88779,4,9887718423,73000,1
9.89031,2,9887807423,2502412,0
9.89285,1,9890346429,2502412,0
9.89539,3,9892885435,2502412,0
9.89792,3,9895414847,2502412,0
9.90047,2,9897962853,2502412,0
9.90057,3,9900492859,73000,1
9.90064,4,9900563859,73000,1
9.90314,1,9900634859,2502412,0
9.90569,2,9903182865,2502412,0
9.90854,2,9906036877,2502412,0
9.90895,2,9908879289,73000,1
9.90895,1,9908879289,73000,1
9.91145,1,9908952289,2502412,0
9.91399,1,9911490701,2502412,0
9.91652,1,9914020113,2502412,0
9.92165,1,9919143125,2502412,0
9.92425,3,9921745131,2502412,0
9.92681,2,9924311137,2502412,0
9.92934,1,9926841143,2502412,0
9.93444,3,9931937155,2502412,0
9.93454,2,9934467161,73000,1
9.93454,4,9934467161,73000,1
9.93708,1,9934574161,2502412,0
9.93961,4,9937104167,2502412,0
9.94005,4,9939974173,73000,1
9.94005,3,9939974173,73000,1
9.9451,2,9942593179,2502412,0
9.94763,1,9945132185,2502412,0
9.95018,4,9947680191,2502412,0
9.95561,2,9953109209,2502412,0
9.95815,1,9955648215,2502412,0
9.96071,4,9958205221,2502412,0
9.96327,1,9960771227,2502412,0
9.96581,3,9963310233,2502412,0
9.97088,2,9968379245,2502412,0
9.97343,3,9970927251,2502412,0
9.97598,4,9973475257,2502412,0
9.97853,3,9976023263,2502412,0
9.98106,3,9978552675,2502412,0
9.98116,2,9981082681,73000,1
9.98116,1,9981082681,73000,1
9.98621,4,9983710687,2502412,0
9.9888,4,9986294099,2502412,0
9.99134,3,9988833105,2502412,0
9.99387,2,9991363111,2502412,0
9.99654,3,9996468123,73000,1
9.99654,1,9996468123,73000,1
9.99905,4,9996548123,2502412,0
10.0016,2,9999123129,2502412,0
10.0045,4,10001995141,2502412,0
10.0096,3,10007055153,2502412,0
10.0121,4,10009612159,2502412,0
10.0126,3,10012481571,73000,1
10.0126,2,10012481571,73000,1
10.0151,2,10012570571,2502412,0
10.0176,2,10015099983,2502412,0
10.0201,2,10017638395,2502412,0
10.0252,2,10022698407,2502412,0
10.0277,1,10025237413,2502412,0
10.0303,4,10027767419,2502412,0
10.0328,3,10030297425,2502412,0
10.0354,4,10032854431,2502412,0
10.0355,1,10035402437,73000,1
10.0355,2,10035402437,73000,1
10.038,3,10035491437,2502412,0
10.0431,3,10040578449,2502412,0
10.0459,3,10043421455,2502412,0
10.046,3,10045959867,73000,1
10.046,4,10045960461,73000,1
10.0485,1,10046031461,2502412,0
10.0511,4,10048561467,2502412,0
10.0539,4,10051424479,2502412,0
10.0541,1,10053990485,73000,1
10.0541,3,10053990485,73000,1
10.0566,2,10054070485,2502412,0
10.0616,4,10059139497,2502412,0
10.0618,4,10061749909,73000,1
10.0618,2,10061750503,73000,1
10.062,1,10061893503,73000,1
10.0672,4,10064656509,2502412,0
10.0698,2,10069725521,73000,1
10.0698,3,10069725521,73000,1
10.0699,1,10069796521,73000,1
10.0699,3,10069798521,73000,1
10.07,4,10069923521,73000,1
10.0726,1,10070066521,2502412,0
10.0777,2,10075153533,2502412,0
10.0802,2,10077736945,2502412,0
10.0829,2,10082805957,73000,1
10.0829,1,10082805957,73000,1
10.0854,4,10082903957,2502412,0
10.0905,2,10088017969,2502412,0
10.0906,2,10090556381,73000,1
10.0906,4,10090556975,73000,1
10.0932,2,10090663975,2502412,0
10.0982,2,10095741987,2502412,0
10.1008,1,10098280993,2502412,0
10.1062,3,10103737011,2502412,0
10.1088,2,10106276017,2502412,0
10.1113,1,10108806023,2502412,0
10.1138,4,10111336029,2502412,0
10.1167,2,10114205441,2502412,0
10.1192,1,10116744447,2502412,0
10.1219,4,10121840459,73000,1
10.1219,3,10121840459,73000,1
10.1244,2,10121920459,2502412,0
10.127,1,10124486465,2502412,0
10.1295,3,10127025471,2502412,0
10.1321,3,10129554883,2502412,0
10.1371,2,10134641895,2502412,0
10.1397,3,10137171901,2502412,0
10.1398,3,10139701313,73000,1
10.1398,2,10139701907,73000,1
10.1423,4,10139790907,2502412,0
10.1448,1,10142329913,2502412,0
10.1477,4,10145199919,2502412,0
10.1502,4,10147738331,2502412,0
10.1529,1,10152798343,73000,1
10.1529,2,10152798343,73000,1
10.1554,4,10152905343,2502412,0
10.1583,4,10155768355,2502412,0
10.1584,4,10158306767,73000,1
10.1584,1,10158307361,73000,1
10.1609,4,10158396361,2502412,0
10.166,3,10163483373,2502412,0
10.1685,3,10166030785,2502412,0
10.1711,4,10168569791,2502412,0
10.1736,1,10171144797,2502412,0
10.1762,3,10173674803,2502412,0
10.1787,1,10176204809,2502412,0
10.1812,4,10178734815,2502412,0
10.1863,3,10183812827,2502412,0
10.1889,1,10186405833,2502412,0
10.1914,4,10188944839,2502412,0
10.1915,4,10191474251,73000,1
10.1915,3,10191474845,73000,1
10.1942,2,10194111851,73000,1
10.1942,3,10194111851,73000,1
10.1967,4,10194191851,2502412,0
10.1992,1,10196739857,2502412,0
10.2018,4,10199332863,2502412,0
10.2072,1,10204716881,2502412,0
10.2098,1,10207255293,2502412,0
10.2123,1,10209820705,2502412,0
10.2149,1,10212359117,2502412,0
10.2177,4,10215201529,2502412,0
10.2228,1,10220324541,2502412,0
10.2254,1,10222862953,2502412,0
10.2279,1,10225419365,2502412,0
10.2305,4,10227949371,2502412,0
10.233,4,10230478783,2502412,0
10.2381,4,10235556795,2502412,0
10.2406,3,10238131801,2502412,0
10.2408,3,10240688213,73000,1
10.2408,1,10240688807,73000,1
10.2433,3,10240786807,2502412,0
10.2434,4,10243316813,73000,1
10.2435,4,10243459813,73000,1
10.2435,3,10243459813,73000,1
10.2462,1,10246132819,73000,1
10.2462,3,10246132819,73000,1
10.2491,2,10246566003,2502412,0
10.2571,2,10254570027,2502412,0
10.2598,2,10259711039,73000,1
10.2598,4,10259711039,73000,1
10.2649,3,10262375045,2502412,0
10.2675,2,10264959051,2502412,0
10.2725,1,10270046063,2502412,0
10.2751,1,10272584475,2502412,0
10.2776,3,10275123481,2502412,0
10.2802,3,10277670893,2502412,0
10.2852,2,10282730905,2502412,0
10.2878,1,10285287911,2502412,0
10.2903,4,10287817917,2502412,0
10.2929,3,10290365923,2502412,0
10.2954,2,10292895929,2502412,0
10.3005,3,10297991941,2502412,0
10.3006,2,10300521947,73000,1
10.3006,1,10300521947,73000,1
10.3031,4,10300592947,2502412,0
10.3056,3,10303122953,2502412,0
10.306,3,10305958965,73000,1
10.306,1,10305958965,73000,1
10.3086,1,10306101965,2502412,0
10.3137,4,10311170977,2502412,0
10.3163,4,10313754389,2502412,0
10.3188,4,10316283801,2502412,0
10.3216,1,10319144213,2502412,0
10.3242,1,10321673625,2502412,0
10.3243,2,10324239631,73000,1
10.3268,4,10324319631,2502412,0
10.3269,4,10326849043,73000,1
10.3269,3,10326849637,73000,1
10.3295,1,10326974637,2502412,0
10.332,1,10329504049,2502412,0
10.3345,4,10332034055,2502412,0
10.3371,3,10334573061,2502412,0
10.3372,4,10337112067,73000,1
10.3397,1,10337192067,2502412,0
10.3399,1,10339784479,73000,1
10.3399,3,10339785073,73000,1
10.3424,3,10339901073,2502412,0
10.3475,1,10344979085,2502412,0
10.35,1,10347517497,2502412,0
10.3532,3,10350684509,2502412,0
10.3557,4,10353214515,2502412,0
10.3582,4,10355743927,2502412,0
10.3608,2,10358291933,2502412,0
10.3609,3,10360821939,73000,1
10.3634,4,10360901939,2502412,0
10.3635,2,10363431945,73000,1
10.3635,1,10363431945,73000,1
10.366,4,10363511945,2502412,0
10.3686,1,10366095951,2502412,0
10.3688,4,10368679957,73000,1
10.3713,1,10368759957,2502412,0
10.3738,3,10371298963,2502412,0
10.3764,3,10373864375,2502412,0
10.3789,3,10376420787,2502412,0
10.3815,3,10378950199,2502412,0
10.3816,1,10381480205,73000,1
10.3841,2,10381551205,2502412,0
10.3866,2,10384107617,2502412,0
10.3892,2,10389167629,73000,1
10.3892,4,10389167629,73000,1
10.3918,3,10389247629,2502412,0
10.3943,1,10391777635,2502412,0
10.3968,3,10394343641,2502412,0
10.3994,2,10396891647,2502412,0
10.3995,3,10399448653,73000,1
10.402,1,10399519653,2502412,0
10.4049,2,10402400665,2502412,0
10.4074,1,10404939671,2502412,0
10.41,2,10407478677,2502412,0
10.4126,2,10412574689,73000,1
10.4126,3,10412574689,73000,1
10.4152,1,10412672689,2502412,0
10.4153,1,10415265101,73000,1
10.4153,4,10415265695,73000,1
10.4178,2,10415336695,2502412,0
10.4233,2,10420790707,2502412,0
10.4234,3,10423347713,73000,1
10.4234,1,10423347713,73000,1
10.4285,2,10425957719,2502412,0
10.431,2,10428541131,2502412,0
10.4362,2,10433700143,2502412,0
10.4363,2,10436238555,73000,1
10.4363,1,10436239149,73000,1
10.4388,2,10436337149,2502412,0
10.444,2,10441451161,2502412,0
10.4465,4,10443999167,2502412,0
10.4466,3,10446565173,73000,1
10.4467,2,10446672173,73000,1
10.4467,3,10446672173,73000,1
10.4493,4,10446779173,2502412,0
10.455,4,10452493597,2502412,0
10.4576,4,10455050009,2502412,0
10.4601,2,10457589015,2502412,0
10.4602,2,10460127427,73000,1
10.4628,4,10460253021,2502412,0
10.4653,4,10462809433,2502412,0
10.4654,4,10465347845,73000,1
10.4654,2,10465348439,73000,1
10.4706,4,10468048445,2502412,0
10.4782,4,10475736869,2502412,0
10.4808,2,10478266875,2502412,0
10.4859,1,10483371887,2502412,0
10.4884,4,10485928893,2502412,0
10.491,2,10488485899,2502412,0
10.4935,1,10491024905,2502412,0
10.4986,2,10496102917,2502412,0
10.5012,4,10498650923,2502412,0
10.504,1,10501486935,2502412,0
10.5041,1,10504070347,73000,1
10.5041,2,10504070941,73000,1
10.5042,4,10504141941,73000,1
10.5067,2,10504230941,2502412,0
10.5093,1,10506760947,2502412,0
10.5119,1,10509353359,2502412,0
10.512,1,10511900771,73000,1
10.512,2,10511901365,73000,1
10.5145,4,10512026365,2502412,0
10.5171,4,10514582777,2502412,0
10.5222,4,10519678789,2502412,0
10.5277,1,10525150207,2502412,0
10.5302,2,10527680213,2502412,0
10.5327,4,10530219219,2502412,0
10.5378,1,10535297231,2502412,0
10.5403,2,10537845237,2502412,0
10.5429,2,10540410649,2502412,0
10.5454,2,10542940061,2502412,0
10.5456,1,10545479067,73000,1
10.5456,4,10545479067,73000,1
10.5481,2,10545568067,2502412,0
10.5507,1,10548152073,2502412,0
10.5532,1,10550681485,2502412,0
10.5539,1,10553857497,73000,1
10.5564,2,10553928497,2502412,0
10.559,4,10556467503,2502412,0
10.5615,4,10559032915,2502412,0
10.5641,2,10561580921,2502412,0
10.5692,1,10566676933,2502412,0
10.5717,4,10569206939,2502412,0
10.5743,1,10571772945,2502412,0
10.5744,1,10574320357,73000,1
10.5744,4,10574320951,73000,1
10.5744,2,10574320951,73000,1
10.5795,2,10577011957,2502412,0
10.5822,1,10582143969,73000,1
10.5822,4,10582143969,73000,1
10.5847,2,10582232969,2502412,0
10.5899,2,10587373981,2502412,0
10.5924,1,10589903987,2502412,0
10.5976,1,10595062999,2502412,0
10.5977,2,10597593005,73000,1
10.6002,1,10597682005,2502412,0
10.6027,2,10600212011,2502412,0
10.6056,1,10603057023,2502412,0
10.6083,1,10608198035,73000,1
10.6083,2,10608198035,73000,1
10.6134,4,10610898041,2502412,0
10.6159,1,10613437047,2502412,0
10.621,4,10618533059,2502412,0
10.6236,4,10621071471,2502412,0
10.6261,4,10623627883,2502412,0
10.6315,1,10629000301,2502412,0
10.634,2,10631539307,2502412,0
10.6366,1,10634105313,2502412,0
10.6391,4,10636644319,2502412,0
10.6443,2,10641758331,2502412,0
10.6468,1,10644297337,2502412,0
10.6494,4,10646872343,2502412,0
10.652,2,10651959355,73000,1
10.6546,1,10652066355,2502412,0
10.6574,4,10654902367,2502412,0
10.6628,2,10660329379,2502412,0
10.6629,2,10662858791,73000,1
10.6629,1,10662859385,73000,1
10.6655,4,10662966385,2502412,0
10.6706,3,10668089397,2502412,0
10.6731,3,10670627809,2502412,0
10.6733,4,10673193815,73000,1
10.6758,2,10673282815,2502412,0
10.6783,1,10675839821,2502412,0
10.6809,3,10678369827,2502412,0
10.681,3,10680926239,73000,1
10.6835,2,10681024833,2502412,0
10.6861,1,10683608839,2502412,0
10.6912,1,10688677851,2502412,0
10.6937,2,10691225857,2502412,0
10.6963,4,10693764863,2502412,0
10.6988,4,10696303275,2502412,0
10.6989,1,10698860281,73000,1
10.7015,3,10698949281,2502412,0
10.7043,4,10701785293,2502412,0
10.7068,2,10704315299,2502412,0
10.707,2,10706907711,73000,1
10.707,4,10706908305,73000,1
10.7071,3,10706988305,73000,1
10.7096,2,10707059305,2502412,0
10.7121,2,10709606717,2502412,0
10.7146,2,10712145129,2502412,0
10.7172,1,10714702135,2502412,0
10.7197,4,10717241141,2502412,0
10.7248,2,10722328153,2502412,0
10.7274,4,10724867159,2502412,0
10.7302,1,10727745571,2502412,0
10.7328,4,10730284577,2502412,0
10.7329,1,10732814583,73000,1
10.7329,3,10732814583,73000,1
10.7354,4,10732903583,2502412,0
10.7355,2,10735433589,73000,1
10.7356,4,10735522589,73000,1
10.7356,2,10735522589,73000,1
10.7381,1,10735602589,2502412,0
10.7407,1,10738159001,2502412,0
10.7458,1,10743291013,2502412,0
10.7483,1,10745838425,2502412,0
10.7509,4,10748413431,2502412,0
10.7513,4,10751267443,73000,1
10.7539,1,10751383443,2502412,0
10.7541,1,10753984855,73000,1
10.7566,4,10754101449,2502412,0
10.7596,3,10759527867,73000,1
10.7596,2,10759527867,73000,1
10.7621,4,10759634867,2502412,0
10.7648,4,10764694879,73000,1
10.7648,2,10764694879,73000,1
10.7673,1,10764837879,2502412,0
10.7674,1,10767376291,73000,1
10.77,4,10767510885,2502412,0
10.7751,4,10772642897,2502412,0
10.7777,1,10775181903,2502412,0
10.7778,1,10777720315,73000,1
10.7803,4,10777836909,2502412,0
10.7855,2,10782950921,2502412,0
10.788,4,10785498927,2502412,0
10.7931,2,10790612939,2502412,0
10.7957,1,10793187945,2502412,0
10.7982,4,10795726951,2502412,0
10.8036,2,10801128969,2502412,0
10.8062,1,10803703975,2502412,0
10.8113,4,10808772987,2502412,0
10.8138,1,10811329993,2502412,0
10.8164,1,10813868405,2502412,0
10.8189,2,10816398411,2502412,0
10.819,2,10818954823,73000,1
10.8191,1,10819035417,73000,1
10.8191,4,10819035417,73000,1
10.8216,2,10819115417,2502412,0
10.8242,2,10821671829,2502412,0
10.8267,2,10824228241,2502412,0
10.8322,3,10829664253,2502412,0
10.8347,2,10832212259,2502412,0
10.8398,4,10837326271,2502412,0
10.8399,3,10839856277,73000,1
10.8399,1,10839856277,73000,1
10.8425,2,10839963277,2502412,0
10.8476,1,10845068289,2502412,0
10.8477,1,10847606701,73000,1
10.8477,4,10847607295,73000,1
10.8502,2,10847678295,2502412,0
10.8527,3,10850208301,2502412,0
10.8556,3,10853053313,2502412,0
10.8607,2,10858176325,2502412,0
10.8635,3,10861046331,2502412,0
10.8661,4,10863576337,2502412,0
10.8686,3,10866106343,2502412,0
10.8712,4,10868654349,2502412,0
10.8713,1,10871211355,73000,1
10.8738,4,10871291355,2502412,0
10.8763,2,10873821361,2502412,0
10.8789,3,10876351367,2502412,0
10.8814,3,10878925779,2502412,0
10.884,4,10881464785,2502412,0
10.8841,4,10884021197,73000,1
10.8866,2,10884101791,2502412,0
10.8891,2,10886631203,2502412,0
10.8917,2,10889196615,2502412,0
10.8942,3,10891726621,2502412,0
10.8968,2,10894265627,2502412,0
10.8993,3,10896804633,2502412,0
10.902,3,10901882645,73000,1
10.9045,4,10901962645,2502412,0
10.9073,4,10904798657,2502412,0
10.9098,2,10907328663,2502412,0
10.9124,1,10909903669,2502412,0
10.915,2,10912451675,2502412,0
10.9175,2,10914999087,2502412,0
10.9226,4,10920059099,2502412,0
10.9251,1,10922625105,2502412,0
10.9252,1,10925154517,73000,1
10.9252,2,10925155111,73000,1
10.9277,3,10925235111,2502412,0
10.9303,4,10927792117,2502412,0
10.9328,3,10930340123,2502412,0
10.9382,3,10935739541,2502412,0
10.9408,2,10938296547,2502412,0
10.9433,3,10940826553,2502412,0
10.9459,4,10943356559,2502412,0
10.9484,1,10945922565,2502412,0
10.951,4,10948461571,2502412,0
10.9563,2,10953845589,2502412,0
10.9589,1,10956384595,2502412,0
10.9614,3,10958923601,2502412,0
10.964,4,10961453607,2502412,0
10.9668,2,10964314613,2502412,0
10.9694,1,10966853619,2502412,0
10.9695,2,10969392625,73000,1
10.9695,3,10969392625,73000,1
10.9696,4,10969508625,73000,1
10.9721,3,10969579625,2502412,0
10.9746,4,10972127631,2502412,0
10.9772,2,10974657637,2502412,0
10.9773,3,10977196643,73000,1
10.9773,1,10977196643,73000,1
10.9774,2,10977285643,73000,1
10.9774,3,10977285643,73000,1
10.9825,4,10979958649,2502412,0
10.985,2,10982497655,2502412,0
10.9875,4,10985045661,2502412,0
10.9902,1,10987647667,2502412,0
10.9952,4,10992716679,2502412,0
10.9977,2,10995246685,2502412,0
11.0003,2,10997776097,2502412,0
11.0032,4,11000657109,2502412,0
11.0057,3,11003187115,2502412,0
11.0082,1,11005735121,2502412,0
11.0083,1,11008264533,73000,1
11.0109,2,11008354127,2502412,0
11.011,2,11010919539,73000,1
11.011,4,11010920133,73000,1
11.0135,3,11011000133,2502412,0
11.0161,1,11013548139,2502412,0
11.0186,1,11016086551,2502412,0
11.0237,3,11021182563,2502412,0
11.0262,1,11023721569,2502412,0
11.0288,2,11026260575,2502412,0
11.0313,1,11028799581,2502412,0
11.0338,3,11031329587,2502412,0
11.0364,3,11033876999,2502412,0
11.0392,4,11036719411,2502412,0
11.0443,2,11041797423,2502412,0
11.0468,1,11044327429,2502412,0
11.047,4,11046938435,73000,1
11.047,3,11046938435,73000,1
11.0471,1,11047009435,73000,1
11.0471,2,11047009435,73000,1
11.0496,2,11047107435,2502412,0
11.0551,1,11052554453,2502412,0
11.0576,2,11055084459,2502412,0
11.0601,3,11057623465,2502412,0
11.0652,3,11062719477,2502412,0
11.0678,2,11065258483,2502412,0
11.0682,2,11068101489,73000,1
11.0682,1,11068101489,73000,1
11.0707,3,11068172489,2502412,0
11.0732,4,11070720495,2502412,0
11.0758,1,11073277501,2502412,0
11.0783,4,11075807507,2502412,0
11.0784,3,11078337513,73000,1
11.0809,1,11078426513,2502412,0
11.0811,1,11080982925,73000,1
11.0811,4,11080983519,73000,1
11.0811,3,11080983519,73000,1
11.0836,4,11081090519,2502412,0
11.0862,2,11083656525,2502412,0
11.0887,4,11086186531,2502412,0
11.0888,2,11088716537,73000,1
11.0913,2,11088789537,2502412,0
11.0939,1,11091391543,2502412,0
11.094,1,11093929955,73000,1
11.094,3,11093930549,73000,1
11.0941,2,11094001549,73000,1
11.0941,3,11094003549,73000,1
11.0966,4,11094083549,2502412,0
11.1017,4,11099215561,2502412,0
11.1018,1,11101754567,73000,1
11.1043,4,11101834567,2502412,0
11.1045,4,11104381979,73000,1
11.1049,2,11104831579,73000,1
11.1049,1,11104831579,73000,1
11.1074,4,11104920579,2502412,0
11.1075,2,11107450585,73000,1
11.1101,3,11107566585,2502412,0
11.1126,3,11110113997,2502412,0
11.1152,3,11112652409,2502412,0
11.1202,4,11117712421,2502412,0
11.1228,3,11120278427,2502412,0
11.1253,4,11122826433,2502412,0
11.1255,4,11125382845,73000,1
11.1255,3,11125383439,73000,1
11.128,4,11125455845,2502412,0
11.1306,4,11128066257,2502412,0
11.1356,4,11133144269,2502412,0
11.1358,4,11135682681,73000,1
11.1358,2,11135683275,73000,1
11.1383,4,11135808275,2502412,0
11.1413,4,11141225693,73000,1
11.1413,3,11141225693,73000,1
11.1464,3,11143880699,2502412,0
11.1489,4,11146419705,2502412,0
11.1515,3,11148976711,2502412,0
11.1516,2,11151515717,73000,1
11.1542,4,11154116723,73000,1
11.1571,3,11154565729,2502412,0
11.1622,3,11159706741,2502412,0
11.1673,4,11164829753,2502412,0
11.1699,3,11167359759,2502412,0
11.1703,4,11170247765,73000,1
11.1703,1,11170247765,73000,1
11.1754,3,11172884771,2502412,0
11.1779,3,11175423183,2502412,0
11.1805,3,11177961595,2502412,0
11.1806,3,11180518007,73000,1
11.1832,4,11180688601,2502412,0
11.1833,4,11183218013,73000,1
11.1858,4,11183298607,2502412,0
11.1884,3,11185873613,2502412,0
11.1935,4,11190987625,2502412,0
11.1936,4,11193562037,73000,1
11.1961,3,11193633631,2502412,0
11.2013,3,11198783643,2502412,0
11.2067,3,11204203661,2502412,0
11.2093,4,11206751667,2502412,0
11.2118,3,11209281673,2502412,0
11.2143,4,11211829679,2502412,0
11.2169,3,11214377685,2502412,0
11.2219,4,11219437697,2502412,0
11.2245,3,11221967703,2502412,0
11.227,4,11224515709,2502412,0
11.2295,4,11227045121,2502412,0
11.2321,4,11229583533,2502412,0
11.2372,4,11234706545,2502412,0
11.2397,3,11237236551,2502412,0
11.2426,4,11240141963,2502412,0
11.2452,4,11242680375,2502412,0
11.2477,3,11245228381,2502412,0
11.2528,4,11250288393,2502412,0
11.2557,3,11253205405,2502412,0
11.2582,3,11255734817,2502412,0
11.2583,3,11258273229,73000,1
11.2583,4,11258273823,73000,1
11.2661,4,11263575241,2502412,0
11.2686,3,11266105247,2502412,0
11.274,4,11271504665,2502412,0
11.2765,4,11274043077,2502412,0
11.2791,3,11276573083,2502412,0
11.2816,3,11279147495,2502412,0
11.2868,4,11284252507,2502412,0
11.2893,3,11286791513,2502412,0
11.2918,4,11289321519,2502412,0
11.2944,4,11291868931,2502412,0
11.2969,4,11294398343,2502412,0
11.2994,3,11296928349,2502412,0
11.3049,3,11302366367,2502412,0
11.305,3,11304922779,73000,1
11.305,4,11304923373,73000,1
11.3101,3,11307605379,2502412,0
11.3127,2,11310189385,2502412,0
11.3153,3,11315249397,73000,1
11.3153,4,11315249397,73000,1
11.3179,1,11315383397,2502412,0
11.3204,2,11317922403,2502412,0
11.3255,1,11323000415,2502412,0
11.3281,1,11325556827,2502412,0
11.3282,2,11328104833,73000,1
11.3282,3,11328104833,73000,1
11.3308,1,11330750839,73000,1
11.3308,4,11330750839,73000,1
11.336,3,11333477845,2502412,0
11.3385,3,11336016257,2502412,0
11.3386,3,11338545669,73000,1
11.3412,2,11338662263,2502412,0
11.3413,2,11341218675,73000,1
11.3466,1,11344086009,2502412,0
11.3491,1,11346633421,2502412,0
11.3517,3,11349208427,2502412,0
11.3571,1,11354610445,2502412,0
11.3596,2,11357140451,2502412,0
11.3622,3,11359670457,2502412,0
11.3647,3,11362244869,2502412,0
11.3698,1,11367304881,2502412,0
11.3723,3,11369834887,2502412,0
11.3749,2,11372364893,2502412,0
11.3777,1,11375234899,2502412,0
11.3803,2,11377764905,2502412,0
11.3828,2,11380339317,2502412,0
11.3829,3,11382869323,73000,1
11.3854,4,11382940323,2502412,0
11.3856,2,11385479329,73000,1
11.3856,1,11385479329,73000,1
11.3881,1,11385577329,2502412,0
11.3906,1,11388115741,2502412,0
11.3932,3,11390663747,2502412,0
11.3957,4,11393220753,2502412,0
11.4008,3,11398307765,2502412,0
11.4009,1,11400855771,73000,1
11.4009,2,11400855771,73000,1
11.4034,4,11400935771,2502412,0
11.4036,3,11403483777,73000,1
11.409,4,11406489789,2502412,0
11.4115,2,11409037795,2502412,0
11.4141,2,11411585207,2502412,0
11.4142,1,11414115213,73000,1
11.4142,3,11414115213,73000,1
11.4167,4,11414195213,2502412,0
11.4218,2,11419318225,2502412,0
11.422,2,11421892637,73000,1
11.422,4,11421893231,73000,1
11.4245,4,11421966231,2502412,0
11.4296,3,11427071243,2502412,0
11.4321,1,11429601249,2502412,0
11.4322,1,11432139661,73000,1
11.4322,3,11432140255,73000,1
11.4347,4,11432220255,2502412,0
11.4398,2,11437289267,2502412,0
11.4423,4,11439828273,2502412,0
11.4449,2,11442367279,2502412,0
11.4477,4,11445218691,2502412,0
11.4503,3,11447793697,2502412,0
11.4529,4,11450403703,2502412,0
11.4554,2,11452942709,2502412,0
11.4583,3,11455841721,2502412,0
11.4609,4,11458371727,2502412,0
11.4634,1,11460901733,2502412,0
11.4659,4,11463440739,2502412,0
11.471,1,11468500751,2502412,0
11.4735,2,11471039757,2502412,0
11.4737,1,11473578763,73000,1
11.4737,4,11473578763,73000,1
11.4737,3,11473578763,73000,1
11.4762,1,11473694763,2502412,0
11.4791,2,11476564769,2502412,0
11.4816,2,11479103181,2502412,0
11.4841,1,11481633187,2502412,0
11.4893,2,11486756199,2502412,0
11.4918,4,11489313205,2502412,0
11.4919,1,11491843211,73000,1
11.4919,3,11491843211,73000,1
11.497,2,11494525217,2502412,0
11.4996,4,11497055223,2502412,0
11.5021,2,11499603229,2502412,0
11.5022,1,11502151235,73000,1
11.5023,4,11502222235,73000,1
11.5051,2,11502635241,2502412,0
11.5077,2,11505218653,2502412,0
11.5128,4,11510314665,2502412,0
11.5154,2,11512889671,2502412,0
11.5179,4,11515437677,2502412,0
11.523,2,11520515689,2502412,0
11.5256,4,11523063695,2502412,0
11.5281,2,11525638701,2502412,0
11.5332,3,11530698713,2502412,0
11.5357,4,11533237719,2502412,0
11.5359,2,11535794725,73000,1
11.5359,1,11535794725,73000,1
11.5384,3,11535892725,2502412,0
11.5435,4,11541006737,2502412,0
11.5461,4,11543563149,2502412,0
11.5489,3,11546432561,2502412,0
11.549,1,11548962567,73000,1
11.5516,2,11549051567,2502412,0
11.5541,4,11551590573,2502412,0
11.5569,2,11554426585,2502412,0
11.5595,2,11556991997,2502412,0
11.562,3,11559522003,2502412,0
11.5621,2,11562052009,73000,1
11.5646,3,11562132009,2502412,0
11.5672,4,11564689015,2502412,0
11.5697,4,11567236427,2502412,0
11.5723,3,11569766433,2502412,0
11.5724,2,11572296439,73000,1
11.5724,1,11572296439,73000,1
11.5775,3,11574951445,2502412,0
11.5803,3,11577794451,2502412,0
11.5828,3,11580323863,2502412,0
11.5854,4,11582871869,2502412,0
11.5879,3,11585446875,2502412,0
11.5931,4,11590551887,2502412,0
11.5956,3,11593090893,2502412,0
11.6007,4,11598240905,2502412,0
11.6009,3,11600788911,73000,1
11.6063,4,11603749923,2502412,0
11.6088,4,11606315335,2502412,0
11.6114,2,11608863341,2502412,0
11.6139,3,11611393347,2502412,0
11.6164,3,11613922759,2502412,0
11.6215,4,11618982771,2502412,0
11.6241,3,11621548777,2502412,0
11.6242,3,11624078189,73000,1
11.6242,2,11624078783,73000,1
11.6267,3,11624151189,2502412,0
11.6292,4,11626681195,2502412,0
11.6318,4,11629255607,2502412,0
11.6369,3,11634360619,2502412,0
11.6394,4,11636926625,2502412,0
11.642,3,11639456631,2502412,0
11.6446,4,11644561643,73000,1
11.6446,2,11644561643,73000,1
11.6471,2,11644634643,2502412,0
11.6497,3,11647209649,2502412,0
11.6554,2,11652924073,2502412,0
11.658,4,11655490079,2502412,0
11.6605,3,11658020085,2502412,0
11.6631,4,11660568091,2502412,0
11.6656,2,11663116097,2502412,0
11.6707,4,11668194109,2502412,0
11.6732,2,11670733115,2502412,0
11.6758,3,11673272121,2502412,0
11.6783,2,11675811127,2502412,0
11.6809,4,11678368133,2502412,0
11.6837,2,11681211139,2502412,0
11.6888,1,11686289151,2502412,0
11.6913,3,11688819157,2502412,0
11.6914,2,11691367163,73000,1
11.6914,4,11691367163,73000,1
11.694,2,11691474163,2502412,0
11.6965,1,11694040169,2502412,0
11.6967,3,11696588175,73000,1
11.6992,2,11696659175,2502412,0
11.7017,2,11699224587,2502412,0
11.7046,4,11702069599,2502412,0
11.7071,4,11704599011,2502412,0
11.7072,2,11707138017,73000,1
11.7072,3,11707138017,73000,1
11.7072,1,11707138017,73000,1
11.7097,4,11707227017,2502412,0
11.7149,1,11712359029,2502412,0
11.7174,2,11714889035,2502412,0
11.7199,4,11717428041,2502412,0
11.7225,2,11719958047,2502412,0
11.7251,2,11725072059,73000,1
11.7251,1,11725072059,73000,1
11.7277,4,11725170059,2502412,0
11.7302,2,11727709065,2502412,0
11.7327,2,11730238477,2502412,0
11.7353,1,11732777483,2502412,0
11.7378,4,11735307489,2502412,0
11.7429,4,11740403501,2502412,0
11.7454,1,11742933507,2502412,0
11.748,2,11745481513,2502412,0
11.7505,1,11748029519,2502412,0
11.7537,3,11751213737,2502412,0
11.7588,4,11756291749,2502412,0
11.7613,1,11758839755,2502412,0
11.7639,2,11761369761,2502412,0
11.7664,4,11763899767,2502412,0
11.7689,3,11766438773,2502412,0
11.7715,1,11768968779,2502412,0
11.774,3,11771498785,2502412,0
11.7767,3,11776621797,73000,1
11.7767,4,11776621797,73000,1
11.7792,2,11776692797,2502412,0
11.7818,1,11779249803,2502412,0
11.7843,3,11781806809,2502412,0
11.7872,2,11784712815,2502412,0
11.7899,2,11789781827,73000,1
11.7899,3,11789781827,73000,1
11.7924,1,11789852827,2502412,0
11.7949,3,11792382833,2502412,0
11.7974,1,11794921839,2502412,0
11.8,1,11797460251,2502412,0
11.8025,1,11799989663,2502412,0
11.8026,2,11802519669,73000,1
11.8051,4,11802590669,2502412,0
11.8079,2,11805435681,2502412,0
11.8081,4,11807983687,73000,1
11.8106,3,11808063687,2502412,0
11.8131,2,11810593693,2502412,0
11.8156,1,11813141699,2502412,0
11.8182,4,11815671705,2502412,0
11.8208,2,11818255711,2502412,0
11.8233,4,11820785717,2502412,0
11.8258,1,11823315723,2502412,0
11.8283,3,11825845729,2502412,0
11.8309,2,11828375735,2502412,0
11.8334,1,11830941741,2502412,0
11.8335,4,11833471747,73000,1
11.8361,1,11833551747,2502412,0
11.8386,3,11836081753,2502412,0
11.8411,2,11838638759,2502412,0
11.8437,3,11841186765,2502412,0
11.8462,1,11843716771,2502412,0
11.8487,4,11846246777,2502412,0
11.8513,3,11848794783,2502412,0
11.8542,3,11851666795,2502412,0
11.857,2,11854518207,2502412,0
11.8571,1,11857057213,73000,1
11.8572,4,11857128213,73000,1
11.8572,1,11857130213,73000,1
11.8623,3,11859794219,2502412,0
11.8649,2,11862351225,2502412,0
11.865,2,11864907637,73000,1
11.865,3,11864908231,73000,1
11.8675,4,11865024231,2502412,0
11.8701,4,11867589643,2502412,0
11.8752,2,11872703655,2502412,0
11.8778,4,11875278661,2502412,0
11.8779,2,11877808667,73000,1
11.8779,1,11877808667,73000,1
11.878,3,11877888667,73000,1
11.8805,4,11877995667,2502412,0
11.883,4,11880525079,2502412,0
11.8856,2,11883082085,2502412,0
11.8884,4,11885934091,2502412,0
11.8936,4,11891048103,2502412,0
11.8961,4,11893604515,2502412,0
11.8962,4,11896142927,73000,1
11.8962,2,11896143521,73000,1
11.9014,4,11898852527,2502412,0
11.9093,4,11906837957,2502412,0
11.9119,2,11909367963,2502412,0
11.9144,4,11911924969,2502412,0
11.9195,3,11916993981,2502412,0
11.922,2,11919532987,2502412,0
11.9246,4,11922080993,2502412,0
11.9271,2,11924610999,2502412,0
11.9297,4,11927177005,2502412,0
11.9298,3,11929707011,73000,1
11.9299,4,11929778011,73000,1
11.9299,2,11929778011,73000,1
11.9324,3,11929849011,2502412,0
11.9349,4,11932415017,2502412,0
11.9375,3,11934954023,2502412,0
11.94,2,11937493029,2502412,0
11.9425,3,11940023035,2502412,0
11.9451,4,11942553041,2502412,0
11.9501,2,11947640053,2502412,0
11.953,3,11950485065,2502412,0
11.9555,4,11953033071,2502412,0
11.9581,2,11955563077,2502412,0
11.9609,3,11958405489,2502412,0
11.9634,2,11960944495,2502412,0
11.966,2,11963482907,2502412,0
11.9661,2,11966057319,73000,1
11.9686,4,11966128913,2502412,0
11.9712,3,11968676919,2502412,0
11.9737,1,11971233925,2502412,0
11.9763,3,11973781931,2502412,0
11.9788,4,11976320937,2502412,0
11.9814,3,11978850943,2502412,0
11.9815,3,11981416355,73000,1
11.9815,4,11981416949,73000,1
11.9841,1,11984044955,73000,1
11.9841,3,11984044955,73000,1
11.9842,2,11984124955,73000,1
11.9842,4,11984124955,73000,1
11.9868,3,11984276955,2502412,0
11.9922,3,11989712373,2502412,0
11.9923,1,11992260379,73000,1
11.9923,4,11992260379,73000,1
11.9949,3,11992349379,2502412,0
12,3,11997463391,2502412,0
12.0025,3,11999992803,2502412,0
12.0026,2,12002540809,73000,1
12.008,3,12005519821,2502412,0
12.0131,3,12010642833,2502412,0
12.0157,3,12013172245,2502412,0
12.0209,3,12018358257,2502412,0
12.021,3,12020896669,73000,1
12.021,1,12020897263,73000,1
12.0287,2,12026153681,2502412,0
12.0338,2,12031276693,2502412,0
12.0363,4,12033806699,2502412,0
12.0389,3,12036363705,2502412,0
12.039,3,12038902117,73000,1
12.0415,2,12039027711,2502412,0
12.0441,4,12041557717,2502412,0
12.0466,2,12044105723,2502412,0
12.0518,4,12049255735,2502412,0
12.0519,4,12051803147,73000,1
12.0544,2,12051874741,2502412,0
12.0572,2,12054737753,2502412,0
12.0598,3,12057267759,2502412,0
12.0652,4,12062667177,2502412,0
12.0677,2,12065197183,2502412,0
12.0678,3,12067745189,73000,1
12.0678,1,12067745189,73000,1
12.0703,4,12067843189,2502412,0
12.0729,2,12070391195,2502412,0
12.0754,2,12072929607,2502412,0
12.0805,2,12078043619,2502412,0
12.0831,4,12080582625,2502412,0
12.0856,3,12083139631,2502412,0
12.0883,4,12088235643,73000,1
12.0883,2,12088235643,73000,1
12.0884,3,12088360643,73000,1
12.0884,2,12088360643,73000,1
12.0909,4,12088431643,2502412,0
12.0938,2,12091274649,2502412,0
12.0963,2,12093804061,2502412,0
12.0988,3,12096334067,2502412,0
12.1042,4,12101727085,2502412,0
12.1068,2,12104257091,2502412,0
12.1093,3,12106814097,2502412,0
12.1095,4,12109416103,73000,1
12.1096,3,12109487103,73000,1
12.1096,2,12109487103,73000,1
12.1121,3,12109576103,2502412,0
12.1147,4,12112160109,2502412,0
12.1197,3,12117229121,2502412,0
12.1223,3,12119785533,2502412,0
12.1224,3,12122359945,73000,1
12.1224,4,12122360539,73000,1
12.1275,2,12124988545,2502412,0
12.1326,2,12130147557,2502412,0
12.1328,3,12132677563,73000,1
12.1328,4,12132677563,73000,1
12.1329,2,12132793563,73000,1
12.138,4,12135502569,2502412,0
12.1406,3,12138050575,2502412,0
12.1456,4,12143137587,2502412,0
12.1482,2,12145703593,2502412,0
12.1508,3,12148269599,2502412,0
12.1561,2,12153635617,2502412,0
12.1587,4,12156174623,2502412,0
12.1612,4,12158731035,2502412,0
12.1641,2,12161573447,2502412,0
12.1666,2,12164111859,2502412,0
12.1667,3,12166659865,73000,1
12.1693,4,12166811865,2502412,0
12.1718,3,12169341871,2502412,0
12.1744,2,12171880877,2502412,0
12.1745,3,12174410883,73000,1
12.1745,4,12174410883,73000,1
12.1796,2,12177056889,2502412,0
12.1797,3,12179604895,73000,1
12.1797,4,12179604895,73000,1
12.1848,2,12182268901,2502412,0
12.1874,2,12184870313,2502412,0
12.1875,2,12187399725,73000,1
12.19,2,12187516319,2502412,0
12.1926,2,12190072731,2502412,0
12.1954,3,12192915737,2502412,0
12.2005,3,12198020749,2502412,0
12.2031,2,12200559755,2502412,0
12.2059,3,12203404767,2502412,0
12.2084,1,12205943773,2502412,0
12.2135,1,12211021785,2502412,0
12.2161,2,12213569791,2502412,0
12.2186,2,12216117203,2502412,0
12.2187,1,12218647209,73000,1
12.2187,3,12218647209,73000,1
12.2212,4,12218718209,2502412,0
12.2264,2,12223877221,2502412,0
12.2289,4,12226407227,2502412,0
12.2314,4,12228945639,2502412,0
12.2316,1,12231493645,73000,1
12.2316,3,12231493645,73000,1
12.2367,2,12234157651,2502412,0
12.2392,4,12236705657,2502412,0
12.2443,1,12241792669,2502412,0
12.2469,2,12244358675,2502412,0
12.2494,4,12246888681,2502412,0
12.2519,1,12249436687,2502412,0
12.2545,1,12251966099,2502412,0
12.2546,4,12254496105,73000,1
12.2571,4,12254576105,2502412,0
12.26,2,12257475117,2502412,0
12.2625,4,12260005123,2502412,0
12.2626,2,12262562129,73000,1
12.2626,1,12262562129,73000,1
12.268,4,12265503135,2502412,0
12.2706,4,12268104547,2502412,0
12.2731,3,12270634553,2502412,0
12.2732,4,12273164559,73000,1
12.2732,1,12273164559,73000,1
12.2783,2,12275774565,2502412,0
12.2808,3,12278304571,2502412,0
12.2834,4,12280861577,2502412,0
12.2835,4,12283417989,73000,1
12.2835,2,12283418583,73000,1
12.286,3,12283507583,2502412,0
12.2911,2,12288585595,2502412,0
12.2937,1,12291178601,2502412,0
12.2962,3,12293735607,2502412,0
12.2992,1,12299117619,73000,1
12.2992,4,12299117619,73000,1
12.3017,2,12299188619,2502412,0
12.3046,3,12302096631,2502412,0
12.3097,2,12307201643,2502412,0
12.3123,1,12309749649,2502412,0
12.3148,3,12312279655,2502412,0
12.3199,3,12317384667,2502412,0
12.32,1,12319950673,73000,1
12.32,2,12319950673,73000,1
12.32,4,12319950673,73000,1
12.3251,2,12322596679,2502412,0
12.3276,3,12325144685,2502412,0
12.3302,1,12327710691,2502412,0
12.3353,2,12332797703,2502412,0
12.3354,2,12335345115,73000,1
12.3354,1,12335345709,73000,1
12.3379,2,12335418115,2502412,0
12.3405,3,12337957121,2502412,0
12.343,2,12340505127,2502412,0
12.3481,3,12345592139,2502412,0
12.3506,3,12348130551,2502412,0
12.3535,2,12351002563,2502412,0
12.3536,2,12353531975,73000,1
12.3536,3,12353532569,73000,1
12.3587,1,12356214575,2502412,0
12.3612,3,12358744581,2502412,0
12.3638,1,12361310587,2502412,0
12.3692,3,12366746599,2502412,0
12.3718,2,12369294605,2502412,0
12.3744,1,12371851611,2502412,0
12.3794,2,12376929623,2502412,0
12.382,3,12379459629,2502412,0
12.3845,1,12382034635,2502412,0
12.3871,3,12384573641,2502412,0
12.3921,4,12389642653,2502412,0
12.3947,2,12392190659,2502412,0
12.3972,4,12394738665,2502412,0
12.3977,3,12397581671,73000,1
12.3977,1,12397581671,73000,1
12.4002,1,12397679671,2502412,0
12.4003,1,12400218083,73000,1
12.4031,4,12400624683,2502412,0
12.4057,2,12403163689,2502412,0
12.4084,4,12408322701,73000,1
12.4084,3,12408322701,73000,1
12.4084,1,12408322701,73000,1
12.4085,2,12408393701,73000,1
12.4085,4,12408395701,73000,1
12.4136,3,12411104707,2502412,0
12.4162,2,12413679713,2502412,0
12.4213,3,12418766725,2502412,0
12.4238,2,12421305731,2502412,0
12.4264,4,12423862737,2502412,0
12.4289,2,12426392743,2502412,0
12.434,3,12431452755,2502412,0
12.4365,2,12433982761,2502412,0
12.4366,3,12436512767,73000,1
12.4366,4,12436512767,73000,1
12.4368,1,12436682767,73000,1
12.4393,2,12436753767,2502412,0
12.4418,2,12439292179,2502412,0
12.4443,2,12441839591,2502412,0
12.4445,2,12444396003,73000,1
12.4445,4,12444396597,73000,1
12.4471,3,12447033603,73000,1
12.4471,1,12447033603,73000,1
12.4552,3,12452668027,2502412,0
12.4577,2,12455198033,2502412,0
12.4628,4,12460303045,2502412,0
12.4653,2,12462842051,2502412,0
12.4679,3,12465417057,2502412,0
12.4733,2,12470816475,2502412,0
12.4734,2,12473345887,73000,1
12.4734,4,12473346481,73000,1
12.4759,3,12473444481,2502412,0
12.4785,3,12476000893,2502412,0
12.4812,3,12481105905,73000,1
12.4812,2,12481105905,73000,1
12.4837,4,12481203905,2502412,0
12.4889,2,12486353917,2502412,0
12.4914,4,12488892923,2502412,0
12.4915,4,12491449335,73000,1
12.494,2,12491538929,2502412,0
12.4966,3,12494122935,2502412,0
12.5021,2,12499549353,2502412,0
12.5049,3,12502394365,2502412,0
12.5074,2,12504942371,2502412,0
12.5075,4,12507472377,73000,1
12.5101,3,12507588377,2502412,0
12.5126,3,12510117789,2502412,0
12.5128,2,12512710795,73000,1
12.5153,3,12512817795,2502412,0
12.5205,3,12517958807,2502412,0
12.5206,4,12520506813,73000,1
12.5206,2,12520506813,73000,1
12.5231,3,12520577813,2502412,0
12.5281,3,12525646825,2502412,0
12.5333,3,12530814837,2502412,0
12.5358,3,12533344249,2502412,0
12.536,3,12535927661,73000,1
12.5385,4,12536008255,2502412,0
12.5411,3,12538556261,2502412,0
12.5436,1,12541104267,2502412,0
12.5463,4,12546218279,73000,1
12.5463,2,12546218279,73000,1
12.5488,3,12546307279,2502412,0
12.5513,3,12548845691,2502412,0
12.5514,1,12551375697,73000,1
12.5569,1,12554363709,2502412,0
12.5594,3,12556911715,2502412,0
12.562,4,12559450721,2502412,0
12.5621,4,12561989133,73000,1
12.5646,3,12562087727,2502412,0
12.5671,1,12564626733,2502412,0
12.5697,1,12567156145,2502412,0
12.5722,4,12569713151,2502412,0
12.5776,1,12575130569,2502412,0
12.5777,1,12577668981,73000,1
12.5777,3,12577669575,73000,1
12.5803,4,12577749575,2502412,0
12.5854,4,12582881587,2502412,0
12.5881,4,12588031599,73000,1
12.5881,1,12588031599,73000,1
12.5906,3,12588102599,2502412,0
12.5932,3,12590677011,2502412,0
12.5933,2,12593216017,73000,1
12.5958,4,12593314017,2502412,0
12.596,3,12595916023,73000,1
12.5985,4,12596041023,2502412,0
12.6011,3,12598580029,2502412,0
12.6068,4,12604285453,2502412,0
12.6093,4,12606841865,2502412,0
12.6144,3,12611946877,2502412,0
12.617,3,12614512289,2502412,0
12.6171,4,12617069295,73000,1
12.6171,1,12617069295,73000,1
12.6197,3,12617158295,2502412,0
12.6222,2,12619715301,2502412,0
12.6248,3,12622263307,2502412,0
12.6249,4,12624802313,73000,1
12.6274,1,12624882313,2502412,0
12.6299,3,12627430319,2502412,0
12.6325,4,12629969325,2502412,0
12.6326,1,12632508331,73000,1
12.6326,2,12632508331,73000,1
12.6327,4,12632606331,73000,1
12.6353,2,12635234337,73000,1
12.6353,3,12635234337,73000,1
12.6379,3,12635386337,2502412,0
12.638,3,12637933749,73000,1
12.638,1,12637934343,73000,1
12.6431,4,12640589349,2502412,0
12.6482,1,12645694361,2502412,0
12.6507,4,12648224367,2502412,0
12.6536,1,12651069379,2502412,0
12.6561,3,12653617385,2502412,0
12.6588,3,12658713397,73000,1
12.6588,4,12658713397,73000,1
12.6613,1,12658829397,2502412,0
12.6664,1,12663943409,2502412,0
12.669,2,12666473415,2502412,0
12.6716,4,12669057421,2502412,0
12.6741,4,12671586833,2502412,0
12.6745,2,12674438245,73000,1
12.677,1,12674527245,2502412,0
12.6796,3,12677075251,2502412,0
12.6821,4,12679605257,2502412,0
12.6847,1,12682153263,2502412,0
12.6872,4,12684683269,2502412,0
12.6897,4,12687221681,2502412,0
12.6948,2,12692290693,2502412,0
12.6973,3,12694820699,2502412,0
12.6975,3,12697395111,73000,1
12.6975,4,12697395705,73000,1
12.7,3,12697468111,2502412,0
12.7025,1,12699998117,2502412,0
12.7053,2,12702843129,2502412,0
12.7082,2,12705713135,2502412,0
12.7133,3,12710791147,2502412,0
12.7158,1,12713330153,2502412,0
12.7184,3,12715860159,2502412,0
12.7209,3,12718398571,2502412,0
12.7235,4,12720955577,2502412,0
12.726,2,12723494583,2502412,0
12.7285,4,12726024589,2502412,0
12.7311,1,12728581595,2502412,0
12.7362,3,12733659607,2502412,0
12.7387,3,12736198019,2502412,0
12.7412,2,12738728025,2502412,0
12.7438,1,12741267031,2502412,0
12.7463,2,12743806037,2502412,0
12.7488,4,12746336043,2502412,0
12.7514,2,12748911049,2502412,0
12.7542,1,12751747061,2502412,0
12.7544,3,12754295067,73000,1
12.7545,2,12754393067,73000,1
12.7545,4,12754393067,73000,1
12.757,3,12754509067,2502412,0
12.7595,1,12757039073,2502412,0
12.7621,1,12759595485,2502412,0
12.7646,1,12762124897,2502412,0
12.7672,3,12764681903,2502412,0
12.7723,3,12769750915,2502412,0
12.7748,1,12772289921,2502412,0
12.7749,1,12774819333,73000,1
12.7777,4,12775156003,2502412,0
12.7778,4,12777685415,73000,1
12.7778,3,12777686009,73000,1
12.7803,2,12777775009,2502412,0
12.7828,3,12780323015,2502412,0
12.7854,4,12782853021,2502412,0
12.7904,4,12787931033,2502412,0
12.7905,3,12790461039,73000,1
12.7905,2,12790461039,73000,1
12.793,1,12790532039,2502412,0
12.7956,4,12793080045,2502412,0
12.7982,4,12795654457,2502412,0
12.8007,4,12798183869,2502412,0
12.8032,1,12800722875,2502412,0
12.8061,1,12803585887,2502412,0
12.8115,4,12809021305,2502412,0
12.8141,2,12811560311,2502412,0
12.8142,4,12814090317,73000,1
12.8142,3,12814090317,73000,1
12.8167,1,12814179317,2502412,0
12.8194,1,12819320329,73000,1
12.8194,2,12819320329,73000,1
12.8219,4,12819400329,2502412,0
12.8244,3,12821930335,2502412,0
12.827,4,12824469341,2502412,0
12.8295,1,12827035347,2502412,0
12.8346,3,12832113359,2502412,0
12.8371,2,12834643365,2502412,0
12.8397,4,12837191371,2502412,0
12.8422,2,12839739377,2502412,0
12.8424,4,12842305383,73000,1
12.8424,1,12842305383,73000,1
12.8474,3,12844915389,2502412,0
12.8499,2,12847445395,2502412,0
12.8528,2,12850326407,2502412,0
12.8554,2,12852855819,2502412,0
12.8579,3,12855385825,2502412,0
12.863,2,12860508837,2502412,0
12.8631,3,12863038843,73000,1
12.8631,1,12863038843,73000,1
12.8656,4,12863118843,2502412,0
12.8682,3,12865675849,2502412,0
12.8707,2,12868223855,2502412,0
12.8733,4,12870753861,2502412,0
12.8734,3,12873310867,73000,1
12.8759,4,12873417867,2502412,0
12.876,2,12875965873,73000,1
12.876,3,12875965873,73000,1
12.8786,4,12876054873,2502412,0
12.8816,4,12881526291,73000,1
12.8816,3,12881526291,73000,1
12.8841,2,12881597291,2502412,0
12.8892,4,12886729303,2502412,0
12.8893,4,12889267715,73000,1
12.8893,1,12889268309,73000,1
12.8919,2,12889357309,2502412,0
12.8944,1,12891896315,2502412,0
12.8995,1,12896965327,2502412,0
12.902,2,12899540333,2502412,0
12.9075,1,12904960351,2502412,0
12.91,4,12907508357,2502412,0
12.9129,2,12910351363,2502412,0
12.9154,4,12912926369,2502412,0
12.918,1,12915456375,2502412,0
12.9206,2,12920543387,73000,1
12.9206,3,12920543387,73000,1
12.9231,4,12920623387,2502412,0
12.9257,1,12923171393,2502412,0
12.9308,1,12928303405,2502412,0
12.9333,1,12930832817,2502412,0
12.9359,4,12933371823,2502412,0
12.9384,1,12935928829,2502412,0
12.9436,2,12941051841,2502412,0
12.9461,4,12943590847,2502412,0
12.9486,1,12946120853,2502412,0
12.9488,4,12948695859,73000,1
12.9513,4,12948793859,2502412,0
12.9514,1,12951323865,73000,1
12.9514,2,12951323865,73000,1
12.9539,4,12951421865,2502412,0
12.9568,1,12954275877,2502412,0
12.9569,3,12956805883,73000,1
12.9594,1,12956876883,2502412,0
12.9619,1,12959424295,2502412,0
12.9645,2,12961999301,2502412,0
12.967,4,12964529307,2502412,0
12.9721,1,12969625319,2502412,0
12.9747,2,12972164325,2502412,0
12.9772,4,12974730331,2502412,0
12.9798,2,12977296337,2502412,0
12.9826,1,12980138749,2502412,0
12.9877,4,12985234761,2502412,0
12.9903,2,12987764767,2502412,0
12.9928,2,12990303179,2502412,0
12.9929,4,12992869185,73000,1
12.9929,1,12992869185,73000,1
12.993,1,12992958185,73000,1
12.9956,2,12993056185,2502412,0
12.9982,2,12995648597,2502412,0
13.0007,4,12998178603,2502412,0
13.0036,2,13001139615,2502412,0
13.0062,4,13003696621,2502412,0
13.0113,2,13008783633,2502412,0
13.0141,4,13011644639,2502412,0
13.0167,4,13014201051,2502412,0
13.0193,4,13016748463,2502412,0
13.0243,2,13021817475,2502412,0
13.0245,4,13024428481,73000,1
13.0245,1,13024428481,73000,1
13.027,2,13024508481,2502412,0
13.0322,2,13029649493,2502412,0
13.0398,2,13037346917,2502412,0
13.0424,4,13039876923,2502412,0
13.0449,4,13042433335,2502412,0
13.05,2,13047529347,2502412,0
13.0529,4,13050401359,2502412,0
13.0554,2,13052940365,2502412,0
13.0556,4,13055479371,73000,1
13.0581,2,13055568371,2502412,0
13.0607,2,13058178783,2502412,0
13.0632,2,13060708195,2502412,0
13.0684,4,13065858207,2502412,0
13.0685,2,13068397213,73000,1
13.0712,4,13071079219,73000,1
13.0712,1,13071079219,73000,1
13.0762,4,13073743225,2502412,0
13.0788,1,13076273231,2502412,0
13.0814,4,13078848237,2502412,0
13.0867,4,13084230249,2502412,0
13.0893,2,13086760255,2502412,0
13.0918,4,13089299261,2502412,0
13.0944,1,13091856267,2502412,0
13.0969,2,13094395273,2502412,0
13.102,4,13099509285,2502412,0
13.1049,2,13102363297,2502412,0
13.1074,1,13104902303,2502412,0
13.11,4,13107450309,2502412,0
13.1101,4,13109997721,73000,1
13.1126,1,13110069315,2502412,0
13.1151,1,13112607727,2502412,0
13.118,2,13115486733,2502412,0
13.1205,4,13118016739,2502412,0
13.123,1,13120546745,2502412,0
13.1256,4,13123085751,2502412,0
13.1281,2,13125615757,2502412,0
13.1306,1,13128145763,2502412,0
13.1357,2,13133232775,2502412,0
13.1383,2,13135771187,2502412,0
13.1408,1,13138301193,2502412,0
13.1434,4,13140858199,2502412,0
13.1459,1,13143406205,2502412,0
13.1485,1,13145953617,2502412,0
13.1486,2,13148519623,73000,1
13.1511,4,13148608623,2502412,0
13.154,4,13151498635,2502412,0
13.1565,1,13154028641,2502412,0
13.1616,2,13159142653,2502412,0
13.1642,4,13161681659,2502412,0
13.1667,1,13164220665,2502412,0
13.1693,1,13166777077,2502412,0
13.1718,2,13169334083,2502412,0
13.1769,4,13174412095,2502412,0
13.1795,1,13176960101,2502412,0
13.182,3,13179499107,2502412,0
13.1845,1,13182029113,2502412,0
13.1874,2,13184880525,2502412,0
13.1899,4,13187437531,2502412,0
13.1925,1,13189967537,2502412,0
13.1926,1,13192496949,73000,1
13.1951,1,13192577543,2502412,0
13.1952,1,13195124955,73000,1
13.1952,2,13195125549,73000,1
13.1977,3,13195205549,2502412,0
13.2002,4,13197744555,2502412,0
13.2031,2,13200589567,2502412,0
13.2057,4,13203173573,2502412,0
13.2107,4,13208233585,2502412,0
13.2133,3,13210772591,2502412,0
13.2158,2,13213302597,2502412,0
13.2187,1,13216163603,2502412,0
13.2212,3,13218702609,2502412,0
13.2238,2,13221250615,2502412,0
13.2263,4,13223816621,2502412,0
13.2264,4,13226346033,73000,1
13.2289,1,13226426627,2502412,0
13.2315,2,13228974633,2502412,0
13.2316,2,13231513045,73000,1
13.2316,3,13231513639,73000,1
13.2341,1,13231620639,2502412,0
13.2392,2,13236743651,2502412,0
13.2394,2,13239282063,73000,1
13.2394,1,13239282657,73000,1
13.2419,2,13239355063,2502412,0
13.242,2,13241884475,73000,1
13.242,3,13241885069,73000,1
13.2445,4,13242001069,2502412,0
13.2496,1,13247106081,2502412,0
13.2522,4,13249663087,2502412,0
13.2547,1,13252193093,2502412,0
13.2576,2,13255065105,2502412,0
13.2627,1,13260152117,2502412,0
13.2652,4,13262691123,2502412,0
13.2677,1,13265230129,2502412,0
13.2703,1,13267759541,2502412,0
13.2728,2,13270325547,2502412,0
13.2729,2,13272863959,73000,1
13.2729,4,13272864553,73000,1
13.2755,4,13272971553,2502412,0
13.278,1,13275510559,2502412,0
13.2806,4,13278076565,2502412,0
13.2831,1,13280606571,2502412,0
13.2832,2,13283154577,73000,1
13.2857,1,13283243577,2502412,0
13.2883,3,13285773583,2502412,0
13.2887,2,13288660995,73000,1
13.2887,4,13288660995,73000,1
13.2888,1,13288767995,73000,1
13.2914,4,13288847995,2502412,0
13.2939,3,13291378001,2502412,0
13.294,1,13293935007,73000,1
13.2965,4,13294024007,2502412,0
13.2991,3,13296554013,2502412,0
13.3045,4,13301956031,2502412,0
13.3046,4,13304548443,73000,1
13.3046,3,13304549037,73000,1
13.3097,4,13307240043,2502412,0
13.3148,4,13312327055,2502412,0
13.3174,1,13314857061,2502412,0
13.3199,2,13317405067,2502412,0
13.3228,3,13320248073,2502412,0
13.3229,3,13322786485,73000,1
13.3254,1,13322858079,2502412,0
13.3279,1,13325387491,2502412,0
13.3304,1,13327925903,2502412,0
13.333,4,13330491909,2502412,0
13.3355,2,13333030915,2502412,0
13.3381,3,13335560921,2502412,0
13.3431,4,13340638933,2502412,0
13.3457,3,13343168939,2502412,0
13.3482,1,13345698945,2502412,0
13.3507,2,13348237951,2502412,0
13.3536,2,13351100963,2502412,0
13.3537,3,13353657969,73000,1
13.3537,4,13353657969,73000,1
13.3562,1,13353746969,2502412,0
13.3613,2,13358842981,2502412,0
13.3639,3,13361372987,2502412,0
13.3664,2,13363920993,2502412,0
13.369,1,13366486999,2502412,0
13.3715,4,13369044005,2502412,0
13.3717,3,13371601011,73000,1
13.3742,2,13371681011,2502412,0
13.3743,4,13374229017,73000,1
13.3743,1,13374229017,73000,1
13.3768,2,13374309017,2502412,0
13.3794,4,13376866023,2502412,0
13.3795,2,13379414029,73000,1
13.3795,1,13379414029,73000,1
13.3795,3,13379414029,73000,1
13.3846,4,13382105035,2502412,0
13.3872,4,13384652447,2502412,0
13.3925,2,13390043459,2502412,0
13.3951,4,13392591465,2502412,0
13.3977,4,13395147877,2502412,0
13.4027,3,13400234889,2502412,0
13.4028,3,13402764301,73000,1
13.4028,4,13402764895,73000,1
13.4029,2,13402835895,73000,1
13.4057,1,13403241901,2502412,0
13.4083,3,13405789907,2502412,0
13.4134,3,13410867919,2502412,0
13.4159,4,13413424925,2502412,0
13.4185,1,13415990931,2502412,0
13.421,4,13418529937,2502412,0
13.4239,3,13421390943,2502412,0
13.4264,4,13423920949,2502412,0
13.429,4,13426450361,2502412,0
13.434,1,13431519373,2502412,0
13.4366,3,13434049379,2502412,0
13.4367,3,13436578791,73000,1
13.4367,2,13436579385,73000,1
13.4392,1,13436713385,2502412,0
13.4418,4,13439252391,2502412,0
13.4469,1,13444366403,2502412,0
13.4494,3,13446914409,2502412,0
13.452,1,13449462415,2502412,0
13.4545,4,13451992421,2502412,0
13.4574,3,13454855433,2502412,0
13.46,3,13459942445,73000,1
13.46,1,13459942445,73000,1
13.4601,4,13460058445,73000,1
13.4601,3,13460058445,73000,1
13.4626,1,13460129445,2502412,0
13.4652,1,13462658857,2502412,0
13.4677,1,13465224269,2502412,0
13.4728,1,13470311281,2502412,0
13.4754,2,13472895287,2502412,0
13.4779,1,13475434293,2502412,0
13.483,2,13480521305,2502412,0
13.4832,2,13483095717,73000,1
13.4832,4,13483096311,73000,1
13.4833,1,13483194311,73000,1
13.4833,3,13483194311,73000,1
13.486,1,13485912317,73000,1
13.4885,3,13485992317,2502412,0
13.491,2,13488540323,2502412,0
13.4941,2,13493994335,73000,1
13.4941,3,13493994335,73000,1
13.4992,2,13496658341,2502412,0
13.4993,2,13499232753,73000,1
13.5019,4,13499349347,2502412,0
13.5044,2,13501879353,2502412,0
13.5098,2,13507272371,2502412,0
13.5123,3,13509811377,2502412,0
13.5149,4,13512368383,2502412,0
13.5174,1,13514907389,2502412,0
13.5199,3,13517446395,2502412,0
13.525,2,13522524407,2502412,0
13.5279,4,13525376413,2502412,0
13.5304,3,13527906419,2502412,0
13.5329,1,13530436425,2502412,0
13.5355,1,13532974837,2502412,0
13.538,2,13535504843,2502412,0
13.5406,2,13538061255,2502412,0
13.5407,1,13540600261,73000,1
13.5432,4,13540689261,2502412,0
13.5457,2,13543219267,2502412,0
13.5483,3,13545749273,2502412,0
13.5484,3,13548323685,73000,1
13.5484,2,13548324279,73000,1
13.5485,4,13548395279,73000,1
13.5485,3,13548396685,73000,1
13.551,1,13548485685,2502412,0
13.5564,1,13553887703,2502412,0
13.559,1,13556471115,2502412,0
13.5615,4,13559010121,2502412,0
13.5641,2,13561585127,2502412,0
13.5692,2,13566654139,2502412,0
13.5717,2,13569201551,2502412,0
13.5718,4,13571731557,73000,1
13.5718,1,13571731557,73000,1
13.5769,2,13574422563,2502412,0
13.5795,2,13577005975,2502412,0
13.5796,1,13579553981,73000,1
13.5821,3,13579633981,2502412,0
13.5847,4,13582163987,2502412,0
13.5873,3,13584747993,2502412,0
13.5874,4,13587286999,73000,1
13.5899,2,13587357999,2502412,0
13.5924,2,13589932411,2502412,0
13.5979,3,13595350423,2502412,0
13.6004,3,13597906835,2502412,0
13.6005,2,13600445841,73000,1
13.6059,3,13603424853,2502412,0
13.6085,4,13605954859,2502412,0
13.611,1,13608493865,2502412,0
13.6136,4,13611059871,2502412,0
13.6137,1,13613589877,73000,1
13.6137,2,13613589877,73000,1
13.6187,3,13616190883,2502412,0
13.6213,3,13618792295,2502412,0
13.6214,3,13621339707,73000,1
13.6214,4,13621340301,73000,1
13.6265,1,13624040307,2502412,0
13.6319,4,13629440319,2502412,0
13.6345,3,13631988325,2502412,0
13.637,1,13634518331,2502412,0
13.6396,4,13637066337,2502412,0
13.6447,4,13642180349,2502412,0
13.6472,3,13644710355,2502412,0
13.6473,3,13647248767,73000,1
13.6473,1,13647249361,73000,1
13.6474,2,13647356361,73000,1
13.6474,1,13647356361,73000,1
13.6499,4,13647445361,2502412,0
13.6525,4,13649974773,2502412,0
13.6554,4,13652855785,2502412,0
13.6604,4,13657942797,2502412,0
13.663,4,13660481209,2502412,0
13.6655,4,13663019621,2502412,0
13.6681,4,13665549033,2502412,0
13.6706,3,13668124039,2502412,0
13.6707,3,13670662451,73000,1
13.6733,3,13670752045,2502412,0
13.6758,4,13673309051,2502412,0
13.676,1,13675911057,73000,1
13.6785,3,13675991057,2502412,0
13.681,4,13678521063,2502412,0
13.6812,3,13681123069,73000,1
13.6863,4,13683751075,2502412,0
13.6888,4,13686307487,2502412,0
13.694,4,13691475499,2502412,0
13.6994,3,13696875511,2502412,0
13.7019,3,13699404923,2502412,0
13.7048,3,13702258935,2502412,0
13.7099,4,13707354947,2502412,0
13.7124,4,13709902359,2502412,0
13.7149,3,13712441365,2502412,0
13.7175,3,13715015777,2502412,0
13.7226,4,13720084789,2502412,0
13.7251,4,13722641201,2502412,0
13.7277,3,13725189207,2502412,0
13.7278,2,13727773213,73000,1
13.7307,3,13728184219,2502412,0
13.7332,4,13730723225,2502412,0
13.7358,3,13733253231,2502412,0
13.7409,3,13738376243,2502412,0
13.7434,4,13740924249,2502412,0
13.746,4,13743489661,2502412,0
13.7511,4,13748567673,2502412,0
13.7536,3,13751097679,2502412,0
13.7565,3,13753951691,2502412,0
13.759,3,13756499103,2502412,0
13.7615,1,13759047109,2502412,0
13.7666,1,13764107121,2502412,0
13.7692,4,13766655127,2502412,0
13.7717,3,13769203133,2502412,0
13.7742,4,13771733139,2502412,0
13.7768,1,13774263145,2502412,0
13.7793,3,13776811151,2502412,0
13.7819,4,13779377157,2502412,0
13.7869,3,13784437169,2502412,0
13.7895,1,13786994175,2502412,0
13.792,1,13789541587,2502412,0
13.7946,4,13792089593,2502412,0
13.7972,3,13794664599,2502412,0
13.8029,3,13800370617,2502412,0
13.8054,1,13802900623,2502412,0
13.8079,4,13805439629,2502412,0
13.8105,3,13807987635,2502412,0
13.8131,1,13810562641,2502412,0
13.8181,4,13815622653,2502412,0
13.8207,3,13818188659,2502412,0
13.8232,4,13820727665,2502412,0
13.8258,1,13823266671,2502412,0
13.8283,3,13825823677,2502412,0
13.8309,1,13828371683,2502412,0
13.8363,4,13833771695,2502412,0
13.8388,3,13836310701,2502412,0
13.8414,4,13838858707,2502412,0
13.8439,1,13841406713,2502412,0
13.8465,4,13843954719,2502412,0
13.849,4,13846493131,2502412,0
13.8491,3,13849023137,73000,1
13.8516,1,13849103137,2502412,0
13.8545,4,13851948149,2502412,0
13.857,1,13854505155,2502412,0
13.8595,1,13857034567,2502412,0
13.8621,2,13859564573,2502412,0
13.8646,4,13862094579,2502412,0
13.8671,2,13864633585,2502412,0
13.8697,1,13867172591,2502412,0
13.8722,3,13869711597,2502412,0
13.8773,3,13874780609,2502412,0
13.8774,2,13877319615,73000,1
13.8774,4,13877319615,73000,1
13.8775,1,13877426615,73000,1
13.8775,2,13877426615,73000,1
13.88,1,13877542615,2502412,0
13.8826,3,13880081621,2502412,0
13.8851,1,13882620627,2502412,0
13.8902,3,13887716639,2502412,0
13.8928,2,13890264645,2502412,0
13.8953,1,13892803651,2502412,0
13.8979,3,13895360657,2502412,0
13.898,1,13897890663,73000,1
13.898,4,13897890663,73000,1
13.8981,3,13897979663,73000,1
13.8981,2,13897979663,73000,1
13.9035,3,13900949675,2502412,0
13.9063,2,13903846087,2502412,0
13.9065,3,13906403093,73000,1
13.909,2,13906510093,2502412,0
13.9116,1,13909049099,2502412,0
13.9141,3,13911579105,2502412,0
13.9142,3,13914108517,73000,1
13.9142,1,13914109111,73000,1
13.9167,4,13914189111,2502412,0
13.9192,1,13916719117,2502412,0
13.9193,4,13919249123,73000,1
13.9218,2,13919329123,2502412,0
13.9244,4,13921859129,2502412,0
13.9245,2,13924425135,73000,1
13.9245,1,13924425135,73000,1
13.927,4,13924541135,2502412,0
13.9321,4,13929637147,2502412,0
13.9347,3,13932203153,2502412,0
13.9376,4,13935082159,2502412,0
13.9401,1,13937621165,2502412,0
13.9402,3,13940151171,73000,1
13.9402,2,13940151171,73000,1
13.9427,4,13940240171,2502412,0
13.9453,1,13942806177,2502412,0
13.9479,1,13945371589,2502412,0
13.9508,4,13950764607,73000,1
13.9508,3,13950764607,73000,1
13.9534,3,13950898607,2502412,0
13.9559,1,13953428613,2502412,0
13.961,3,13958506625,2502412,0
13.9635,4,13961045631,2502412,0
13.9661,1,13963611637,2502412,0
13.9687,3,13966168643,2502412,0
13.9713,3,13971255655,73000,1
13.9713,4,13971255655,73000,1
13.9738,3,13971335655,2502412,0
13.9764,1,13973892661,2502412,0
13.9765,2,13976431667,73000,1
13.9765,4,13976431667,73000,1
13.9766,1,13976520667,73000,1
13.9791,3,13976636667,2502412,0
13.9793,3,13979211079,73000,1
13.9793,4,13979211673,73000,1
13.9844,3,13981884679,2502412,0
13.9869,1,13984414685,2502412,0
13.9895,3,13986962691,2502412,0
13.9945,3,13992040703,2502412,0
13.9971,1,13994579709,2502412,0
13.9997,1,13997163121,2502412,0
14.0051,3,14002556139,2502412,0
14.0079,1,14005407551,2502412,0
14.0105,1,14007972963,2502412,0
14.0155,3,14013041975,2502412,0
14.0181,3,14015589387,2502412,0
14.0206,1,14018119393,2502412,0
14.0258,1,14023269405,2502412,0
14.0259,3,14025808411,73000,1
14.0259,2,14025808411,73000,1
14.0284,1,14025942411,2502412,0
14.0335,1,14031011423,2502412,0
14.0361,1,14033549835,2502412,0
14.0389,3,14036437841,2502412,0
14.0415,1,14038967847,2502412,0
14.0466,1,14044063859,2502412,0
14.0491,1,14046602271,2502412,0
14.0516,1,14049140683,2502412,0
14.0521,1,14052003695,73000,1
14.0521,3,14052003695,73000,1
14.0546,3,14052076695,2502412,0
14.0573,3,14057217707,73000,1
14.0573,1,14057217707,73000,1
14.0598,4,14057288707,2502412,0
14.065,4,14062474719,2502412,0
14.0675,4,14065022131,2502412,0
14.0726,3,14070082143,2502412,0
14.0752,4,14072684149,2502412,0
14.0803,3,14077771161,2502412,0
14.0828,4,14080328167,2502412,0
14.083,1,14082894173,73000,1
14.0855,4,14082983173,2502412,0
14.088,3,14085513179,2502412,0
14.0906,4,14088052185,2502412,0
14.0931,4,14090599597,2502412,0
14.0956,3,14093129603,2502412,0
14.1008,4,14098261615,2502412,0
14.1036,3,14101124627,2502412,0
14.1062,3,14103654039,2502412,0
14.109,4,14106505451,2502412,0
14.1141,4,14111583463,2502412,0
14.1142,4,14114112875,73000,1
14.1142,2,14114113469,73000,1
14.1167,3,14114184469,2502412,0
14.1192,3,14116713881,2502412,0
14.1218,4,14119252887,2502412,0
14.1243,3,14121791893,2502412,0
14.1294,4,14126896905,2502412,0
14.132,3,14129453911,2502412,0
14.1345,4,14131983917,2502412,0
14.1371,4,14134576329,2502412,0
14.1396,3,14137124335,2502412,0
14.1451,3,14142551347,2502412,0
14.1476,4,14145108353,2502412,0
14.1477,4,14147673765,73000,1
14.1477,3,14147674359,73000,1
14.1508,3,14150752371,73000,1
14.1508,1,14150752371,73000,1
14.1534,4,14150886371,2502412,0
14.1559,4,14153415783,2502412,0
14.161,4,14158520795,2502412,0
14.1636,4,14161059207,2502412,0
14.1687,4,14166173219,2502412,0
14.1738,4,14171323231,2502412,0
14.1764,4,14173870643,2502412,0
14.1815,3,14179002655,2502412,0
14.184,3,14181532067,2502412,0
14.1866,4,14184071073,2502412,0
14.1917,3,14189194085,2502412,0
14.1943,4,14191760091,2502412,0
14.1944,2,14194290097,73000,1
14.1969,4,14194370097,2502412,0
14.1994,3,14196927103,2502412,0
14.2049,4,14202365121,2502412,0
14.2074,3,14204931127,2502412,0
14.21,4,14207470133,2502412,0
14.2154,3,14212896551,2502412,0
14.218,4,14215462557,2502412,0
14.2231,3,14220567569,2502412,0
14.2232,4,14223142575,73000,1
14.2257,4,14223240575,2502412,0
14.2283,3,14225788581,2502412,0
14.2334,4,14230902593,2502412,0
14.2359,1,14233432599,2502412,0
14.2385,1,14235989011,2502412,0
14.241,3,14238519017,2502412,0
14.2465,4,14243955029,2502412,0
14.249,1,14246485035,2502412,0
14.2515,4,14249015041,2502412,0
14.2544,3,14251869053,2502412,0
14.2595,1,14256992065,2502412,0
14.2621,4,14259549071,2502412,0
14.2622,4,14262087483,73000,1
14.2622,3,14262088077,73000,1
14.2623,1,14262177077,73000,1
14.2648,4,14262293077,2502412,0
14.2673,4,14264831489,2502412,0
14.2699,4,14267369901,2502412,0
14.275,4,14272492913,2502412,0
14.2776,3,14275049919,2502412,0
14.2826,1,14280136931,2502412,0
14.2852,1,14282666343,2502412,0
14.2877,3,14285214349,2502412,0
14.2878,1,14287744355,73000,1
14.2878,4,14287744355,73000,1
14.293,3,14290453361,2502412,0
14.2955,3,14293018773,2502412,0
14.3006,3,14298087785,2502412,0
14.3031,4,14300617791,2502412,0
14.306,1,14303489803,2502412,0
14.3085,1,14306019215,2502412,0
14.3111,4,14308558221,2502412,0
14.314,1,14313948639,73000,1
14.314,3,14313948639,73000,1
14.3166,4,14314055639,2502412,0
14.3191,3,14316603645,2502412,0
14.3242,4,14321717657,2502412,0
14.3268,3,14324301663,2502412,0
14.3293,1,14326840669,2502412,0
14.3344,4,14331909681,2502412,0
14.3345,1,14334475687,73000,1
14.3345,3,14334475687,73000,1
14.3371,3,14334555687,2502412,0
14.3422,4,14339660699,2502412,0
14.3423,4,14342190111,73000,1
14.3423,1,14342190705,73000,1
14.3451,3,14342610711,2502412,0
14.3502,3,14347742723,2502412,0
14.3507,3,14350632735,73000,1
14.3533,4,14350775735,2502412,0
14.3584,1,14355853747,2502412,0
14.3609,3,14358437753,2502412,0
14.366,4,14363506765,2502412,0
14.3661,4,14366036177,73000,1
14.3661,3,14366036771,73000,1
14.3686,1,14366116771,2502412,0
14.3738,4,14371266783,2502412,0
14.3763,3,14373796789,2502412,0
14.3788,1,14376344795,2502412,0
14.3814,4,14378901801,2502412,0
14.3815,4,14381431213,73000,1
14.3815,3,14381431807,73000,1
14.3817,3,14381583807,73000,1
14.3817,1,14381583807,73000,1
14.3842,4,14381681807,2502412,0
14.3892,3,14386741819,2502412,0
14.3918,3,14389334231,2502412,0
14.3969,1,14394412243,2502412,0
14.3994,1,14396941655,2502412,0
14.402,4,14399471661,2502412,0
14.4048,1,14402334673,2502412,0
14.4074,3,14404882679,2502412,0
14.4125,1,14409951691,2502412,0
14.415,4,14412526697,2502412,0
14.4179,4,14415369109,2502412,0
14.4204,1,14417926115,2502412,0
14.423,3,14420456121,2502412,0
14.4281,4,14425561133,2502412,0
14.4306,1,14428109139,2502412,0
14.4307,1,14430647551,73000,1
14.4307,3,14430648145,73000,1
14.4333,1,14430773145,2502412,0
14.4358,1,14433302557,2502412,0
14.4359,4,14435832563,73000,1
14.4384,1,14435912563,2502412,0
14.441,1,14438468975,2502412,0
14.4435,4,14441025981,2502412,0
14.4461,2,14443573987,2502412,0
14.4489,2,14446416993,2502412,0
14.449,1,14448955999,73000,1
14.4491,2,14449035999,73000,1
14.4491,3,14449035999,73000,1
14.4516,4,14449115999,2502412,0
14.4545,1,14451997011,2502412,0
14.4571,4,14454563017,2502412,0
14.4621,1,14459632029,2502412,0
14.4647,1,14462224441,2502412,0
14.4673,1,14464753853,2502412,0
14.4674,1,14467283265,73000,1
14.4674,2,14467283859,73000,1
14.4699,4,14467372859,2502412,0
14.47,4,14469902271,73000,1
14.4725,1,14469991865,2502412,0
14.4751,4,14472611871,2502412,0
14.4802,1,14477689883,2502412,0
14.4827,4,14480219889,2502412,0
14.4853,4,14482758301,2502412,0
14.4878,3,14485288307,2502412,0
14.4929,4,14490411319,2502412,0
14.4955,1,14492959325,2502412,0
14.498,3,14495489331,2502412,0
14.5005,1,14498037337,2502412,0
14.501,4,14500909349,73000,1
14.5035,3,14500998349,2502412,0
14.5061,1,14503555355,2502412,0
14.5086,1,14506093767,2502412,0
14.5111,3,14508623773,2502412,0
14.5137,4,14511180779,2502412,0
14.5138,2,14513710785,73000,1
14.5163,4,14513790785,2502412,0
14.5191,3,14516633197,2502412,0
14.5217,3,14519162609,2502412,0
14.5242,4,14521710615,2502412,0
14.5243,4,14524249027,73000,1
14.5243,1,14524249621,73000,1
14.5294,4,14526904627,2502412,0
14.5319,3,14529434633,2502412,0
14.5345,4,14531982639,2502412,0
14.537,2,14534512645,2502412,0
14.5371,4,14537051651,73000,1
14.5371,3,14537051651,73000,1
14.5397,1,14537149651,2502412,0
14.5422,3,14539688657,2502412,0
14.5447,2,14542218663,2502412,0
14.5501,3,14547618081,2502412,0
14.553,2,14550490093,2502412,0
14.5555,3,14553020099,2502412,0
14.5556,2,14555559105,73000,1
14.5556,1,14555559105,73000,1
14.5558,3,14555684105,73000,1
14.5558,4,14555684105,73000,1
14.5609,1,14558357111,2502412,0
14.5634,3,14560914117,2502412,0
14.5636,2,14563489123,73000,1
14.5661,3,14563560123,2502412,0
14.5686,1,14566090129,2502412,0
14.5712,1,14568655541,2502412,0
14.5763,3,14573787553,2502412,0
14.5788,4,14576326559,2502412,0
14.5789,3,14578856565,73000,1
14.5789,1,14578856565,73000,1
14.5814,2,14578936565,2502412,0
14.584,3,14581475571,2502412,0
14.5891,4,14586553583,2502412,0
14.5916,4,14589100995,2502412,0
14.5942,2,14591649001,2502412,0
14.5967,1,14594179007,2502412,0
14.5992,4,14596709013,2502412,0
14.6017,3,14599239019,2502412,0
14.6022,1,14602102031,73000,1
14.6047,3,14602200031,2502412,0
14.6048,4,14604739037,73000,1
14.6048,2,14604739037,73000,1
14.605,4,14604891037,73000,1
14.605,3,14604891037,73000,1
14.61,3,14607528043,2502412,0
14.6126,2,14610067049,2502412,0
14.6127,3,14612615055,73000,1
14.6127,1,14612615055,73000,1
14.6178,1,14615279061,2502412,0
14.6203,2,14617809067,2502412,0
14.6232,1,14620669479,2502412,0
14.6283,4,14625792491,2502412,0
14.6308,2,14628340497,2502412,0
14.6334,3,14630870503,2502412,0
14.6335,4,14633400509,73000,1
14.6335,1,14633400509,73000,1
14.6385,2,14636046515,2502412,0
14.6386,2,14638575927,73000,1
14.6386,3,14638576521,73000,1
14.6386,4,14638576521,73000,1
14.6412,1,14638701521,2502412,0
14.6437,3,14641231527,2502412,0
14.6488,1,14646318539,2502412,0
14.6514,1,14648847951,2502412,0
14.6545,1,14652014963,2502412,0
14.6546,2,14654562969,73000,1
14.6546,4,14654562969,73000,1
14.6572,3,14654651969,2502412,0
14.6597,1,14657181975,2502412,0
14.6598,3,14659711981,73000,1
14.6623,3,14659845981,2502412,0
14.6649,1,14662384987,2502412,0
14.6674,2,14664914993,2502412,0
14.67,2,14667480405,2502412,0
14.6751,1,14672549417,2502412,0
14.6776,2,14675106423,2502412,0
14.6801,3,14677636429,2502412,0
14.6827,3,14680201841,2502412,0
14.6852,2,14682740847,2502412,0
14.6854,1,14685279853,73000,1
14.6879,2,14685386853,2502412,0
14.6904,3,14687943859,2502412,0
14.693,2,14690491865,2502412,0
14.6957,3,14695605877,73000,1
14.6957,1,14695605877,73000,1
14.6982,2,14695685877,2502412,0
14.7007,1,14698224883,2502412,0
14.7033,2,14700754889,2502412,0
14.7087,1,14706147907,2502412,0
14.7112,1,14708677319,2502412,0
14.7137,2,14711207325,2502412,0
14.7162,2,14713745737,2502412,0
14.7188,2,14716293149,2502412,0
14.7213,3,14718832155,2502412,0
14.7242,1,14721674567,2502412,0
14.7243,1,14724230979,73000,1
14.7243,2,14724231573,73000,1
14.7268,3,14724311573,2502412,0
14.7294,3,14726912985,2502412,0
14.732,1,14729460991,2502412,0
14.7345,1,14732017403,2502412,0
14.7396,1,14737077415,2502412,0
14.7421,4,14739607421,2502412,0
14.7422,4,14742145833,73000,1
14.7422,2,14742146427,73000,1
14.7447,3,14742226427,2502412,0
14.7473,1,14744801433,2502412,0
14.7524,3,14749888445,2502412,0
14.7555,4,14753046457,2502412,0
14.7556,3,14755576463,73000,1
14.7556,1,14755576463,73000,1
14.7582,4,14755665463,2502412,0
14.7607,4,14758230875,2502412,0
14.7658,4,14763326887,2502412,0
14.7684,1,14765937893,2502412,0
14.771,2,14768467899,2502412,0
14.7735,3,14771006905,2502412,0
14.776,3,14773536317,2502412,0
14.7811,4,14778596329,2502412,0
14.7836,2,14781135335,2502412,0
14.7862,1,14783674341,2502412,0
14.7863,1,14786266753,73000,1
14.7863,3,14786267347,73000,1
14.7888,4,14786338347,2502412,0
14.7914,2,14788868353,2502412,0
14.7964,1,14793928365,2502412,0
14.799,1,14796475777,2502412,0
14.8015,1,14799023189,2502412,0
14.8044,2,14801868201,2502412,0
14.8069,4,14804398207,2502412,0
14.807,4,14806963619,73000,1
14.807,3,14806964213,73000,1
14.8121,1,14809610219,2502412,0
14.8147,2,14812149225,2502412,0
14.8148,1,14814751231,73000,1
14.8148,3,14814751231,73000,1
14.8173,4,14814831231,2502412,0
14.8174,2,14817361237,73000,1
14.82,1,14817477237,2502412,0
14.8226,4,14820052243,2502412,0
14.828,1,14825479255,2502412,0
14.8281,4,14828063261,73000,1
14.8306,2,14828134261,2502412,0
14.8332,3,14830709267,2502412,0
14.8358,1,14833248273,2502412,0
14.8359,2,14835778279,73000,1
14.8384,1,14835867279,2502412,0
14.8409,4,14838415285,2502412,0
14.8411,1,14840990291,73000,1
14.8411,3,14840990291,73000,1
14.8461,4,14843600297,2502412,0
14.8487,4,14846183709,2502412,0
14.8512,2,14848713715,2502412,0
14.8566,2,14854142733,2502412,0
14.8595,4,14857003739,2502412,0
14.862,3,14859533745,2502412,0
14.8646,2,14862072751,2502412,0
14.8671,1,14864611757,2502412,0
14.8722,1,14869671769,2502412,0
14.8747,2,14872210775,2502412,0
14.8773,4,14874776781,2502412,0
14.8798,3,14877306787,2502412,0
14.8823,1,14879836793,2502412,0
14.8849,3,14882366799,2502412,0
14.885,3,14884896211,73000,1
14.885,4,14884896805,73000,1
14.89,2,14887524811,2502412,0
14.8926,1,14890072817,2502412,0
14.8951,1,14892611229,2502412,0
14.8977,1,14895158641,2502412,0
14.9002,2,14897697647,2502412,0
14.9031,4,14900587659,2502412,0
14.9082,2,14905647671,2502412,0
14.9107,3,14908195677,2502412,0
14.9132,1,14910725683,2502412,0
14.9158,2,14913264689,2502412,0
14.9183,4,14915794695,2502412,0
14.9208,3,14918333701,2502412,0
14.9234,1,14920881707,2502412,0
14.9288,3,14926290719,2502412,0
14.9313,2,14928820725,2502412,0
14.9339,4,14931359731,2502412,0
14.9364,3,14933907737,2502412,0
14.9389,1,14936437743,2502412,0
14.9415,2,14939021749,2502412,0
14.9441,4,14941560755,2502412,0
14.9466,1,14944090761,2502412,0
14.9492,2,14949150773,73000,1
14.9492,3,14949150773,73000,1
14.9517,4,14949221773,2502412,0
14.9543,1,14951751779,2502412,0
14.9572,4,14954677791,2502412,0
14.96,1,14957529797,2502412,0
14.9626,3,14960086803,2502412,0
14.9677,3,14965173815,2502412,0
14.9702,3,14967703227,2502412,0
14.9727,2,14970233233,2502412,0
14.9753,4,14972763239,2502412,0
14.9778,3,14975302245,2502412,0
14.9803,1,14977832251,2502412,0
14.9829,2,14980389257,2502412,0
14.983,2,14982954669,73000,1
14.9831,3,14983026263,73000,1
14.9831,4,14983026263,73000,1
14.9856,1,14983124263,2502412,0
14.9882,4,14985654269,2502412,0
14.9907,4,14988210681,2502412,0
14.9933,1,14990749687,2502412,0
14.9958,1,14993324099,2502412,0
14.9985,4,14998429111,73000,1
14.9985,2,14998429111,73000,1
15.001,1,14998500111,2502412,0
15.0039,3,15001363123,2502412,0
15.0064,3,15003919535,2502412,0
15.009,1,15006449541,2502412,0
15.014,1,15011527553,2502412,0
15.0166,3,15014066559,2502412,0
15.0191,1,15016605565,2502412,0
15.0216,4,15019135571,2502412,0
15.0242,3,15021692577,2502412,0
15.0267,4,15024240583,2502412,0
15.0269,1,15026779589,73000,1
15.0294,1,15026852589,2502412,0
15.0298,4,15029722001,73000,1
15.0298,2,15029722001,73000,1
15.0323,3,15029793001,2502412,0
15.0348,3,15032322413,2502412,0
15.0374,4,15034870419,2502412,0
15.0399,3,15037418425,2502412,0
15.0425,3,15039965837,2502412,0
15.045,1,15042495843,2502412,0
15.0451,3,15045025849,73000,1
15.0451,4,15045025849,73000,1
15.0476,1,15045123849,2502412,0
15.0502,1,15047671261,2502412,0
15.053,4,15050525273,2502412,0
15.0582,1,15055684285,2502412,0
15.0607,4,15058214291,2502412,0
15.0636,1,15061057297,2502412,0
15.0661,1,15063586709,2502412,0
15.0686,3,15066143715,2502412,0
15.0712,4,15068691721,2502412,0
15.0763,3,15073787733,2502412,0
15.0788,1,15076326739,2502412,0
15.0814,4,15078856745,2502412,0
15.0839,1,15081404751,2502412,0
15.0864,4,15083943757,2502412,0
15.089,3,15086500763,2502412,0
15.0941,1,15091605775,2502412,0
15.0942,3,15094135781,73000,1
15.0942,4,15094135781,73000,1
15.0967,3,15094224781,2502412,0
15.0993,2,15096817787,2502412,0
15.1047,1,15102192805,2502412,0
15.1048,1,15104722217,73000,1
15.1048,3,15104722811,73000,1
15.1073,2,15104820811,2502412,0
15.1074,2,15107350223,73000,1
15.1074,3,15107350817,73000,1
15.11,4,15107475817,2502412,0
15.1151,4,15112553829,2502412,0
15.1176,4,15115110241,2502412,0
15.1202,1,15117667247,2502412,0
15.1227,3,15120197253,2502412,0
15.1252,2,15122745259,2502412,0
15.1253,2,15125274671,73000,1
15.1253,4,15125275265,73000,1
15.1279,1,15125373265,2502412,0
15.1305,3,15127948271,2502412,0
15.1333,1,15130817683,2502412,0
15.1334,1,15133356095,73000,1
15.1359,2,15133427689,2502412,0
15.1385,3,15135975695,2502412,0
15.1386,2,15138550701,73000,1
15.1386,4,15138550701,73000,1
15.1411,3,15138630701,2502412,0
15.1462,1,15143690713,2502412,0
15.1463,1,15146256125,73000,1
15.1463,3,15146256719,73000,1
15.1465,1,15146399719,73000,1
15.149,3,15146524719,2502412,0
15.1516,2,15149081725,2502412,0
15.157,1,15154510743,2502412,0
15.1596,2,15157049749,2502412,0
15.1621,3,15159579755,2502412,0
15.1625,2,15162422761,73000,1
15.165,3,15162493761,2502412,0
15.1651,3,15165032173,73000,1
15.1651,1,15165032767,73000,1
15.1653,4,15165184767,73000,1
15.1678,2,15165255767,2502412,0
15.1703,3,15167785773,2502412,0
15.1728,1,15170342779,2502412,0
15.1754,3,15172872785,2502412,0
15.1755,2,15175438791,73000,1
15.178,1,15175509791,2502412,0
15.1806,3,15178057797,2502412,0
15.1857,1,15183153809,2502412,0
15.1858,1,15185692221,73000,1
15.1858,4,15185692815,73000,1
15.1883,3,15185808815,2502412,0
15.1909,2,15188347821,2502412,0
15.1959,2,15193416833,2502412,0
15.1985,3,15195982839,2502412,0
15.201,2,15198530845,2502412,0
15.2039,2,15201402857,2502412,0
15.204,2,15203932269,73000,1
15.2065,3,15204012863,2502412,0
15.209,1,15206542869,2502412,0
15.2117,1,15209162281,2502412,0
15.2118,3,15211692287,73000,1
15.2143,2,15211781287,2502412,0
15.2168,1,15214320293,2502412,0
15.2194,2,15216895299,2502412,0
15.2245,1,15221991311,2502412,0
15.2271,1,15224547723,2502412,0
15.2272,1,15227104135,73000,1
15.2272,3,15227104729,73000,1
15.2272,2,15227175729,73000,1
15.2298,3,15227327729,2502412,0
15.2352,2,15232747003,2502412,0
15.2378,1,15235295009,2502412,0
15.2403,3,15237843015,2502412,0
15.2454,2,15242921027,2502412,0
15.248,1,15245469033,2502412,0
15.2505,2,15248008039,2502412,0
15.2506,4,15250556045,73000,1
15.251,2,15250960051,73000,1
15.251,3,15250960051,73000,1
15.2536,1,15251085051,2502412,0
15.2561,1,15253623463,2502412,0
15.2612,1,15258737475,2502412,0
15.2638,3,15261276481,2502412,0
15.2666,3,15264130003,2502412,0
15.2692,1,15266678009,2502412,0
15.2717,2,15269217015,2502412,0
15.2718,1,15271765021,73000,1
15.2743,2,15271836021,2502412,0
15.2769,3,15274366027,2502412,0
15.2794,1,15276914033,2502412,0
15.2819,1,15279443445,2502412,0
15.2845,2,15282009451,2502412,0
15.2871,3,15284566457,2502412,0
15.2921,1,15289635469,2502412,0
15.2947,1,15292173881,2502412,0
15.2973,2,15294748887,2502412,0
15.2974,1,15297314893,73000,1
15.2974,3,15297314893,73000,1
15.3025,3,15299969899,2502412,0
15.3053,2,15302823911,2502412,0
15.3104,1,15307937923,2502412,0
15.313,3,15310485929,2502412,0
15.3155,2,15313015935,2502412,0
15.3181,3,15315563941,2502412,0
15.3182,2,15318102947,73000,1
15.3182,1,15318102947,73000,1
15.3233,3,15320757953,2502412,0
15.3258,1,15323341959,2502412,0
15.3284,3,15325871965,2502412,0
15.3309,2,15328401971,2502412,0
15.336,3,15333479983,2502412,0
15.3388,2,15336331395,2502412,0
15.3414,1,15338897401,2502412,0
15.344,2,15341463407,2502412,0
15.349,3,15346523419,2502412,0
15.3491,3,15349061831,73000,1
15.3491,1,15349062425,73000,1
15.3517,2,15349151425,2502412,0
15.3545,3,15352014437,2502412,0
15.3596,3,15357119449,2502412,0
15.3622,3,15359657861,2502412,0
15.3647,2,15362205867,2502412,0
15.3673,1,15364753873,2502412,0
15.3677,2,15367623879,73000,1
15.3677,3,15367623879,73000,1
15.3728,1,15370278885,2502412,0
15.3754,1,15372871297,2502412,0
15.3755,1,15375400709,73000,1
15.378,2,15375544303,2502412,0
15.3806,3,15378074309,2502412,0
15.3831,3,15380603721,2502412,0
15.3883,2,15385753733,2502412,0
15.3884,3,15388292739,73000,1
15.3909,1,15388363739,2502412,0
15.3934,1,15390911151,2502412,0
15.396,1,15393449563,2502412,0
15.3985,1,15395978975,2502412,0
15.401,2,15398517981,2502412,0
15.4064,2,15403892999,2502412,0
15.4089,2,15406422411,2502412,0
15.4115,1,15409006417,2502412,0
15.414,2,15411545423,2502412,0
15.4166,3,15414084429,2502412,0
15.4167,2,15416614435,73000,1
15.4167,1,15416614435,73000,1
15.4217,3,15419233441,2502412,0
15.4219,3,15421816853,73000,1
15.4219,1,15421817447,73000,1
15.427,3,15424481453,2502412,0
15.4295,2,15427011459,2502412,0
15.432,3,15429541465,2502412,0
15.4346,2,15432080471,2502412,0
15.4371,2,15434609883,2502412,0
15.4425,2,15440027895,2502412,0
15.4451,3,15442557901,2502412,0
15.4476,3,15445123313,2502412,0
15.4502,2,15447680319,2502412,0
15.4506,3,15450552331,73000,1
15.4532,2,15450668331,2502412,0
15.4557,3,15453207337,2502412,0
15.4583,1,15455782343,2502412,0
15.4609,3,15460842355,73000,1
15.4609,2,15460842355,73000,1
15.4634,1,15460940355,2502412,0
15.466,3,15463497361,2502412,0
15.4715,1,15468966003,2502412,0
15.474,3,15471523009,2502412,0
15.4791,1,15476583021,2502412,0
15.4792,1,15479130433,73000,1
15.4792,3,15479131027,73000,1
15.4792,2,15479131027,73000,1
15.4817,2,15479247027,2502412,0
15.4845,2,15484388039,73000,1
15.4845,1,15484388039,73000,1
15.4895,3,15487043045,2502412,0
15.4921,1,15489591051,2502412,0
15.4946,3,15492130057,2502412,0
15.4997,1,15497199069,2502412,0
15.5022,2,15499729075,2502412,0
15.5051,2,15502592087,2502412,0
15.5102,3,15507706099,2502412,0
15.5103,3,15510235511,73000,1
15.5103,1,15510236105,73000,1
15.5128,2,15510316105,2502412,0
15.5154,3,15512855111,2502412,0
15.5179,2,15515394117,2502412,0
15.523,2,15520544129,2502412,0
15.5232,3,15523083135,73000,1
15.5232,1,15523083135,73000,1
15.5257,3,15523156135,2502412,0
15.5282,3,15525694547,2502412,0
15.5308,3,15528250959,2502412,0
15.5358,2,15533328971,2502412,0
15.5384,2,15535903383,2502412,0
15.541,2,15538468795,2502412,0
15.5438,3,15541311207,2502412,0
15.5463,2,15543841213,2502412,0
15.5514,2,15548901225,2502412,0
15.5543,1,15551827237,2502412,0
15.5544,2,15554366243,73000,1
15.5544,3,15554366243,73000,1
15.5595,1,15556976249,2502412,0
15.562,3,15559524255,2502412,0
15.5646,3,15562089667,2502412,0
15.5672,1,15564655673,2502412,0
15.5722,1,15569742685,2502412,0
15.5727,3,15572621691,73000,1
15.5727,2,15572621691,73000,1
15.5778,3,15575276697,2502412,0
15.5803,1,15577824703,2502412,0
15.5829,2,15580399709,2502412,0
15.588,2,15585468721,2502412,0
15.5905,1,15587998727,2502412,0
15.593,3,15590537733,2502412,0
15.5956,1,15593085739,2502412,0
15.5981,2,15595633745,2502412,0
15.6007,3,15598163751,2502412,0
15.6036,2,15601081763,2502412,0
15.6062,1,15603674769,2502412,0
15.6087,3,15606204775,2502412,0
15.6112,3,15608734187,2502412,0
15.6138,3,15611263599,2502412,0
15.6163,2,15613802605,2502412,0
15.6164,2,15616350017,73000,1
15.6164,1,15616350611,73000,1
15.6189,2,15616430611,2502412,0
15.6215,3,15618960617,2502412,0
15.624,2,15621499623,2502412,0
15.6266,4,15624110629,2502412,0
15.6267,3,15626658635,73000,1
15.6267,1,15626658635,73000,1
15.6293,2,15629259641,73000,1
15.6293,1,15629259641,73000,1
15.6319,4,15629384641,2502412,0
15.6345,2,15631950647,2502412,0
15.637,2,15634480059,2502412,0
15.6421,2,15639603071,2502412,0
15.6449,4,15642445483,2502412,0
15.6475,3,15644975489,2502412,0
15.6529,3,15650404507,2502412,0
15.6554,2,15652934513,2502412,0
15.658,4,15655482519,2502412,0
15.6606,4,15658047931,2502412,0
15.6632,4,15663125943,73000,1
15.6632,3,15663125943,73000,1
15.6657,4,15663214943,2502412,0
15.6682,2,15665744949,2502412,0
15.6708,4,15668292955,2502412,0
15.6709,4,15670858367,73000,1
15.6709,2,15670858961,73000,1
15.671,4,15670931367,73000,1
15.6736,3,15671065367,2502412,0
15.6765,3,15673953373,2502412,0
15.6791,3,15679040385,73000,1
15.6791,2,15679040385,73000,1
15.6793,1,15679183385,73000,1
15.6844,2,15681883391,2502412,0
15.6895,3,15686988403,2502412,0
15.692,2,15689545409,2502412,0
15.6972,4,15694650421,2502412,0
15.6973,2,15697216427,73000,1
15.6973,3,15697216427,73000,1
15.6998,3,15697296427,2502412,0
15.7023,4,15699835433,2502412,0
15.7049,2,15702445439,2502412,0
15.7075,4,15704975445,2502412,0
15.7104,3,15707865457,2502412,0
15.7105,4,15710422463,73000,1
15.7105,2,15710422463,73000,1
15.7156,3,15713077469,2502412,0
15.7181,4,15715616475,2502412,0
15.7207,3,15718182481,2502412,0
15.7257,4,15723242493,2502412,0
15.7259,3,15725781499,73000,1
15.7259,2,15725781499,73000,1
15.7259,4,15725861499,73000,1
15.7259,3,15725861499,73000,1
15.7285,3,15725977499,2502412,0
15.7336,3,15731055511,2502412,0
15.7361,3,15733584923,2502412,0
15.7412,4,15738743935,2502412,0
15.7438,3,15741291941,2502412,0
15.7463,2,15743821947,2502412,0
15.7492,3,15746664359,2502412,0
15.7518,2,15751769371,73000,1
15.7518,4,15751769371,73000,1
15.7519,2,15751849371,73000,1
15.752,3,15751974371,73000,1
15.7547,4,15752188371,2502412,0
15.7575,4,15755024383,2502412,0
15.7626,4,15760147395,2502412,0
15.7628,4,15762703807,73000,1
15.7628,2,15762704401,73000,1
15.7679,3,15765350407,2502412,0
15.7704,1,15767889413,2502412,0
15.7755,4,15773021425,2502412,0
15.7781,1,15775551431,2502412,0
15.7809,3,15778403437,2502412,0
15.7835,4,15780960443,2502412,0
15.786,1,15783490449,2502412,0
15.7885,1,15786019861,2502412,0
15.7936,1,15791088873,2502412,0
15.7961,1,15793627285,2502412,0
15.7987,4,15796157291,2502412,0
15.8012,3,15798687297,2502412,0
15.8041,3,15801577309,2502412,0
15.8066,1,15804125315,2502412,0
15.8092,4,15806655321,2502412,0
15.8143,1,15811778333,2502412,0
15.8168,4,15814317339,2502412,0
15.8169,1,15816847345,73000,1
15.8169,3,15816847345,73000,1
15.8194,3,15816920345,2502412,0
15.8221,3,15822070357,73000,1
15.8221,4,15822070357,73000,1
15.8247,1,15822195357,2502412,0
15.8248,1,15824769769,73000,1
15.8274,4,15824877363,2502412,0
15.8299,2,15827416369,2502412,0
15.8325,2,15829972781,2502412,0
15.8326,3,15832502787,73000,1
15.8351,2,15832573787,2502412,0
15.8376,4,15835139793,2502412,0
15.8402,1,15837669799,2502412,0
15.8453,2,15842783811,2502412,0
15.8478,4,15845322817,2502412,0
15.8507,1,15848165229,2502412,0
15.8511,4,15851037241,73000,1
15.8511,2,15851037241,73000,1
15.8536,1,15851108241,2502412,0
15.8587,1,15856204253,2502412,0
15.8589,1,15858823665,73000,1
15.8589,2,15858824259,73000,1
15.8614,1,15858904259,2502412,0
15.8665,4,15863964271,2502412,0
15.869,4,15866520683,2502412,0
15.8716,2,15869068689,2502412,0
15.8741,2,15871598101,2502412,0
15.8766,3,15874146107,2502412,0
15.8796,4,15879518525,73000,1
15.8796,1,15879518525,73000,1
15.8821,2,15879598525,2502412,0
15.8846,1,15882146531,2502412,0
15.8872,1,15884702943,2502412,0
15.8897,2,15887241949,2502412,0
15.8923,3,15889789955,2502412,0
15.8974,1,15894885967,2502412,0
15.8999,2,15897424973,2502412,0
15.9025,4,15899963979,2502412,0
15.9053,3,15902844991,2502412,0
15.908,4,15907941003,73000,1
15.908,2,15907941003,73000,1
15.908,1,15907941003,73000,1
15.9105,1,15908014003,2502412,0
15.9131,3,15910580009,2502412,0
15.9156,1,15913137015,2502412,0
15.9207,3,15918233027,2502412,0
15.9233,4,15920763033,2502412,0
15.9258,4,15923310445,2502412,0
15.9259,4,15925839857,73000,1
15.9259,1,15925840451,73000,1
15.9284,1,15925938451,2502412,0
15.9286,3,15928486457,73000,1
15.9311,2,15928566457,2502412,0
15.9336,2,15931113869,2502412,0
15.9362,2,15933652281,2502412,0
15.9387,3,15936182287,2502412,0
15.9412,1,15938721293,2502412,0
15.9413,1,15941268705,73000,1
15.9413,2,15941269299,73000,1
15.9439,2,15941349299,2502412,0
15.9465,2,15946436311,73000,1
15.9465,3,15946436311,73000,1
15.949,4,15946534311,2502412,0
15.9548,4,15952339329,2502412,0
15.9574,1,15954878335,2502412,0
15.9625,4,15959974347,2502412,0
15.9626,2,15962522353,73000,1
15.9626,3,15962522353,73000,1
15.9651,4,15962602353,2502412,0
15.9676,1,15965141359,2502412,0
15.9702,2,15967671365,2502412,0
15.9727,4,15970210371,2502412,0
15.9752,1,15972740377,2502412,0
15.9803,1,15977827389,2502412,0
15.9829,2,15980366395,2502412,0
15.9857,4,15983227401,2502412,0
15.9859,4,15985792813,73000,1
15.9859,2,15985793407,73000,1
15.9884,1,15985864407,2502412,0
15.9885,1,15988420819,73000,1
15.9911,3,15988555413,2502412,0
15.9936,2,15991085419,2502412,0
15.9961,3,15993633425,2502412,0
16.0012,3,15998729437,2502412,0
16.0013,1,16001268443,73000,1
16.0038,3,16001339443,2502412,0
16.0067,2,16004193455,2502412,0
16.0092,4,16006741461,2502412,0
16.0094,3,16009280467,73000,1
16.0119,2,16009360467,2502412,0
16.012,2,16011943879,73000,1
16.012,3,16011944473,73000,1
16.0145,4,16012033473,2502412,0
16.0196,2,16017147485,2502412,0
16.0222,4,16019677491,2502412,0
16.0223,4,16022242903,73000,1
16.0223,1,16022243497,73000,1
16.0223,3,16022243497,73000,1
16.0274,2,16024916503,2502412,0
16.0299,2,16027445915,2502412,0
16.0325,2,16029984327,2502412,0
16.0326,2,16032531739,73000,1
16.0352,2,16032666333,2502412,0
16.0377,4,16035223339,2502412,0
16.0428,4,16040283351,2502412,0
16.0454,2,16042849357,2502412,0
16.0479,4,16045388363,2502412,0
16.0533,2,16050835381,2502412,0
16.0562,4,16053713793,2502412,0
16.0613,4,16058809805,2502412,0
16.0639,2,16061348811,2502412,0
16.0664,2,16063905223,2502412,0
16.0715,4,16069019235,2502412,0
16.0716,4,16071566647,73000,1
16.0716,1,16071567241,73000,1
16.0741,4,16071647241,2502412,0
16.0743,2,16074186247,73000,1
16.0768,4,16074284247,2502412,0
16.0794,4,16076867659,2502412,0
16.0821,4,16082008671,73000,1
16.0821,3,16082008671,73000,1
16.0875,2,16084976083,2502412,0
16.09,4,16087524089,2502412,0
16.0951,2,16092620101,2502412,0
16.0977,2,16095194513,2502412,0
16.0978,2,16097732925,73000,1
16.0978,4,16097733519,73000,1
16.1033,2,16100793531,2502412,0
16.1084,4,16105916543,2502412,0
16.111,2,16108464549,2502412,0
16.116,4,16113542561,2502412,0
16.1186,4,16116107973,2502412,0
16.1187,2,16118673979,73000,1
16.1213,4,16118780979,2502412,0
16.1238,4,16121328391,2502412,0
16.129,4,16126460403,2502412,0
16.1315,4,16128998815,2502412,0
16.1316,4,16131555227,73000,1
16.1342,2,16131680821,2502412,0
16.1419,2,16139387245,2502412,0
16.1444,4,16141917251,2502412,0
16.1495,4,16147031263,2502412,0
16.1521,3,16149579269,2502412,0
16.1546,2,16152109275,2502412,0
16.1604,4,16157877699,2502412,0
16.1629,3,16160407705,2502412,0
16.1654,2,16162937711,2502412,0
16.168,3,16165494717,2502412,0
16.1731,3,16170581729,2502412,0
16.1756,4,16173111735,2502412,0
16.1782,4,16175668147,2502412,0
16.1783,3,16178207153,73000,1
16.1783,2,16178207153,73000,1
16.1808,1,16178296153,2502412,0
16.1859,1,16183410165,2502412,0
16.1888,4,16186262171,2502412,0
16.1913,1,16188819177,2502412,0
16.1939,2,16191358183,2502412,0
16.1989,1,16196427195,2502412,0
16.199,4,16198966201,73000,1
16.199,3,16198966201,73000,1
16.2015,2,16199037201,2502412,0
16.2044,1,16201900213,2502412,0
16.2071,1,16207023225,73000,1
16.2071,2,16207023225,73000,1
16.2096,2,16207103225,2502412,0
16.2122,2,16209659637,2502412,0
16.2147,2,16212216049,2502412,0
16.2173,4,16214764055,2502412,0
16.2223,2,16219833067,2502412,0
16.2249,3,16222381073,2502412,0
16.2274,4,16224929079,2502412,0
16.23,2,16227459085,2502412,0
16.2325,3,16230025091,2502412,0
16.2351,1,16232555097,2502412,0
16.2402,4,16237651109,2502412,0
16.2427,4,16240189521,2502412,0
16.2452,2,16242728527,2502412,0
16.2454,4,16245294533,73000,1
16.2454,3,16245294533,73000,1
16.2479,1,16245365533,2502412,0
16.2504,3,16247895539,2502412,0
16.2558,2,16253297557,2502412,0
16.2583,1,16255827563,2502412,0
16.2588,1,16258732975,73000,1
16.2588,4,16258732975,73000,1
16.2613,3,16258803975,2502412,0
16.2639,2,16261360981,2502412,0
16.2689,3,16266429993,2502412,0
16.2715,2,16269040999,2502412,0
16.2717,2,16271579411,73000,1
16.2717,3,16271580005,73000,1
16.2767,1,16274217011,2502412,0
16.2795,4,16279385023,73000,1
16.2795,3,16279385023,73000,1
16.282,1,16279456023,2502412,0
16.2871,1,16284579035,2502412,0
16.2896,4,16287109041,2502412,0
16.2925,2,16289952047,2502412,0
16.2926,4,16292518053,73000,1
16.2951,4,16292625053,2502412,0
16.2977,1,16295155059,2502412,0
16.3002,2,16297694065,2502412,0
16.303,1,16300539077,2502412,0
16.3056,4,16303078083,2502412,0
16.3107,4,16308201095,2502412,0
16.3132,2,16310740101,2502412,0
16.3134,4,16313279107,73000,1
16.3134,1,16313279107,73000,1
16.3159,1,16313352107,2502412,0
16.316,2,16315900113,73000,1
16.3185,1,16315971113,2502412,0
16.3211,2,16318591119,2502412,0
16.3236,1,16321121125,2502412,0
16.3263,1,16326199137,73000,1
16.3263,3,16326199137,73000,1
16.3288,2,16326288137,2502412,0
16.3314,4,16328854143,2502412,0
16.3315,1,16331402149,73000,1
16.334,2,16331500149,2502412,0
16.3366,2,16334056561,2502412,0
16.3391,4,16336595567,2502412,0
16.3442,4,16341682579,2502412,0
16.3467,3,16344212585,2502412,0
16.3493,4,16346760591,2502412,0
16.3518,2,16349317597,2502412,0
16.3519,4,16351856603,73000,1
16.3519,3,16351856603,73000,1
16.3573,3,16354772615,2502412,0
16.3574,3,16357347027,73000,1
16.3574,2,16357347621,73000,1
16.3628,1,16360324627,2502412,0
16.3654,4,16362863633,2502412,0
16.3655,4,16365465045,73000,1
16.3681,1,16365563639,2502412,0
16.3706,3,16368111645,2502412,0
16.3732,1,16370650651,2502412,0
16.3757,2,16373189657,2502412,0
16.3808,4,16378276669,2502412,0
16.3833,3,16380824675,2502412,0
16.3834,4,16383363681,73000,1
16.3834,2,16383363681,73000,1
16.3859,1,16383443681,2502412,0
16.3885,4,16385991687,2502412,0
16.3939,3,16391400105,2502412,0
16.3964,1,16393939111,2502412,0
16.399,3,16396496117,2502412,0
16.4015,4,16399026123,2502412,0
16.4044,1,16401880135,2502412,0
16.4095,4,16406985147,2502412,0
16.412,3,16409515153,2502412,0
16.4145,1,16412045159,2502412,0
16.4171,2,16414584165,2502412,0
16.4196,4,16417123171,2502412,0
16.4222,2,16419653177,2502412,0
16.4223,1,16422219183,73000,1
16.4248,2,16422290183,2502412,0
16.4273,3,16424820189,2502412,0
16.4299,4,16427350195,2502412,0
16.4324,2,16429898201,2502412,0
16.435,1,16432473207,2502412,0
16.4375,3,16435003213,2502412,0
16.4376,2,16437560219,73000,1
16.4376,4,16437560219,73000,1
16.4427,1,16440197225,2502412,0
16.4452,3,16442727231,2502412,0
16.4478,2,16445266237,2502412,0
16.4503,1,16447796243,2502412,0
16.4504,4,16450335249,73000,1
16.4533,3,16450748255,2502412,0
16.4558,2,16453287261,2502412,0
16.4609,1,16458356273,2502412,0
16.461,2,16460949279,73000,1
16.461,3,16460949279,73000,1
16.4635,1,16461020279,2502412,0
16.4664,1,16463871691,2502412,0
16.4689,3,16466410697,2502412,0
16.4714,3,16468940109,2502412,0
16.4715,1,16471470115,73000,1
16.4715,2,16471470115,73000,1
16.4741,3,16471550115,2502412,0
16.4742,4,16474089121,73000,1
16.4767,3,16474232121,2502412,0
16.4793,1,16476762127,2502412,0
16.4818,1,16479309539,2502412,0
16.4843,3,16481839545,2502412,0
16.4869,3,16484368957,2502412,0
16.487,3,16486943369,73000,1
16.4895,1,16487041963,2502412,0
16.4921,1,16489643375,2502412,0
16.4947,1,16492172787,2502412,0
16.5001,3,16497608799,2502412,0
16.5002,1,16500147805,73000,1
16.5056,2,16503081817,2502412,0
16.5081,3,16505620823,2502412,0
16.5107,3,16508150235,2502412,0
16.5132,3,16510715647,2502412,0
16.5159,3,16515793659,73000,1
16.5159,2,16515793659,73000,1
16.5184,3,16515918659,2502412,0
16.521,1,16518493665,2502412,0
16.5261,1,16523553677,2502412,0
16.5286,3,16526146683,2502412,0
16.5312,1,16528676689,2502412,0
16.5313,2,16531224695,73000,1
16.5338,2,16531331695,2502412,0
16.5364,3,16533870701,2502412,0
16.5389,1,16536409707,2502412,0
16.544,4,16541514719,2502412,0
16.5465,1,16544044725,2502412,0
16.5491,2,16546574731,2502412,0
16.5516,3,16549122737,2502412,0
16.5542,4,16551652743,2502412,0
16.557,3,16554506755,2502412,0
16.5621,4,16559566767,2502412,0
16.5646,1,16562114773,2502412,0
16.565,4,16564966185,73000,1
16.565,3,16564966185,73000,1
16.5675,2,16565037185,2502412,0
16.5701,1,16567576191,2502412,0
16.5726,2,16570124197,2502412,0
16.5752,2,16572662609,2502412,0
16.5777,1,16575192615,2502412,0
16.5802,2,16577722621,2502412,0
16.5853,4,16582791633,2502412,0
16.5879,2,16585393639,2502412,0
16.588,4,16587941645,73000,1
16.588,1,16587941645,73000,1
16.5905,3,16588039645,2502412,0
16.5907,2,16590605651,73000,1
16.5932,3,16590703651,2502412,0
16.5957,2,16593233657,2502412,0
16.5986,3,16596094663,2502412,0
16.6011,2,16598633669,2502412,0
16.604,2,16601496681,2502412,0
16.6091,3,16606556693,2502412,0
16.6116,2,16609095699,2502412,0
16.6141,1,16611634705,2502412,0
16.6167,4,16614164711,2502412,0
16.6192,1,16616739717,2502412,0
16.6218,3,16619287723,2502412,0
16.6243,3,16621817135,2502412,0
16.6244,2,16624356141,73000,1
16.6269,4,16624436141,2502412,0
16.6295,3,16627002147,2502412,0
16.632,1,16629532153,2502412,0
16.6346,4,16632071159,2502412,0
16.6371,3,16634601165,2502412,0
16.6397,1,16637149171,2502412,0
16.6422,2,16639679177,2502412,0
16.6447,3,16642227183,2502412,0
16.6448,2,16644757189,73000,1
16.6473,4,16644828189,2502412,0
16.6499,1,16647421195,2502412,0
16.6525,4,16649960201,2502412,0
16.655,3,16652499207,2502412,0
16.6555,3,16655398219,73000,1
16.6555,4,16655398219,73000,1
16.6556,1,16655487219,73000,1
16.6556,2,16655487219,73000,1
16.6606,2,16658142225,2502412,0
16.6632,4,16660744231,2502412,0
16.6659,4,16665822243,73000,1
16.6659,1,16665822243,73000,1
16.6684,2,16665911243,2502412,0
16.6713,3,16668771655,2502412,0
16.6714,3,16671319067,73000,1
16.6739,2,16671390661,2502412,0
16.6765,3,16674001667,2502412,0
16.6816,2,16679070679,2502412,0
16.6841,2,16681618091,2502412,0
16.6867,3,16684148097,2502412,0
16.6892,4,16686696103,2502412,0
16.6917,3,16689244109,2502412,0
16.6968,3,16694313121,2502412,0
16.6993,2,16696843127,2502412,0
16.7022,4,16699722133,2502412,0
16.7027,2,16702585145,73000,1
16.7027,1,16702585145,73000,1
16.7052,4,16702656145,2502412,0
16.7053,3,16705186151,73000,1
16.7053,1,16705186151,73000,1
16.7103,4,16707832157,2502412,0
16.7129,2,16710425163,2502412,0
16.7155,2,16712963575,2502412,0
16.7181,2,16718059587,73000,1
16.7181,4,16718059587,73000,1
16.7206,3,16718130587,2502412,0
16.7232,3,16720731999,2502412,0
16.7283,3,16725846011,2502412,0
16.7309,3,16728402423,2502412,0
16.736,2,16733471435,2502412,0
16.7385,4,16736001441,2502412,0
16.7386,2,16738558447,73000,1
16.7386,3,16738558447,73000,1
16.7411,4,16738629447,2502412,0
16.7462,3,16743725459,2502412,0
16.7488,4,16746255465,2502412,0
16.7513,3,16748803471,2502412,0
16.7542,3,16751702483,2502412,0
16.7543,3,16754240895,73000,1
16.7568,4,16754312489,2502412,0
16.7593,4,16756841901,2502412,0
16.7619,4,16759389313,2502412,0
16.7644,2,16761919319,2502412,0
16.767,3,16764449325,2502412,0
16.7695,4,16766988331,2502412,0
16.7724,4,16769875743,2502412,0
16.7774,2,16774935755,2502412,0
16.78,3,16777501761,2502412,0
16.7826,2,16780076767,2502412,0
16.7851,4,16782615773,2502412,0
16.7877,3,16785163779,2502412,0
16.7927,2,16790232791,2502412,0
16.7953,4,16792771797,2502412,0
16.7978,4,16795319209,2502412,0
16.8004,3,16797849215,2502412,0
16.8036,2,16801061227,2502412,0
16.8086,3,16806121239,2502412,0
16.8087,3,16808659651,73000,1
16.8087,4,16808660245,73000,1
16.8113,1,16808767245,2502412,0
16.8138,2,16811324251,2502412,0
16.8164,2,16813862663,2502412,0
16.8189,4,16816410669,2502412,0
16.824,3,16821488681,2502412,0
16.8241,3,16824018093,73000,1
16.8241,1,16824018687,73000,1
16.8266,2,16824089687,2502412,0
16.8291,2,16826628099,2502412,0
16.8317,3,16829167105,2502412,0
16.8342,4,16831697111,2502412,0
16.8368,4,16834253523,2502412,0
16.8419,3,16839367535,2502412,0
16.8444,2,16841897541,2502412,0
16.8469,4,16844427547,2502412,0
16.8495,1,16846966553,2502412,0
16.8496,1,16849495965,73000,1
16.8496,4,16849496559,73000,1
16.8497,2,16849648559,73000,1
16.8497,3,16849648559,73000,1
16.8499,2,16849854559,73000,1
16.8524,3,16849934559,2502412,0
16.8553,4,16852788571,2502412,0
16.8554,4,16855317983,73000,1
16.8554,3,16855318577,73000,1
16.8554,1,16855318577,73000,1
16.8579,3,16855398577,2502412,0
16.863,4,16860458589,2502412,0
16.8655,4,16862988001,2502412,0
16.868,3,16865518007,2502412,0
16.8706,3,16868056419,2502412,0
16.8732,2,16870649425,2502412,0
16.8736,2,16873500837,73000,1
16.8761,4,16873589837,2502412,0
16.8786,4,16876128249,2502412,0
16.8812,3,16878658255,2502412,0
16.8837,4,16881233261,2502412,0
16.8888,3,16886329273,2502412,0
16.8914,2,16888868279,2502412,0
16.8939,4,16891398285,2502412,0
16.8965,3,16893955291,2502412,0
16.899,1,16896494297,2502412,0
16.8991,4,16899042303,73000,1
16.8991,2,16899042303,73000,1
16.8992,3,16899113303,73000,1
16.8993,1,16899184303,73000,1
16.8993,4,16899184303,73000,1
16.9018,2,16899282303,2502412,0
16.9047,3,16902190315,2502412,0
16.9101,2,16907590327,2502412,0
16.9126,2,16910128739,2502412,0
16.9127,1,16912658745,73000,1
16.9127,4,16912658745,73000,1
16.9153,3,16912747745,2502412,0
16.9178,2,16915304751,2502412,0
16.9204,2,16917852163,2502412,0
16.9254,3,16922912175,2502412,0
16.928,3,16925504587,2502412,0
16.9305,2,16928043593,2502412,0
16.9331,3,16930573599,2502412,0
16.9332,3,16933130011,73000,1
16.9332,1,16933130605,73000,1
16.9383,2,16935776611,2502412,0
16.9385,2,16938396023,73000,1
16.9385,3,16938396617,73000,1
16.941,3,16938469617,2502412,0
16.9435,3,16941026029,2502412,0
16.9461,3,16943582441,2502412,0
16.9512,3,16948669453,2502412,0
16.9513,4,16951208459,73000,1
16.9542,3,16951728465,2502412,0
16.9568,1,16954267471,2502412,0
16.9569,1,16956796883,73000,1
16.9569,2,16956797477,73000,1
16.9594,3,16956868477,2502412,0
16.9645,1,16961964489,2502412,0
16.9671,3,16964548495,2502412,0
16.9672,3,16967113907,73000,1
16.9672,1,16967114501,73000,1
16.9749,1,16972397919,2502412,0
16.9753,2,16975276331,73000,1
16.9779,3,16975356331,2502412,0
16.9804,3,16977885743,2502412,0
16.9829,1,16980415749,2502412,0
16.9855,3,16982954755,2502412,0
16.9906,3,16988077767,2502412,0
16.9931,1,16990607773,2502412,0
16.9956,3,16993146779,2502412,0
17.0008,3,16998278791,2502412,0
17.0036,1,17001132803,2502412,0
17.0091,3,17006577221,2502412,0
17.0116,1,17009116227,2502412,0
17.0142,2,17011655233,2502412,0
17.0143,1,17014230239,73000,1
17.0168,2,17014301239,2502412,0
17.0193,3,17016840245,2502412,0
17.0245,2,17021981257,2502412,0
17.027,3,17024547263,2502412,0
17.0322,2,17029661275,2502412,0
17.0323,3,17032200281,73000,1
17.0323,1,17032200281,73000,1
17.0348,2,17032271281,2502412,0
17.0373,3,17034801287,2502412,0
17.0399,3,17037348699,2502412,0
17.0449,2,17042444711,2502412,0
17.0475,4,17045010717,2502412,0
17.0501,2,17047549723,2502412,0
17.0529,3,17050403735,2502412,0
17.058,2,17055481747,2502412,0
17.0605,3,17058011753,2502412,0
17.0631,4,17060586759,2502412,0
17.0656,4,17063116171,2502412,0
17.0657,2,17065664177,73000,1
17.0657,1,17065664177,73000,1
17.0708,3,17068301183,2502412,0
17.0709,2,17070876189,73000,1
17.0709,4,17070876189,73000,1
17.0735,3,17070956189,2502412,0
17.0736,4,17073531195,73000,1
17.0761,3,17073620195,2502412,0
17.079,3,17076534607,2502412,0
17.0842,3,17081648619,2502412,0
17.0893,4,17086762631,2502412,0
17.0918,3,17089301637,2502412,0
17.0944,3,17091858049,2502412,0
17.0994,3,17096945061,2502412,0
17.102,4,17099511067,2502412,0
17.1074,3,17104904085,2502412,0
17.1102,2,17107747091,2502412,0
17.1128,3,17110295097,2502412,0
17.1153,2,17112825103,2502412,0
17.1179,3,17115355109,2502412,0
17.1204,3,17117893521,2502412,0
17.1229,4,17120432527,2502412,0
17.128,4,17125501539,2502412,0
17.1306,3,17128076545,2502412,0
17.1307,4,17130606551,73000,1
17.1307,2,17130606551,73000,1
17.1332,3,17130740551,2502412,0
17.1358,2,17133279557,2502412,0
17.1409,1,17138348569,2502412,0
17.1434,3,17140914575,2502412,0
17.146,1,17143453581,2502412,0
17.1485,4,17145992587,2502412,0
17.1486,4,17148539999,73000,1
17.1486,2,17148540593,73000,1
17.1487,2,17148620593,73000,1
17.1512,3,17148718593,2502412,0
17.1541,1,17151554605,2502412,0
17.1566,1,17154111017,2502412,0
17.1592,3,17156668023,2502412,0
17.1593,3,17159197435,73000,1
17.1593,1,17159198029,73000,1
17.1644,4,17161880035,2502412,0
17.1669,4,17164418447,2502412,0
17.1695,1,17166948453,2502412,0
17.172,1,17169477865,2502412,0
17.1771,4,17174555877,2502412,0
17.1796,1,17177121883,2502412,0
17.1825,1,17179964295,2502412,0
17.185,4,17182494301,2502412,0
17.1875,3,17185033307,2502412,0
17.1901,1,17187563313,2502412,0
17.1926,1,17190110725,2502412,0
17.1977,2,17195170737,2502412,0
17.2002,4,17197700743,2502412,0
17.2027,3,17200230749,2502412,0
17.2056,4,17203111761,2502412,0
17.2081,1,17205641767,2502412,0
17.2083,3,17208189773,73000,1
17.2083,2,17208189773,73000,1
17.2084,4,17208305773,73000,1
17.2109,1,17208430773,2502412,0
17.2114,1,17211372779,73000,1
17.2114,4,17211372779,73000,1
17.2115,3,17211443779,73000,1
17.2115,2,17211443779,73000,1
17.2167,1,17214152785,2502412,0
17.2218,1,17219293797,2502412,0
17.227,3,17224452809,2502412,0
17.232,1,17229512821,2502412,0
17.2346,1,17232087233,2502412,0
17.2347,3,17234635239,73000,1
17.2372,1,17234706239,2502412,0
17.2398,2,17237263245,2502412,0
17.2449,2,17242377257,2502412,0
17.245,1,17244907263,73000,1
17.245,4,17244907263,73000,1
17.245,3,17244907263,73000,1
17.2475,2,17244978263,2502412,0
17.25,3,17247508269,2502412,0
17.2529,3,17250353281,2502412,0
17.253,3,17252918693,73000,1
17.253,1,17252919287,73000,1
17.2531,3,17252991693,73000,1
17.2556,2,17253062693,2502412,0
17.2581,2,17255646105,2502412,0
17.2607,1,17258221111,2502412,0
17.2659,2,17263353123,2502412,0
17.2684,1,17265901129,2502412,0
17.2735,2,17270988141,2502412,0
17.2761,1,17273572147,2502412,0
17.2786,2,17276102153,2502412,0
17.284,2,17281493165,2502412,0
17.2866,2,17284058577,2502412,0
17.2891,1,17286588583,2502412,0
17.2916,1,17289135995,2502412,0
17.2942,4,17291666001,2502412,0
17.2967,4,17294195413,2502412,0
17.3018,4,17299264425,2502412,0
17.3046,3,17302100437,2502412,0
17.3071,3,17304629849,2502412,0
17.3097,2,17307186855,2502412,0
17.3122,1,17309716861,2502412,0
17.3151,4,17312568867,2502412,0
17.3152,4,17315134279,73000,1
17.3152,2,17315134873,73000,1
17.3153,3,17315214873,73000,1
17.3178,2,17315285873,2502412,0
17.3204,1,17317851879,2502412,0
17.3229,3,17320381885,2502412,0
17.3255,1,17322947891,2502412,0
17.328,1,17325486303,2502412,0
17.3281,3,17328016309,73000,1
17.3281,2,17328016309,73000,1
17.3306,4,17328105309,2502412,0
17.3307,1,17330635315,73000,1
17.3333,4,17330796315,2502412,0
17.3358,4,17333325727,2502412,0
17.336,3,17335882733,73000,1
17.336,2,17335882733,73000,1
17.3385,2,17335955733,2502412,0
17.3435,2,17341033745,2502412,0
17.3461,4,17343581751,2502412,0
17.3486,1,17346120757,2502412,0
17.3488,2,17348713763,73000,1
17.3489,1,17348802763,73000,1
17.3489,2,17348802763,73000,1
17.3514,4,17348891763,2502412,0
17.3542,2,17351736775,2502412,0
17.3544,2,17354302187,73000,1
17.3569,4,17354382781,2502412,0
17.3595,1,17356975787,2502412,0
17.3596,4,17359523793,73000,1
17.3646,1,17362144799,2502412,0
17.3672,1,17364683211,2502412,0
17.3697,4,17367213217,2502412,0
17.3722,4,17369742629,2502412,0
17.3748,3,17372290635,2502412,0
17.3799,2,17377359647,2502412,0
17.3824,1,17379898653,2502412,0
17.3849,1,17382428065,2502412,0
17.3853,2,17385270477,73000,1
17.3853,4,17385270477,73000,1
17.3879,3,17385368477,2502412,0
17.393,1,17390491489,2502412,0
17.3956,3,17393075495,2502412,0
17.3981,2,17395605501,2502412,0
17.4007,1,17398153507,2502412,0
17.4036,3,17403555525,73000,1
17.4036,4,17403555525,73000,1
17.4062,2,17403653525,2502412,0
17.4087,1,17406210531,2502412,0
17.4138,1,17411315543,2502412,0
17.4164,2,17413863549,2502412,0
17.4193,1,17416751555,2502412,0
17.4243,2,17421838567,2502412,0
17.4269,3,17424368573,2502412,0
17.4294,1,17426907579,2502412,0
17.4319,2,17429437585,2502412,0
17.4345,2,17431984997,2502412,0
17.437,4,17434515003,2502412,0
17.4421,1,17439593015,2502412,0
17.4446,2,17442132021,2502412,0
17.4472,1,17444662027,2502412,0
17.4497,3,17447192033,2502412,0
17.4523,4,17449767039,2502412,0
17.4524,2,17452306045,73000,1
17.4552,1,17452694051,2502412,0
17.4603,3,17457763063,2502412,0
17.4628,4,17460293069,2502412,0
17.4629,3,17462868075,73000,1
17.4629,1,17462868075,73000,1
17.4655,4,17462966075,2502412,0
17.4656,4,17465522487,73000,1
17.4656,3,17465523081,73000,1
17.4681,4,17465595487,2502412,0
17.4732,2,17470736499,2502412,0
17.4758,4,17473293505,2502412,0
17.4783,1,17475841511,2502412,0
17.4809,2,17478371517,2502412,0
17.481,1,17480910523,73000,1
17.4836,2,17481053523,2502412,0
17.4861,4,17483583529,2502412,0
17.489,2,17486452941,2502412,0
17.4891,4,17488982947,73000,1
17.4942,1,17491691953,2502412,0
17.4967,2,17494221959,2502412,0
17.4993,4,17496760965,2502412,0
17.5018,3,17499299971,2502412,0
17.5048,3,17504683989,73000,1
17.5048,1,17504683989,73000,1
17.5073,3,17504772989,2502412,0
17.5098,4,17507320995,2502412,0
17.5124,2,17509851001,2502412,0
17.5149,3,17512399007,2502412,0
17.515,1,17514956013,73000,1
17.5175,3,17515036013,2502412,0
17.5204,4,17517879019,2502412,0
17.5229,2,17520409025,2502412,0
17.5255,3,17522966031,2502412,0
17.528,2,17525496037,2502412,0
17.5305,2,17528034449,2502412,0
17.5331,1,17530582455,2502412,0
17.5356,3,17533112461,2502412,0
17.5357,4,17535642467,73000,1
17.5383,3,17535749467,2502412,0
17.5384,1,17538279473,73000,1
17.5384,2,17538279473,73000,1
17.5385,4,17538386473,73000,1
17.5385,2,17538386473,73000,1
17.541,3,17538502473,2502412,0
17.5461,3,17543589485,2502412,0
17.5463,3,17546199897,73000,1
17.5463,1,17546200491,73000,1
17.5543,3,17551798915,2502412,0
17.5568,4,17554337921,2502412,0
17.5619,4,17559433933,2502412,0
17.5645,3,17561972939,2502412,0
17.567,4,17564511945,2502412,0
17.5696,4,17567059357,2502412,0
17.5721,2,17569589363,2502412,0
17.5772,4,17574667375,2502412,0
17.5797,3,17577242381,2502412,0
17.5823,2,17579772387,2502412,0
17.5848,1,17582311393,2502412,0
17.5873,4,17584841399,2502412,0
17.5928,3,17590268411,2502412,0
17.5953,3,17592797823,2502412,0
17.5979,2,17595354829,2502412,0
17.598,4,17597884835,73000,1
17.598,1,17597884835,73000,1
17.6005,3,17597964835,2502412,0
17.6035,3,17600954847,2502412,0
17.6036,2,17603484853,73000,1
17.6036,4,17603484853,73000,1
17.6061,1,17603591853,2502412,0
17.6086,1,17606121265,2502412,0
17.6087,3,17608651271,73000,1
17.6112,1,17608722271,2502412,0
17.6138,4,17611252277,2502412,0
17.6163,3,17613800283,2502412,0
17.6164,1,17616357289,73000,1
17.6164,2,17616357289,73000,1
17.619,4,17616455289,2502412,0
17.6215,4,17618984701,2502412,0
17.6269,3,17624375713,2502412,0
17.6294,2,17626914719,2502412,0
17.632,4,17629525725,2502412,0
17.6346,2,17632064731,2502412,0
17.6371,3,17634594737,2502412,0
17.6422,1,17639654749,2502412,0
17.6447,2,17642184755,2502412,0
17.6472,2,17644714167,2502412,0
17.6497,4,17647244173,2502412,0
17.6499,4,17649827585,73000,1
17.6499,2,17649828179,73000,1
17.6524,1,17649908179,2502412,0
17.6553,3,17652753191,2502412,0
17.6603,4,17657840203,2502412,0
17.6605,4,17660432615,73000,1
17.6605,3,17660433209,73000,1
17.663,1,17660504209,2502412,0
17.6656,4,17663070215,2502412,0
17.6706,1,17668130227,2502412,0
17.6732,1,17670686639,2502412,0
17.6757,2,17673234645,2502412,0
17.6783,2,17675800057,2502412,0
17.6808,4,17678330063,2502412,0
17.6809,3,17680860069,73000,1
17.6835,1,17680958069,2502412,0
17.686,2,17683497075,2502412,0
17.6861,2,17686026487,73000,1
17.6861,1,17686027081,73000,1
17.6886,4,17686125081,2502412,0
17.6887,4,17688654493,73000,1
17.6887,2,17688655087,73000,1
17.6941,3,17691614093,2502412,0
17.6967,4,17694153099,2502412,0
17.6992,1,17696692105,2502412,0
17.7017,1,17699239517,2502412,0
17.7046,3,17702084529,2502412,0
17.7071,4,17704623535,2502412,0
17.7097,1,17707153541,2502412,0
17.7147,4,17712231553,2502412,0
17.7148,1,17714770559,73000,1
17.7148,3,17714770559,73000,1
17.7174,4,17714940559,2502412,0
17.7225,1,17720009571,2502412,0
17.723,1,17722915577,73000,1
17.723,3,17722915577,73000,1
17.728,4,17725543583,2502412,0
17.7306,2,17728100589,2502412,0
17.7358,4,17733250601,2502412,0
17.7383,2,17735798607,2502412,0
17.7384,2,17738355019,73000,1
17.7385,4,17738426613,73000,1
17.7385,1,17738426613,73000,1
17.7464,2,17746329443,73000,1
17.7464,4,17746329443,73000,1
17.7489,3,17746409443,2502412,0
17.7544,3,17751856461,2502412,0
17.7569,1,17754422467,2502412,0
17.757,1,17756960879,73000,1
17.7596,2,17757068473,2502412,0
17.7621,3,17759625479,2502412,0
17.7623,3,17762181891,73000,1
17.7648,2,17762298485,2502412,0
17.7673,2,17764845897,2502412,0
17.7724,1,17769923909,2502412,0
17.775,3,17772525915,2502412,0
17.7801,2,17777594927,2502412,0
17.7826,2,17780124339,2502412,0
17.7852,1,17782654345,2502412,0
17.7877,1,17785183757,2502412,0
17.7902,2,17787713763,2502412,0
17.7927,4,17790243769,2502412,0
17.7932,2,17793104181,73000,1
17.7932,3,17793104181,73000,1
17.7933,4,17793193181,73000,1
17.7958,1,17793327181,2502412,0
17.7984,2,17795875187,2502412,0
17.8009,2,17798422599,2502412,0
17.8014,1,17801294611,73000,1
17.8039,2,17801365611,2502412,0
17.8064,3,17803904617,2502412,0
17.809,4,17806479623,2502412,0
17.8115,3,17809018629,2502412,0
17.8166,2,17814105641,2502412,0
17.8191,1,17816635647,2502412,0
17.8217,4,17819183653,2502412,0
17.8242,3,17821713659,2502412,0
17.8271,3,17824556665,2502412,0
17.8296,4,17827086671,2502412,0
17.8297,1,17829616677,73000,1
17.8297,2,17829616677,73000,1
17.8348,2,17832271683,2502412,0
17.8373,3,17834801689,2502412,0
17.8398,4,17837331695,2502412,0
17.8424,4,17839870107,2502412,0
17.8425,2,17842436113,73000,1
17.8425,1,17842436113,73000,1
17.845,4,17842516113,2502412,0
17.8476,4,17845063525,2502412,0
17.8477,3,17847602531,73000,1
17.8477,2,17847602531,73000,1
17.853,2,17850545543,2502412,0
17.8556,4,17853093549,2502412,0
17.8581,3,17855632555,2502412,0
17.8607,3,17858206967,2502412,0
17.8608,3,17860736379,73000,1
17.8608,2,17860736973,73000,1
17.8633,4,17860825973,2502412,0
17.8684,4,17865939985,2502412,0
17.871,4,17868469397,2502412,0
17.8735,2,17871044403,2502412,0
17.8761,1,17873601409,2502412,0
17.8762,4,17876131415,73000,1
17.8787,3,17876220415,2502412,0
17.8813,1,17878750421,2502412,0
17.8838,2,17881289427,2502412,0
17.8863,3,17883846433,2502412,0
17.8915,1,17888951445,2502412,0
17.894,2,17891481451,2502412,0
17.8965,2,17894028863,2502412,0
17.897,1,17896889275,73000,1
17.897,3,17896889275,73000,1
17.8995,2,17896969275,2502412,0
17.902,4,17899517281,2502412,0
17.9047,2,17902154287,2502412,0
17.9075,4,17905035299,2502412,0
17.9101,2,17907592305,2502412,0
17.9126,4,17910131311,2502412,0
17.9177,1,17915191323,2502412,0
17.9178,1,17917729735,73000,1
17.9178,3,17917730329,73000,1
17.9203,4,17917810329,2502412,0
17.9229,4,17920393741,2502412,0
17.9254,2,17922923747,2502412,0
17.9255,3,17925462753,73000,1
17.9281,4,17925551753,2502412,0
17.9309,2,17928439759,2502412,0
17.9335,4,17930969765,2502412,0
17.936,2,17933499771,2502412,0
17.9411,1,17938595783,2502412,0
17.9436,2,17941134789,2502412,0
17.9462,4,17943673795,2502412,0
17.9487,1,17946203801,2502412,0
17.9512,4,17948742807,2502412,0
17.9541,2,17951578819,2502412,0
17.9566,1,17954144825,2502412,0
17.9617,2,17959231837,2502412,0
17.9643,4,17961770843,2502412,0
17.9669,1,17964363849,2502412,0
17.9694,2,17966920855,2502412,0
17.9745,4,17971989867,2502412,0
17.9771,4,17974555279,2502412,0
17.9772,4,17977102691,73000,1
17.9772,1,17977103285,73000,1
17.9773,2,17977210285,73000,1
17.9798,2,17977344285,2502412,0
17.985,1,17982449297,2502412,0
17.9875,2,17985024303,2502412,0
17.9902,2,17990102315,73000,1
17.9902,4,17990102315,73000,1
17.9927,1,17990200315,2502412,0
17.9979,2,17995350327,2502412,0
18.0007,1,17998210739,2502412,0
18.0008,1,18000740151,73000,1
18.0008,2,18000740745,73000,1
18.0062,1,18003674757,2502412,0
18.0087,2,18006213763,2502412,0
18.0113,1,18008770769,2502412,0
18.0164,3,18013866781,2502412,0
18.0189,1,18016405787,2502412,0
18.0215,2,18018953793,2502412,0
18.024,1,18021483799,2502412,0
18.0265,1,18024022211,2502412,0
18.0291,3,18026561217,2502412,0
18.0345,4,18031961229,2502412,0
18.037,2,18034500235,2502412,0
18.0395,4,18037039241,2502412,0
18.0396,2,18039569247,73000,1
18.0396,3,18039569247,73000,1
18.0421,4,18039640247,2502412,0
18.0447,1,18042188253,2502412,0
18.0498,2,18047293265,2502412,0
18.0523,2,18049840677,2502412,0
18.0549,1,18052370683,2502412,0
18.055,4,18054900689,73000,1
18.0551,3,18054989689,73000,1
18.0579,2,18055393695,2502412,0
18.0604,2,18057923107,2502412,0
18.0655,1,18063028119,2502412,0
18.0681,2,18065558125,2502412,0
18.0706,2,18068087537,2502412,0
18.0731,2,18070616949,2502412,0
18.0757,4,18073191955,2502412,0
18.0782,1,18075739961,2502412,0
18.0784,4,18078287967,73000,1
18.0784,2,18078287967,73000,1
18.0835,1,18080987973,2502412,0
18.086,3,18083517979,2502412,0
18.0886,1,18086074985,2502412,0
18.0911,3,18088613991,2502412,0
18.0962,1,18093701003,2502412,0
18.0987,4,18096231009,2502412,0
18.1013,4,18098787421,2502412,0
18.1041,2,18101629833,2502412,0
18.107,3,18104474845,2502412,0
18.1121,1,18109570857,2502412,0
18.1122,2,18112118863,73000,1
18.1122,4,18112118863,73000,1
18.1147,2,18112191863,2502412,0
18.1173,2,18114757275,2502412,0
18.1174,1,18117287281,73000,1
18.1174,3,18117287281,73000,1
18.1174,4,18117367281,73000,1
18.1174,1,18117367281,73000,1
18.1225,1,18119986287,2502412,0
18.1251,2,18122588293,2502412,0
18.1276,3,18125118299,2502412,0
18.1302,1,18127657305,2502412,0
18.1327,4,18130187311,2502412,0
18.1331,1,18133039317,73000,1
18.1331,2,18133039317,73000,1
18.1382,2,18135649323,2502412,0
18.1407,4,18138197329,2502412,0
18.1432,3,18140736335,2502412,0
18.1458,2,18143338341,2502412,0
18.1509,4,18148416353,2502412,0
18.1538,3,18151252365,2502412,0
18.1563,1,18153818371,2502412,0
18.1589,2,18156375377,2502412,0
18.159,3,18158914383,73000,1
18.159,4,18158914383,73000,1
18.1615,4,18158987383,2502412,0
18.1641,4,18164056395,73000,1
18.1641,1,18164056395,73000,1
18.1667,2,18164154395,2502412,0
18.1692,4,18166711401,2502412,0
18.1718,2,18169268407,2502412,0
18.1769,1,18174373419,2502412,0
18.1794,3,18176912425,2502412,0
18.1819,1,18179442431,2502412,0
18.1845,4,18181972437,2502412,0
18.187,2,18184502443,2502412,0
18.1872,1,18187086449,73000,1
18.1897,2,18187166449,2502412,0
18.1922,2,18189695861,2502412,0
18.1947,3,18192243867,2502412,0
18.1949,3,18194782279,73000,1
18.1949,2,18194782873,73000,1
18.1949,4,18194782873,73000,1
18.2,4,18197455879,2502412,0
18.2025,2,18199985885,2502412,0
18.2057,2,18203188303,2502412,0
18.2082,3,18205736309,2502412,0
18.2108,1,18208266315,2502412,0
18.2109,4,18210796321,73000,1
18.2134,3,18210921321,2502412,0
18.216,2,18213469327,2502412,0
18.2185,2,18216007739,2502412,0
18.221,1,18218546745,2502412,0
18.2236,3,18221076751,2502412,0
18.2287,3,18226163763,2502412,0
18.2288,3,18228747175,73000,1
18.2288,1,18228747769,73000,1
18.2313,2,18228818769,2502412,0
18.2339,2,18231357181,2502412,0
18.2343,4,18234209187,73000,1
18.2343,1,18234209187,73000,1
18.2393,3,18236819193,2502412,0
18.2419,2,18239439199,2502412,0
18.2445,3,18241987205,2502412,0
18.2495,3,18247047217,2502412,0
18.2497,3,18249666629,73000,1
18.2497,2,18249667223,73000,1
18.2578,3,18255248241,2502412,0
18.2628,4,18260326253,2502412,0
18.2654,1,18262910259,2502412,0
18.2679,2,18265440265,2502412,0
18.2706,4,18270500277,73000,1
18.2706,3,18270500277,73000,1
18.2731,1,18270616277,2502412,0
18.2757,1,18273163689,2502412,0
18.2782,3,18275702695,2502412,0
18.2783,3,18278232107,73000,1
18.2808,2,18278312701,2502412,0
18.2834,1,18280878707,2502412,0
18.2859,4,18283426713,2502412,0
18.2885,2,18285965719,2502412,0
18.291,1,18288495725,2502412,0
18.2911,1,18291034137,73000,1
18.2936,2,18291123731,2502412,0
18.2937,2,18293671143,73000,1
18.2937,4,18293671737,73000,1
18.2963,3,18293796737,2502412,0
18.3014,1,18298883749,2502412,0
18.3042,2,18301746761,2502412,0
18.3068,1,18304285767,2502412,0
18.3072,1,18307128179,73000,1
18.3072,3,18307128179,73000,1
18.3072,4,18307128179,73000,1
18.3123,2,18309783185,2502412,0
18.3148,2,18312321597,2502412,0
18.3174,2,18314896009,2502412,0
18.3175,2,18317452421,73000,1
18.32,1,18317524015,2502412,0
18.3226,3,18320099021,2502412,0
18.3277,1,18325213033,2502412,0
18.3279,3,18327788039,73000,1
18.3279,4,18327788039,73000,1
18.3304,1,18327859039,2502412,0
18.3354,1,18332937051,2502412,0
18.338,3,18335467057,2502412,0
18.3408,3,18338310063,2502412,0
18.3434,3,18340857475,2502412,0
18.3435,3,18343386887,73000,1
18.3435,2,18343387481,73000,1
18.346,1,18343458481,2502412,0
18.3461,1,18345987893,73000,1
18.3461,3,18345988487,73000,1
18.3512,1,18348742493,2502412,0
18.3566,2,18354144511,2502412,0
18.3592,2,18356691923,2502412,0
18.3618,1,18359257929,2502412,0
18.3668,1,18364335941,2502412,0
18.3694,2,18366919947,2502412,0
18.372,2,18369449359,2502412,0
18.3745,1,18371979365,2502412,0
18.3796,1,18377048377,2502412,0
18.3821,3,18379596383,2502412,0
18.3822,2,18382144389,73000,1
18.3822,4,18382144389,73000,1
18.3847,1,18382224389,2502412,0
18.3873,3,18384754395,2502412,0
18.3898,3,18387283807,2502412,0
18.3923,3,18389831219,2502412,0
18.3924,2,18392361225,73000,1
18.395,1,18392459225,2502412,0
18.3976,3,18395052231,2502412,0
18.4001,1,18397627237,2502412,0
18.4027,3,18400228243,2502412,0
18.4053,3,18402766655,2502412,0
18.4081,1,18405638667,2502412,0
18.411,2,18408490079,2502412,0
18.4137,2,18413586091,73000,1
18.4137,3,18413586091,73000,1
18.4162,1,18413693091,2502412,0
18.4164,1,18416285503,73000,1
18.4215,1,18418986103,2502412,0
18.424,3,18421516109,2502412,0
18.4265,3,18424045521,2502412,0
18.4291,2,18426593527,2502412,0
18.4342,3,18431680539,2502412,0
18.4367,1,18434246545,2502412,0
18.4393,3,18436776551,2502412,0
18.4421,3,18439637557,2502412,0
18.4447,2,18442176563,2502412,0
18.4472,3,18444706569,2502412,0
18.4499,3,18449784581,73000,1
18.4499,1,18449784581,73000,1
18.4524,2,18449855581,2502412,0
18.4553,2,18452799593,2502412,0
18.4554,2,18455329005,73000,1
18.4555,3,18455445599,73000,1
18.4555,1,18455445599,73000,1
18.4607,2,18458163605,2502412,0
18.4632,2,18460711017,2502412,0
18.4683,2,18465780029,2502412,0
18.4708,3,18468319035,2502412,0
18.4734,3,18470875447,2502412,0
18.4759,1,18473423453,2502412,0
18.4786,3,18478519465,73000,1
18.4786,4,18478519465,73000,1
18.4811,2,18478590465,2502412,0
18.4813,1,18481192471,73000,1
18.4838,2,18481263471,2502412,0
18.4839,2,18483828883,73000,1
18.4839,1,18483829477,73000,1
18.4864,2,18483936477,2502412,0
18.4915,3,18489014489,2502412,0
18.4941,2,18491616495,2502412,0
18.4992,3,18496694507,2502412,0
18.5018,3,18499250919,2502412,0
18.5043,3,18501780331,2502412,0
18.5047,3,18504643343,73000,1
18.5072,2,18504723343,2502412,0
18.5098,2,18507324755,2502412,0
18.5153,2,18512787173,2502412,0
18.5154,2,18515325585,73000,1
18.5154,1,18515326179,73000,1
18.5179,3,18515415179,2502412,0
18.5205,2,18517972185,2502412,0
18.523,3,18520502191,2502412,0
18.5231,2,18523041197,73000,1
18.5257,3,18523157197,2502412,0
18.5308,3,18528271209,2502412,0
18.5359,3,18533412221,2502412,0
18.5385,2,18535951227,2502412,0
18.541,3,18538499233,2502412,0
18.5464,1,18543890245,2502412,0
18.549,2,18546456251,2502412,0
18.5515,3,18548986257,2502412,0
18.554,2,18551516263,2502412,0
18.5569,1,18554379275,2502412,0
18.5596,1,18559502287,73000,1
18.5596,3,18559502287,73000,1
18.5621,2,18559591287,2502412,0
18.5646,2,18562138699,2502412,0
18.5697,3,18567225711,2502412,0
18.5723,2,18569827717,2502412,0
18.5749,3,18572357723,2502412,0
18.575,3,18574887135,73000,1
18.575,1,18574887729,73000,1
18.58,2,18577488735,2502412,0
18.5826,3,18580090741,2502412,0
18.5827,3,18582638153,73000,1
18.5827,2,18582638747,73000,1
18.5828,3,18582718747,73000,1
18.5854,1,18582879747,2502412,0
18.5905,3,18587957759,2502412,0
18.593,1,18590487765,2502412,0
18.5955,1,18593035177,2502412,0
18.5982,3,18598167189,73000,1
18.5982,2,18598167189,73000,1
18.6007,1,18598238189,2502412,0
18.6062,1,18603694207,2502412,0
18.6088,2,18606251213,2502412,0
18.6089,3,18608790219,73000,1
18.6114,4,18608861219,2502412,0
18.6139,1,18611400225,2502412,0
18.6168,1,18614260637,2502412,0
18.6193,4,18616790643,2502412,0
18.6219,1,18619347649,2502412,0
18.6269,2,18624407661,2502412,0
18.6294,2,18626937073,2502412,0
18.632,1,18629512079,2502412,0
18.6345,4,18632042085,2502412,0
18.6371,2,18634581091,2502412,0
18.6396,4,18637111097,2502412,0
18.6447,2,18642198109,2502412,0
18.6476,4,18645086115,2502412,0
18.6501,1,18647616121,2502412,0
18.653,4,18650461133,2502412,0
18.6555,1,18653000139,2502412,0
18.658,3,18655539145,2502412,0
18.6606,1,18658069151,2502412,0
18.6631,2,18660608157,2502412,0
18.6632,4,18663138163,73000,1
18.6657,4,18663211163,2502412,0
18.6683,3,18665750169,2502412,0
18.6708,4,18668280175,2502412,0
18.6733,1,18670828181,2502412,0
18.6759,2,18673367187,2502412,0
18.6785,3,18675951193,2502412,0
18.681,2,18678481199,2502412,0
18.6811,3,18681020205,73000,1
18.6811,4,18681020205,73000,1
18.6836,1,18681091205,2502412,0
18.6887,1,18686151217,2502412,0
18.6912,4,18688699223,2502412,0
18.6938,2,18691274229,2502412,0
18.6963,1,18693804235,2502412,0
18.6988,1,18696333647,2502412,0
18.7014,4,18698890653,2502412,0
18.7043,2,18701762665,2502412,0
18.7093,1,18706831677,2502412,0
18.7119,3,18709406683,2502412,0
18.7144,4,18711936689,2502412,0
18.7173,2,18714779101,2502412,0
18.7174,3,18717309107,73000,1
18.7174,1,18717309107,73000,1
18.7199,2,18717389107,2502412,0
18.7224,3,18719919113,2502412,0
18.725,4,18722476119,2502412,0
18.7275,4,18725005531,2502412,0
18.7276,2,18727544537,73000,1
18.7301,3,18727624537,2502412,0
18.7327,1,18730154543,2502412,0
18.7352,2,18732702549,2502412,0
18.7377,1,18735241555,2502412,0
18.7403,3,18737780561,2502412,0
18.7428,4,18740328567,2502412,0
18.7454,1,18742858573,2502412,0
18.7482,3,18745739003,2502412,0
18.7484,1,18748278009,73000,1
18.7484,2,18748278009,73000,1
18.7537,3,18751194021,2502412,0
18.7562,4,18753724027,2502412,0
18.7588,1,18756299033,2502412,0
18.7613,4,18758829039,2502412,0
18.7639,3,18761359045,2502412,0
18.7664,3,18763906457,2502412,0
18.769,4,18766508463,2502412,0
18.7715,1,18769038469,2502412,0
18.7766,2,18774098481,2502412,0
18.7791,1,18776628487,2502412,0
18.7817,4,18779167493,2502412,0
18.7842,3,18781697499,2502412,0
18.7867,3,18784226911,2502412,0
18.7893,4,18786756917,2502412,0
18.7918,1,18789295923,2502412,0
18.7944,2,18791870929,2502412,0
18.7969,2,18794400341,2502412,0
18.7994,4,18796939347,2502412,0
18.7996,1,18799487353,73000,1
18.8021,3,18799558353,2502412,0
18.8046,4,18802088359,2502412,0
18.8075,3,18804951371,2502412,0
18.8076,1,18807499377,73000,1
18.8076,2,18807499377,73000,1
18.8101,4,18807597377,2502412,0
18.8102,4,18810153789,73000,1
18.8102,1,18810154383,73000,1
18.8127,3,18810234383,2502412,0
18.8179,3,18815402395,2502412,0
18.8184,3,18818289807,73000,1
18.8184,2,18818289807,73000,1
18.8184,1,18818289807,73000,1
18.8185,4,18818387807,73000,1
18.8185,1,18818387807,73000,1
18.8261,4,18823635225,2502412,0
18.8287,3,18826201231,2502412,0
18.8312,4,18828731237,2502412,0
18.8339,4,18833827249,73000,1
18.8339,3,18833827249,73000,1
18.8364,3,18833943249,2502412,0
18.8415,3,18839021261,2502412,0
18.8441,3,18841559673,2502412,0
18.8466,4,18844098679,2502412,0
18.8492,3,18846673685,2502412,0
18.8549,4,18852397703,2502412,0
18.8574,4,18854945115,2502412,0
18.86,2,18857484121,2502412,0
18.8601,3,18860041127,73000,1
18.8627,4,18860148127,2502412,0
18.8652,4,18862722539,2502412,0
18.8678,2,18865252545,2502412,0
18.8679,2,18867799957,73000,1
18.8704,3,18867925551,2502412,0
18.873,4,18870464557,2502412,0
18.8781,3,18875560569,2502412,0
18.8806,3,18878089981,2502412,0
18.8831,4,18880619987,2502412,0
18.8857,2,18883149993,2502412,0
18.8858,2,18885688405,73000,1
18.8858,3,18885688999,73000,1
18.8859,4,18885777999,73000,1
18.8859,3,18885777999,73000,1
18.8909,2,18888406005,2502412,0
18.8934,2,18890935417,2502412,0
18.896,2,18893464829,2502412,0
18.9011,2,18898632841,2502412,0
18.904,2,18901486853,2502412,0
18.9065,2,18904025265,2502412,0
18.9091,4,18906582271,2502412,0
18.9116,4,18909111683,2502412,0
18.9167,4,18914180695,2502412,0
18.9193,3,18916755701,2502412,0
18.9221,4,18919598113,2502412,0
18.9246,2,18922128119,2502412,0
18.9272,2,18924657531,2502412,0
18.9273,2,18927231943,73000,1
18.9273,3,18927232537,73000,1
18.9324,4,18929887543,2502412,0
18.935,4,18932452955,2502412,0
18.9351,4,18935036367,73000,1
18.9376,3,18935107961,2502412,0
18.9402,2,18937655967,2502412,0
18.9453,3,18942787979,2502412,0
18.9478,3,18945326391,2502412,0
18.9504,2,18947874397,2502412,0
18.9511,3,18951059409,73000,1
18.9511,4,18951059409,73000,1
18.9536,2,18951130409,2502412,0
18.9562,3,18953660415,2502412,0
18.9587,3,18956216827,2502412,0
18.9613,2,18958782833,2502412,0
18.9664,3,18963887845,2502412,0
18.9689,3,18966444257,2502412,0
18.969,2,18968974263,73000,1
18.969,4,18968974263,73000,1
18.9742,3,18971692269,2502412,0
18.9767,2,18974231275,2502412,0
18.9793,2,18976769687,2502412,0
18.9843,1,18981829699,2502412,0
18.9869,3,18984404705,2502412,0
18.9895,2,18986970711,2502412,0
18.9945,2,18992039723,2502412,0
18.9971,3,18994569729,2502412,0
18.9996,1,18997099735,2502412,0
19.0021,1,18999647147,2502412,0
19.0023,3,19002186153,73000,1
19.0076,2,19005147165,2502412,0
19.0102,2,19007712577,2502412,0
19.0127,1,19010242583,2502412,0
19.0153,3,19012808589,2502412,0
19.0154,1,19015356595,73000,1
19.018,2,19015454595,2502412,0
19.0181,2,19018038007,73000,1
19.0181,3,19018038601,73000,1
19.0232,1,19020675607,2502412,0
19.026,1,19023545019,2502412,0
19.0262,1,19026119431,73000,1
19.0287,2,19026236025,2502412,0
19.0313,2,19028774437,2502412,0
19.0364,2,19033870449,2502412,0
19.0389,3,19036409455,2502412,0
19.0415,4,19038966461,2502412,0
19.0416,4,19041522873,73000,1
19.0441,3,19041603467,2502412,0
19.0466,2,19044142473,2502412,0
19.0492,1,19046672479,2502412,0
19.0517,2,19049211485,2502412,0
19.0545,1,19052047497,2502412,0
19.055,3,19054926503,73000,1
19.0576,2,19055078503,2502412,0
19.0601,1,19057608509,2502412,0
19.0652,4,19062722521,2502412,0
19.0678,2,19065252527,2502412,0
19.0679,4,19067791533,73000,1
19.0679,1,19067791533,73000,1
19.073,3,19070464539,2502412,0
19.0755,2,19073012545,2502412,0
19.0807,2,19078162557,2502412,0
19.0832,3,19080692563,2502412,0
19.0833,1,19083258569,73000,1
19.0858,4,19083329569,2502412,0
19.0884,4,19085912981,2502412,0
19.0909,2,19088442987,2502412,0
19.0935,3,19090981993,2502412,0
19.0961,2,19096060005,73000,1
19.0961,4,19096060005,73000,1
19.0986,3,19096131005,2502412,0
19.1012,3,19098669417,2502412,0
19.104,1,19101541429,2502412,0
19.1066,1,19104088841,2502412,0
19.1117,4,19109175853,2502412,0
19.1142,3,19111705859,2502412,0
19.1168,3,19114253271,2502412,0
19.1193,2,19116810277,2502412,0
19.1219,1,19119349283,2502412,0
19.1244,3,19121888289,2502412,0
19.1248,2,19124739701,73000,1
19.1248,4,19124739701,73000,1
19.1273,1,19124819701,2502412,0
19.1275,4,19127439707,73000,1
19.1275,3,19127439707,73000,1
19.13,1,19127537707,2502412,0
19.1351,1,19132624719,2502412,0
19.1377,1,19135199131,2502412,0
19.1402,2,19137738137,2502412,0
19.1453,2,19142816149,2502412,0
19.1479,3,19145382155,2502412,0
19.1504,1,19147921161,2502412,0
19.1534,3,19153332179,73000,1
19.1534,2,19153332179,73000,1
19.1559,1,19153430179,2502412,0
19.1614,1,19158857191,2502412,0
19.1639,3,19161396197,2502412,0
19.1664,3,19163925609,2502412,0
19.169,4,19166464615,2502412,0
19.1715,1,19168994621,2502412,0
19.1716,4,19171524627,73000,1
19.1716,3,19171524627,73000,1
19.1767,2,19174152633,2502412,0
19.1792,2,19176727045,2502412,0
19.1818,3,19179275051,2502412,0
19.1843,1,19181805057,2502412,0
19.1869,4,19184380063,2502412,0
19.1895,1,19189440075,73000,1
19.1895,2,19189440075,73000,1
19.1921,1,19189556075,2502412,0
19.1946,3,19192086081,2502412,0
19.1972,4,19194670087,2502412,0
19.2022,2,19199730099,2502412,0
19.2023,3,19202269105,73000,1
19.2048,1,19202340105,2502412,0
19.2077,4,19205176117,2502412,0
19.2079,4,19207777529,73000,1
19.2079,2,19207778123,73000,1
19.2079,4,19207850529,73000,1
19.2079,2,19207851123,73000,1
19.2105,1,19207949123,2502412,0
19.213,1,19210505535,2502412,0
19.2156,3,19213071541,2502412,0
19.2207,3,19218158553,2502412,0
19.2232,1,19220688559,2502412,0
19.2233,1,19223262971,73000,1
19.2233,3,19223263565,73000,1
19.2258,2,19223343565,2502412,0
19.2312,2,19228725577,2502412,0
19.2338,2,19231272989,2502412,0
19.2364,2,19233883401,2502412,0
19.2415,1,19238961413,2502412,0
19.2441,2,19241554419,2502412,0
19.2442,3,19244093425,73000,1
19.2467,1,19244200425,2502412,0
19.2492,4,19246739431,2502412,0
19.2518,2,19249269437,2502412,0
19.2543,4,19251799443,2502412,0
19.2547,4,19254653455,73000,1
19.2548,2,19254733455,73000,1
19.2548,1,19254733455,73000,1
19.2629,2,19260401873,2502412,0
19.2654,1,19262931879,2502412,0
19.268,4,19265461885,2502412,0
19.273,3,19270530897,2502412,0
19.2756,1,19273114903,2502412,0
19.2782,2,19275653909,2502412,0
19.2807,4,19278192915,2502412,0
19.2858,3,19283252927,2502412,0
19.2883,1,19285818933,2502412,0
19.2909,4,19288384939,2502412,0
19.291,3,19290914945,73000,1
19.291,2,19290914945,73000,1
19.2961,1,19293551951,2502412,0
19.2986,4,19296135957,2502412,0
19.3012,1,19298665963,2502412,0
19.3042,1,19304103981,73000,1
19.3042,3,19304103981,73000,1
19.3042,4,19304174981,73000,1
19.3042,2,19304174981,73000,1
19.3068,4,19304299981,2502412,0
19.3119,2,19309368993,2502412,0
19.3144,3,19311943999,2502412,0
19.3145,4,19314474005,73000,1
19.3145,1,19314474005,73000,1
19.317,2,19314545005,2502412,0
19.3172,3,19317093011,73000,1
19.3197,2,19317191011,2502412,0
19.3222,3,19319739017,2502412,0
19.3248,2,19322278023,2502412,0
19.3273,3,19324844029,2502412,0
19.3328,2,19330253041,2502412,0
19.3353,4,19332783047,2502412,0
19.3378,3,19335322053,2502412,0
19.3404,4,19337888059,2502412,0
19.3455,3,19342957071,2502412,0
19.348,2,19345496077,2502412,0
19.3506,4,19348053083,2502412,0
19.3534,3,19350916095,2502412,0
19.356,2,19353455101,2502412,0
19.3585,1,19355985107,2502412,0
19.3639,4,19361375525,2502412,0
19.3664,3,19363905531,2502412,0
19.369,3,19366452943,2502412,0
19.3691,1,19369018949,73000,1
19.3691,2,19369018949,73000,1
19.3716,3,19369107949,2502412,0
19.3741,4,19371637955,2502412,0
19.3792,1,19376733967,2502412,0
19.3818,3,19379263973,2502412,0
19.3843,4,19381793979,2502412,0
19.3869,3,19384368985,2502412,0
19.3894,2,19386916991,2502412,0
19.3895,4,19389446997,73000,1
19.3895,1,19389446997,73000,1
19.392,3,19389526997,2502412,0
19.3971,2,19394614009,2502412,0
19.3997,3,19397189015,2502412,0
19.4022,2,19399737021,2502412,0
19.4024,3,19402285027,73000,1
19.4077,4,19405219039,2502412,0
19.4103,2,19407803045,2502412,0
19.4128,1,19410333051,2502412,0
19.4154,4,19412881057,2502412,0
19.418,1,19417959069,73000,1
19.418,2,19417959069,73000,1
19.4181,1,19418039069,73000,1
19.4181,2,19418039069,73000,1
19.4206,3,19418128069,2502412,0
19.4232,4,19420658075,2502412,0
19.4233,2,19423242081,73000,1
19.4234,4,19423331081,73000,1
19.4234,3,19423331081,73000,1
19.4236,1,19423501081,73000,1
19.4261,4,19423599081,2502412,0
19.4287,3,19426156087,2502412,0
19.4341,3,19431565099,2502412,0
19.4366,4,19434131105,2502412,0
19.4392,3,19436661111,2502412,0
19.4393,3,19439199523,73000,1
19.4418,3,19439316117,2502412,0
19.4444,4,19441855123,2502412,0
19.4495,3,19446987135,2502412,0
19.452,4,19449517141,2502412,0
19.4549,4,19452380153,2502412,0
19.4574,3,19454910159,2502412,0
19.4625,4,19460015171,2502412,0
19.4654,1,19462858177,2502412,0
19.468,3,19465451183,2502412,0
19.473,1,19470529195,2502412,0
19.4756,4,19473059201,2502412,0
19.4781,1,19475598207,2502412,0
19.4806,4,19478128213,2502412,0
19.4832,1,19480667219,2502412,0
19.4833,3,19483224225,73000,1
19.4859,4,19483349225,2502412,0
19.4884,1,19485879231,2502412,0
19.4909,1,19488426643,2502412,0
19.4935,3,19490956649,2502412,0
19.496,4,19493504655,2502412,0
19.5011,3,19498564667,2502412,0
19.5015,1,19501409679,73000,1
19.5015,2,19501409679,73000,1
19.504,4,19501480679,2502412,0
19.5065,3,19504010685,2502412,0
19.509,4,19506540691,2502412,0
19.5116,4,19509070103,2502412,0
19.5141,3,19511600109,2502412,0
19.5143,4,19514193115,73000,1
19.5168,3,19514309115,2502412,0
19.5193,3,19516847527,2502412,0
19.5219,3,19519439939,2502412,0
19.5245,3,19521969351,2502412,0
19.5246,1,19524508357,73000,1
19.5271,3,19524624357,2502412,0
19.5297,4,19527181363,2502412,0
19.5324,4,19532277375,73000,1
19.5324,3,19532277375,73000,1
19.5349,4,19532384375,2502412,0
19.5403,4,19537801793,2502412,0
19.5428,3,19540331799,2502412,0
19.5454,4,19542888805,2502412,0
19.5479,4,19545436217,2502412,0
19.5505,3,19547966223,2502412,0
19.5558,3,19553341241,2502412,0
19.5584,3,19555879653,2502412,0
19.5609,4,19558445659,2502412,0
19.5635,4,19560993071,2502412,0
19.566,3,19563532077,2502412,0
19.5665,4,19566393083,73000,1
19.5666,1,19566509083,73000,1
19.5666,4,19566509083,73000,1
19.5691,3,19566607083,2502412,0
19.5742,3,19571739095,2502412,0
19.5794,3,19576898107,2502412,0
19.582,3,19579454519,2502412,0
19.5897,3,19587160943,2502412,0
19.5922,2,19589717949,2502412,0
19.5973,3,19594822961,2502412,0
19.5999,2,19597388967,2502412,0
19.6024,4,19599918973,2502412,0
19.6078,4,19605284991,2502412,0
19.6103,1,19607814997,2502412,0
19.6128,3,19610345003,2502412,0
19.6154,2,19612911009,2502412,0
19.618,1,19615459015,2502412,0
19.623,3,19620528027,2502412,0
19.6256,3,19623057439,2502412,0
19.6281,4,19625587445,2502412,0
19.6306,2,19628117451,2502412,0
19.6332,2,19630655863,2502412,0
19.6357,2,19633203275,2502412,0
19.6361,2,19636045687,73000,1
19.6361,1,19636045687,73000,1
19.6386,4,19636116687,2502412,0
19.6412,2,19638673693,2502412,0
19.6413,3,19641203699,73000,1
19.6438,4,19641274699,2502412,0
19.6463,4,19643840111,2502412,0
19.6489,2,19646388117,2502412,0
19.6514,1,19648936123,2502412,0
19.6519,2,19651790135,73000,1
19.6519,4,19651790135,73000,1
19.6519,3,19651790135,73000,1
19.6544,4,19651897135,2502412,0
19.6595,1,19656993147,2502412,0
19.6596,4,19659559153,73000,1
19.6596,2,19659559153,73000,1
19.6622,4,19659666153,2502412,0
19.6623,1,19662232159,73000,1
19.6648,4,19662303159,2502412,0
19.6673,1,19664833165,2502412,0
19.6702,1,19667685171,2502412,0
19.6727,1,19670214583,2502412,0
19.6753,4,19672798589,2502412,0
19.6804,1,19677894601,2502412,0
19.683,4,19680451607,2502412,0
19.6855,1,19682990613,2502412,0
19.688,4,19685520619,2502412,0
19.6931,3,19690616631,2502412,0
19.6956,4,19693146637,2502412,0
19.6958,4,19695730049,73000,1
19.6958,1,19695730643,73000,1
19.6983,3,19695828643,2502412,0
19.701,4,19700897655,73000,1
19.701,1,19700897655,73000,1
19.701,2,19700968655,73000,1
19.7039,1,19701376661,2502412,0
19.7065,3,19703951667,2502412,0
19.709,3,19706481079,2502412,0
19.7091,1,19709011085,73000,1
19.7117,3,19709199085,2502412,0
19.7142,1,19711729091,2502412,0
19.7169,1,19716825103,73000,1
19.7169,3,19716825103,73000,1
19.7194,4,19716914103,2502412,0
19.722,3,19719462109,2502412,0
19.7245,1,19721992115,2502412,0
19.7296,1,19727070127,2502412,0
19.7297,1,19729617539,73000,1
19.7297,4,19729618133,73000,1
19.7322,3,19729707133,2502412,0
19.7324,1,19732291139,73000,1
19.7349,3,19732380139,2502412,0
19.7375,4,19734964145,2502412,0
19.74,4,19737493557,2502412,0
19.7454,3,19742883975,2502412,0
19.7455,3,19745458387,73000,1
19.7455,1,19745458981,73000,1
19.748,3,19745531387,2502412,0
19.7506,3,19748060799,2502412,0
19.7507,4,19750599805,73000,1
19.7507,3,19750670805,73000,1
19.7507,4,19750672805,73000,1
19.7537,3,19751148811,2502412,0
19.7588,3,19756289823,2502412,0
19.7613,4,19758819829,2502412,0
19.7664,3,19763942841,2502412,0
19.769,4,19766472847,2502412,0
19.7715,4,19769002259,2502412,0
19.7744,3,19771872265,2502412,0
19.7794,3,19776941277,2502412,0
19.7796,3,19779479689,73000,1
19.7796,2,19779480283,73000,1
19.7821,4,19779560283,2502412,0
19.7846,4,19782116695,2502412,0
19.7872,1,19784655701,2502412,0
19.7922,1,19789733713,2502412,0
19.7948,4,19792272719,2502412,0
19.7974,4,19794856131,2502412,0
19.7975,1,19797431137,73000,1
19.7975,3,19797431137,73000,1
19.8001,4,19797565137,2502412,0
19.8029,3,19800419149,2502412,0
19.808,1,19805497161,2502412,0
19.8105,1,19808044573,2502412,0
19.8131,4,19810592579,2502412,0
19.8156,4,19813121991,2502412,0
19.8157,4,19815651403,73000,1
19.8157,1,19815651997,73000,1
19.8157,3,19815651997,73000,1
19.8209,4,19818388003,2502412,0
19.826,4,19823457015,2502412,0
19.8285,3,19826023021,2502412,0
19.8286,3,19828570433,73000,1
19.8286,1,19828571027,73000,1
19.8337,1,19831181033,2502412,0
19.8362,4,19833747039,2502412,0
19.8388,4,19836285451,2502412,0
19.8413,4,19838832863,2502412,0
19.8467,1,19844214281,2502412,0
19.8493,4,19846753287,2502412,0
19.8518,1,19849328293,2502412,0
19.8519,3,19851858299,73000,1
19.852,4,19851956299,73000,1
19.8549,1,19852360305,2502412,0
19.8574,4,19854899311,2502412,0
19.8576,4,19857482723,73000,1
19.8576,1,19857483317,73000,1
19.8626,1,19860102323,2502412,0
19.8652,1,19862649735,2502412,0
19.8677,1,19865215147,2502412,0
19.8702,3,19867745153,2502412,0
19.8757,3,19873225571,2502412,0
19.8783,1,19875755577,2502412,0
19.8808,1,19878284989,2502412,0
19.8859,4,19883354001,2502412,0
19.8884,4,19885919413,2502412,0
19.891,3,19888467419,2502412,0
19.8911,4,19890997425,73000,1
19.8911,1,19890997425,73000,1
19.8961,1,19893616431,2502412,0
19.8986,1,19896145843,2502412,0
19.9012,1,19898702255,2502412,0
19.9013,3,19901241261,73000,1
19.9014,3,19901321261,73000,1
19.9039,4,19901401261,2502412,0
19.9043,4,19904246273,73000,1
19.9069,3,19904362273,2502412,0
19.907,1,19906892279,73000,1
19.907,4,19906892279,73000,1
19.9095,4,19906990279,2502412,0
19.912,1,19909529285,2502412,0
19.9122,4,19912095291,73000,1
19.9122,3,19912095291,73000,1
19.9147,4,19912168291,2502412,0
19.9172,3,19914716297,2502412,0
19.9198,1,19917255303,2502412,0
19.9224,2,19919848309,2502412,0
19.9225,4,19922378315,73000,1
19.9225,1,19922449315,73000,1
19.9225,3,19922449315,73000,1
19.9226,4,19922520315,73000,1
19.9276,2,19925123321,2502412,0
19.9302,2,19927688733,2502412,0
19.9328,3,19930281739,2502412,0
19.9329,1,19932811745,73000,1
19.9354,2,19932891745,2502412,0
19.938,2,19935466157,2502412,0
19.9405,3,19938023163,2502412,0
19.9436,3,19943486175,73000,1
19.9436,2,19943486175,73000,1
19.9486,3,19946141181,2502412,0
19.9537,3,19951237193,2502412,0
19.9542,4,19954136205,73000,1
19.9568,3,19954252205,2502412,0
19.9593,2,19956800211,2502412,0
19.9644,1,19961860223,2502412,0
19.9669,2,19964390229,2502412,0
19.9694,3,19966929235,2502412,0
19.972,2,19969459241,2502412,0
19.9745,3,19972007247,2502412,0
19.9774,3,19974850253,2502412,0
19.9825,1,19979955265,2502412,0
19.985,2,19982503271,2502412,0
19.9876,1,19985060277,2502412,0
19.9901,3,19987599283,2502412,0
19.9952,1,19992704295,2502412,0
19.9977,2,19995243301,2502412,0
20.0003,3,19997818307,2502412,0
20.0004,2,20000366313,73000,1
20.0005,3,20000437313,73000,1
20.0031,1,20000583313,2502412,0
20.006,1,20003464325,2502412,0
20.0085,1,20006038737,2502412,0
20.0136,1,20011134749,2502412,0
20.0162,4,20013682755,2502412,0
20.0187,4,20016221167,2502412,0
20.0188,4,20018759579,73000,1
20.0188,2,20018760173,73000,1
20.0188,3,20018760173,73000,1
20.0239,1,20021406179,2502412,0
20.0291,1,20026574191,2502412,0
20.0317,2,20029158197,2502412,0
20.0342,4,20031688203,2502412,0
20.0393,2,20036748215,2502412,0
20.0418,3,20039296221,2502412,0
20.0443,1,20041835227,2502412,0
20.0469,4,20044365233,2502412,0
20.0523,3,20049782651,2502412,0
20.0524,3,20052321063,73000,1
20.0524,4,20052321657,73000,1
20.0525,2,20052392657,73000,1
20.0525,4,20052394657,73000,1
20.0525,2,20052474657,73000,1
20.0526,1,20052563657,73000,1
20.0557,1,20053164663,2502412,0
20.0608,3,20058251675,2502412,0
20.0633,4,20060781681,2502412,0
20.0658,1,20063329687,2502412,0
20.066,3,20065904693,73000,1
20.066,1,20065975693,73000,1
20.066,4,20065975693,73000,1
20.0686,4,20066082693,2502412,0
20.0711,2,20068630699,2502412,0
20.0762,3,20073744711,2502412,0
20.0763,3,20076274123,73000,1
20.0763,4,20076274717,73000,1
20.0789,1,20076354717,2502412,0
20.0793,1,20079206723,73000,1
20.0793,2,20079206723,73000,1
20.0818,3,20079286723,2502412,0
20.0843,2,20081816729,2502412,0
20.087,3,20086912741,73000,1
20.087,1,20086912741,73000,1
20.0895,2,20086983741,2502412,0
20.0947,3,20092160753,2502412,0
20.0948,2,20094690759,73000,1
20.0948,4,20094690759,73000,1
20.0973,1,20094761759,2502412,0
20.0999,1,20099875771,73000,1
20.0999,3,20099875771,73000,1
20.1025,1,20099964771,2502412,0
20.1053,2,20102845783,2502412,0
20.1105,2,20107950795,2502412,0
20.113,1,20110480801,2502412,0
20.1155,3,20113028807,2502412,0
20.1181,2,20115558813,2502412,0
20.1206,1,20118115819,2502412,0
20.1231,3,20120645825,2502412,0
20.1232,3,20123175237,73000,1
20.1258,2,20123318831,2502412,0
20.1284,1,20125857837,2502412,0
20.1285,2,20128396843,73000,1
20.1285,4,20128396843,73000,1
20.131,3,20128467843,2502412,0
20.1361,2,20133581855,2502412,0
20.1386,1,20136129861,2502412,0
20.1412,3,20138695867,2502412,0
20.1463,3,20143773879,2502412,0
20.1488,2,20146330885,2502412,0
20.1517,1,20149173297,2502412,0
20.1542,2,20151712303,2502412,0
20.1571,3,20154575315,2502412,0
20.1572,2,20157105321,73000,1
20.1597,2,20157221321,2502412,0
20.1623,1,20159760327,2502412,0
20.1648,2,20162290333,2502412,0
20.1649,2,20164819745,73000,1
20.1649,3,20164820339,73000,1
20.1674,2,20164927339,2502412,0
20.1675,1,20167457345,73000,1
20.1701,1,20167573345,2502412,0
20.1726,2,20170103351,2502412,0
20.1752,2,20172650763,2502412,0
20.1803,1,20177764775,2502412,0
20.1831,2,20180607781,2502412,0
20.1856,3,20183146787,2502412,0
20.1882,1,20185676793,2502412,0
20.1933,4,20190799805,2502412,0
20.1958,2,20193329811,2502412,0
20.1984,4,20195859817,2502412,0
20.1985,1,20198389823,73000,1
20.1985,3,20198389823,73000,1
20.1985,2,20198460823,73000,1
20.1985,1,20198462823,73000,1
20.2011,1,20198596823,2502412,0
20.2065,3,20203971841,2502412,0
20.209,4,20206510847,2502412,0
20.2115,2,20209040853,2502412,0
20.2141,1,20211606859,2502412,0
20.2142,2,20214136865,73000,1
20.2142,3,20214136865,73000,1
20.2167,4,20214225865,2502412,0
20.2193,4,20216773277,2502412,0
20.2194,1,20219303283,73000,1
20.2219,1,20219428283,2502412,0
20.2245,4,20221985289,2502412,0
20.227,1,20224515295,2502412,0
20.2296,1,20227053707,2502412,0
20.2321,2,20229592713,2502412,0
20.2372,3,20234688725,2502412,0
20.2373,2,20237236731,73000,1
20.2373,1,20237236731,73000,1
20.2398,4,20237307731,2502412,0
20.2424,4,20239909143,2502412,0
20.2449,3,20242439149,2502412,0
20.2501,4,20247553161,2502412,0
20.2532,3,20250728579,2502412,0
20.2558,1,20253258585,2502412,0
20.2583,1,20255787997,2502412,0
20.2634,2,20260893009,2502412,0
20.2635,2,20263422421,73000,1
20.2635,4,20263423015,73000,1
20.266,3,20263530015,2502412,0
20.2686,1,20266069021,2502412,0
20.2737,3,20271165033,2502412,0
20.2762,1,20273740039,2502412,0
20.2764,1,20276305451,73000,1
20.2764,3,20276306045,73000,1
20.279,2,20278916051,73000,1
20.279,4,20278916051,73000,1
20.2791,3,20279041051,73000,1
20.2791,2,20279041051,73000,1
20.2816,1,20279139051,2502412,0
20.2871,1,20284575063,2502412,0
20.2922,1,20289680075,2502412,0
20.2947,4,20292246081,2502412,0
20.2973,1,20294776087,2502412,0
20.3023,4,20299845099,2502412,0
20.3028,4,20302771111,73000,1
20.3028,1,20302771111,73000,1
20.3079,3,20305444117,2502412,0
20.3131,4,20310549129,2502412,0
20.3132,3,20313097135,73000,1
20.3132,1,20313097135,73000,1
20.3133,4,20313186135,73000,1
20.3184,1,20315886141,2502412,0
20.3209,3,20318416147,2502412,0
20.3235,1,20320964153,2502412,0
20.3236,1,20323493565,73000,1
20.3236,3,20323494159,73000,1
20.3261,2,20323565159,2502412,0
20.3311,2,20328643171,2502412,0
20.3337,4,20331182177,2502412,0
20.3362,2,20333730183,2502412,0
20.3388,2,20336268595,2502412,0
20.3413,4,20338816601,2502412,0
20.3414,2,20341346607,73000,1
20.3414,1,20341346607,73000,1
20.3465,4,20343974613,2502412,0
20.349,3,20346531619,2502412,0
20.3516,3,20349061031,2502412,0
20.3544,1,20351924043,2502412,0
20.3573,3,20354775455,2502412,0
20.3598,4,20357314461,2502412,0
20.3599,4,20359861873,73000,1
20.3624,4,20359942467,2502412,0
20.365,3,20362490473,2502412,0
20.3675,2,20365020479,2502412,0
20.3701,1,20367559485,2502412,0
20.3726,4,20370116491,2502412,0
20.3752,2,20372655497,2502412,0
20.3777,4,20375185503,2502412,0
20.3778,2,20377724509,73000,1
20.3778,3,20377724509,73000,1
20.3828,4,20380325515,2502412,0
20.3854,4,20382854927,2502412,0
20.3882,1,20385715933,2502412,0
20.3908,4,20388263939,2502412,0
20.3934,1,20390856945,2502412,0
20.3959,2,20393413951,2502412,0
20.3986,1,20398482963,73000,1
20.3986,3,20398482963,73000,1
20.4011,4,20398553963,2502412,0
20.404,2,20401470975,2502412,0
20.4065,4,20404009981,2502412,0
20.4116,1,20409105993,2502412,0
20.4141,2,20411644999,2502412,0
20.4143,2,20414237411,73000,1
20.4143,4,20414238005,73000,1
20.4194,1,20416866011,2502412,0
20.4219,2,20419396017,2502412,0
20.4244,3,20421926023,2502412,0
20.427,3,20424500435,2502412,0
20.4271,2,20427039441,73000,1
20.4271,1,20427039441,73000,1
20.4321,2,20429640447,2502412,0
20.4323,3,20432224453,73000,1
20.4323,4,20432224453,73000,1
20.4348,2,20432304453,2502412,0
20.4399,2,20437436465,2502412,0
20.4425,1,20440011471,2502412,0
20.4426,2,20442541477,73000,1
20.4426,4,20442541477,73000,1
20.4477,1,20445187483,2502412,0
20.4502,2,20447735489,2502412,0
20.4507,2,20450580501,73000,1
20.4507,3,20450580501,73000,1
20.4557,1,20453199507,2502412,0
20.4587,1,20456149919,2502412,0
20.4638,2,20461272931,2502412,0
20.4663,1,20463811937,2502412,0
20.4714,2,20468934949,2502412,0
20.474,1,20471473955,2502412,0
20.4741,1,20474021367,73000,1
20.4766,4,20474119961,2502412,0
20.4792,2,20476703967,2502412,0
20.4843,4,20481781979,2502412,0
20.4869,3,20484365985,2502412,0
20.4873,1,20487217991,73000,1
20.4898,2,20487288991,2502412,0
20.4923,4,20489836997,2502412,0
20.4949,3,20492367003,2502412,0
20.4974,3,20494923415,2502412,0
20.5,2,20497453421,2502412,0
20.5054,4,20502855439,2502412,0
20.5079,3,20505421445,2502412,0
20.5105,2,20507960451,2502412,0
20.513,4,20510499457,2502412,0
20.5155,1,20513038463,2502412,0
20.5206,4,20518098475,2502412,0
20.5231,3,20520628481,2502412,0
20.5257,2,20523203487,2502412,0
20.5282,4,20525733493,2502412,0
20.5308,1,20528272499,2502412,0
20.5309,2,20530829505,73000,1
20.5309,3,20530829505,73000,1
20.5334,4,20530900505,2502412,0
20.5385,4,20535969517,2502412,0
20.541,2,20538517523,2502412,0
20.5436,1,20541056529,2502412,0
20.5461,3,20543613535,2502412,0
20.5486,2,20546143541,2502412,0
20.5512,4,20548682547,2502412,0
20.5537,1,20551212553,2502412,0
20.5541,4,20554048565,73000,1
20.5541,2,20554048565,73000,1
20.5568,3,20556703571,73000,1
20.5568,2,20556703571,73000,1
20.5593,3,20556792571,2502412,0
20.5597,3,20559634983,73000,1
20.5597,1,20559634983,73000,1
20.5623,4,20559750983,2502412,0
20.5648,4,20562289395,2502412,0
20.5699,3,20567394407,2502412,0
20.5724,3,20569932819,2502412,0
20.575,1,20572507825,2502412,0
20.5751,1,20575037237,73000,1
20.5751,4,20575037831,73000,1
20.5776,3,20575126831,2502412,0
20.5827,1,20580240843,2502412,0
20.5853,3,20582788849,2502412,0
20.5878,3,20585318261,2502412,0
20.5904,1,20587866267,2502412,0
20.5908,2,20590727273,73000,1
20.5933,4,20590798273,2502412,0
20.5958,1,20593346279,2502412,0
20.5984,1,20595884691,2502412,0
20.5985,1,20598414103,73000,1
20.5985,3,20598414697,73000,1
20.601,1,20598487103,2502412,0
20.6038,2,20601341115,2502412,0
20.6064,2,20603870527,2502412,0
20.6065,4,20606409533,73000,1
20.6065,3,20606409533,73000,1
20.6115,2,20609028539,2502412,0
20.6141,4,20611558545,2502412,0
20.6166,4,20614096957,2502412,0
20.6191,1,20616644963,2502412,0
20.6217,2,20619219969,2502412,0
20.6243,1,20621767975,2502412,0
20.6268,4,20624306981,2502412,0
20.6319,2,20629384993,2502412,0
20.6345,4,20631959999,2502412,0
20.637,1,20634508005,2502412,0
20.6395,4,20637047011,2502412,0
20.6397,4,20639603423,73000,1
20.6397,2,20639604017,73000,1
20.6447,1,20642232023,2502412,0
20.6473,1,20644779435,2502412,0
20.6499,3,20647354441,2502412,0
20.6553,1,20652756459,2502412,0
20.6578,3,20655295465,2502412,0
20.6603,1,20657825471,2502412,0
20.6632,4,20660694883,2502412,0
20.6683,2,20665781895,2502412,0
20.6708,3,20668320901,2502412,0
20.6709,2,20670859907,73000,1
20.6709,1,20670859907,73000,1
20.6735,4,20670975907,2502412,0
20.6736,3,20673541913,73000,1
20.6761,2,20673612913,2502412,0
20.6787,1,20676160919,2502412,0
20.6812,2,20678690925,2502412,0
20.6837,4,20681229931,2502412,0
20.6863,2,20683804937,2502412,0
20.6888,1,20686334943,2502412,0
20.6942,4,20691716361,2502412,0
20.6967,1,20694246367,2502412,0
20.6993,3,20696785373,2502412,0
20.7018,3,20699314785,2502412,0
20.7044,2,20701853791,2502412,0
20.7072,3,20704698803,2502412,0
20.7097,4,20707246809,2502412,0
20.7123,2,20709785815,2502412,0
20.7124,1,20712333821,73000,1
20.7149,4,20712404821,2502412,0
20.7175,1,20714961827,2502412,0
20.7176,4,20717491833,73000,1
20.7176,3,20717491833,73000,1
20.7201,2,20717562833,2502412,0
20.7226,2,20720146245,2502412,0
20.7252,4,20722676251,2502412,0
20.7277,1,20725233257,2502412,0
20.7278,3,20727772263,73000,1
20.7304,4,20727870263,2502412,0
20.7329,2,20730409269,2502412,0
20.7355,1,20732948275,2502412,0
20.738,2,20735478281,2502412,0
20.7405,4,20738044287,2502412,0
20.7431,2,20740601293,2502412,0
20.7432,1,20743131299,73000,1
20.7483,2,20745752305,2502412,0
20.7484,2,20748299717,73000,1
20.7484,4,20748300311,73000,1
20.751,4,20748461311,2502412,0
20.7511,4,20750990723,73000,1
20.7511,4,20751063723,73000,1
20.7513,2,20751188723,73000,1
20.7538,1,20751259723,2502412,0
20.7566,1,20754095735,2502412,0
20.7617,1,20759209747,2502412,0
20.7642,3,20761739753,2502412,0
20.7671,3,20764645165,2502412,0
20.7672,1,20767175171,73000,1
20.7698,1,20767264171,2502412,0
20.7699,1,20769829583,73000,1
20.7699,3,20769830177,73000,1
20.775,4,20772476183,2502412,0
20.7775,2,20775006189,2502412,0
20.78,2,20777544601,2502412,0
20.7826,4,20780092607,2502412,0
20.7877,1,20785188619,2502412,0
20.7902,3,20787718625,2502412,0
20.7928,2,20790257631,2502412,0
20.7953,4,20792805637,2502412,0
20.7982,3,20795648643,2502412,0
20.8007,2,20798196649,2502412,0
20.8035,2,20801041661,2502412,0
20.8036,3,20803571667,73000,1
20.8061,4,20803642667,2502412,0
20.8087,1,20806172673,2502412,0
20.8112,1,20808747085,2502412,0
20.8114,4,20811304091,73000,1
20.8114,3,20811304091,73000,1
20.8139,2,20811375091,2502412,0
20.814,2,20813913503,73000,1
20.814,4,20813914097,73000,1
20.8191,1,20816560103,2502412,0
20.8216,1,20819098515,2502412,0
20.8241,2,20821637521,2502412,0
20.8267,2,20824229933,2502412,0
20.8293,1,20826768939,2502412,0
20.8344,2,20831909951,2502412,0
20.8369,1,20834439957,2502412,0
20.8395,3,20836978963,2502412,0
20.8396,3,20839544375,73000,1
20.8421,1,20839624969,2502412,0
20.8422,1,20842154381,73000,1
20.8422,2,20842154975,73000,1
20.8473,4,20844845981,2502412,0
20.8499,4,20847375393,2502412,0
20.8524,1,20849905399,2502412,0
20.8579,3,20855352417,2502412,0
20.858,1,20857891423,73000,1
20.858,4,20857891423,73000,1
20.858,3,20857962423,73000,1
20.858,2,20857962423,73000,1
20.8605,4,20858042423,2502412,0
20.8631,1,20860581429,2502412,0
20.8656,4,20863138435,2502412,0
20.871,1,20868537853,2502412,0
20.8736,3,20871085859,2502412,0
20.8737,3,20873669271,73000,1
20.8737,4,20873669865,73000,1
20.8738,1,20873767865,73000,1
20.8738,3,20873767865,73000,1
20.8764,1,20873856865,2502412,0
20.8789,1,20876431277,2502412,0
20.8791,2,20878988283,73000,1
20.8792,1,20879113283,73000,1
20.8792,4,20879113283,73000,1
20.8817,3,20879193283,2502412,0
20.8868,3,20884316295,2502412,0
20.8894,1,20886855301,2502412,0
20.8919,3,20889403307,2502412,0
20.892,1,20891933313,73000,1
20.8946,1,20892076313,2502412,0
20.8971,3,20894615319,2502412,0
20.9028,1,20900321337,2502412,0
20.908,3,20905453349,2502412,0
20.9105,1,20908010355,2502412,0
20.9156,3,20913124367,2502412,0
20.9182,1,20915672373,2502412,0
20.9207,3,20918202379,2502412,0
20.9208,2,20920759385,73000,1
20.9208,4,20920759385,73000,1
20.9233,1,20920830385,2502412,0
20.9284,3,20925899397,2502412,0
20.9309,1,20928447403,2502412,0
20.9335,3,20931013409,2502412,0
20.9386,4,20936136421,2502412,0
20.9412,1,20938666427,2502412,0
20.9437,3,20941223433,2502412,0
20.9439,4,20943798439,73000,1
20.9464,1,20943869439,2502412,0
20.9489,3,20946408445,2502412,0
20.9541,1,20951558457,2502412,0
20.9569,3,20954394469,2502412,0
20.9594,1,20956924475,2502412,0
20.962,4,20959454481,2502412,0
20.9645,3,20961984487,2502412,0
20.9671,1,20964550493,2502412,0
20.97,3,20969931911,73000,1
20.97,4,20969931911,73000,1
20.9725,1,20970038911,2502412,0
20.9751,3,20972604917,2502412,0
20.9753,4,20975179923,73000,1
20.9753,3,20975268923,73000,1
20.9753,1,20975268923,73000,1
20.9779,3,20975357923,2502412,0
20.983,1,20980480935,2502412,0
20.9855,1,20983010347,2502412,0
20.9881,3,20985558353,2502412,0
20.9882,3,20988132765,73000,1
20.9907,1,20988204359,2502412,0
20.9933,3,20990770365,2502412,0
20.9958,1,20993318371,2502412,0
20.9984,1,20995856783,2502412,0
21.0016,3,21001562801,73000,1
21.0016,4,21001562801,73000,1
21.0042,3,21001705801,2502412,0
21.0067,1,21004235807,2502412,0
21.0119,3,21009403819,2502412,0
21.0144,1,21011942825,2502412,0
21.0195,3,21017029837,2502412,0
21.0221,1,21019559843,2502412,0
21.0246,3,21022089849,2502412,0
21.0297,3,21027212861,2502412,0
21.0322,1,21029742867,2502412,0
21.0374,1,21034901879,2502412,0
21.0399,3,21037431885,2502412,0
21.0425,3,21039970297,2502412,0
21.0476,3,21045066309,2502412,0
21.0501,1,21047614315,2502412,0
21.053,4,21050459327,2502412,0
21.0555,3,21052998333,2502412,0
21.058,4,21055537339,2502412,0
21.0582,3,21058085345,73000,1
21.0607,1,21058210345,2502412,0
21.0633,4,21060758351,2502412,0
21.0658,1,21063315357,2502412,0
21.0684,3,21065863363,2502412,0
21.0738,4,21071272375,2502412,0
21.0739,4,21073846787,73000,1
21.0739,1,21073847381,73000,1
21.074,3,21073945381,73000,1
21.0765,1,21074016381,2502412,0
21.0791,1,21076590793,2502412,0
21.0842,1,21081695805,2502412,0
21.0868,4,21084252811,2502412,0
21.0869,2,21086782817,73000,1
21.0869,3,21086782817,73000,1
21.0894,4,21086871817,2502412,0
21.0919,1,21089401823,2502412,0
21.097,1,21094461835,2502412,0
21.0995,4,21097027841,2502412,0
21.1021,4,21099611253,2502412,0
21.1053,1,21102769265,2502412,0
21.1104,1,21107874277,2502412,0
21.1129,4,21110431283,2502412,0
21.113,4,21112969695,73000,1
21.113,2,21112970289,73000,1
21.1181,1,21115598295,2502412,0
21.1183,1,21118217707,73000,1
21.1208,4,21118316301,2502412,0
21.1233,3,21120846307,2502412,0
21.1259,4,21123394313,2502412,0
21.131,1,21128499325,2502412,0
21.1335,1,21131028737,2502412,0
21.1361,3,21133585743,2502412,0
21.1362,4,21136133749,73000,1
21.1388,1,21136276749,2502412,0
21.1413,3,21138824755,2502412,0
21.1414,4,21141354761,73000,1
21.144,1,21141515761,2502412,0
21.1491,4,21146575773,2502412,0
21.1516,3,21149105779,2502412,0
21.1544,1,21151941791,2502412,0
21.157,4,21154471797,2502412,0
21.1595,1,21157028803,2502412,0
21.1646,3,21162124815,2502412,0
21.1647,3,21164654227,73000,1
21.1647,1,21164654821,73000,1
21.1672,4,21164725821,2502412,0
21.1698,3,21167291827,2502412,0
21.1723,1,21169821833,2502412,0
21.1752,3,21172673245,2502412,0
21.1803,4,21177751257,2502412,0
21.1828,3,21180290263,2502412,0
21.1854,1,21182865269,2502412,0
21.1879,3,21185413275,2502412,0
21.188,1,21187952281,73000,1
21.188,4,21187952281,73000,1
21.1931,1,21190598287,2502412,0
21.1957,3,21193182293,2502412,0
21.1982,1,21195721299,2502412,0
21.2033,3,21200799311,2502412,0
21.2065,4,21203957323,2502412,0
21.209,1,21206532329,2502412,0
21.2116,1,21209070741,2502412,0
21.2141,3,21211600747,2502412,0
21.2192,4,21216687759,2502412,0
21.2218,3,21219253765,2502412,0
21.2243,1,21221801771,2502412,0
21.2268,3,21224331777,2502412,0
21.2294,4,21226879783,2502412,0
21.2345,1,21231966795,2502412,0
21.237,4,21234532801,2502412,0
21.2371,1,21237071807,73000,1
21.2371,3,21237071807,73000,1
21.2397,3,21237160807,2502412,0
21.2422,4,21239699813,2502412,0
21.2473,1,21244759825,2502412,0
21.2498,4,21247289831,2502412,0
21.2524,4,21249873243,2502412,0
21.2549,3,21252403249,2502412,0
21.255,3,21254932661,73000,1
21.2575,4,21255013255,2502412,0
21.2604,4,21257849267,2502412,0
21.2629,1,21260379273,2502412,0
21.268,1,21265484285,2502412,0
21.2705,4,21268032291,2502412,0
21.2731,1,21270562297,2502412,0
21.2756,4,21273092303,2502412,0
21.2784,3,21275943715,2502412,0
21.2836,4,21281066727,2502412,0
21.2861,4,21283614139,2502412,0
21.2886,1,21286144145,2502412,0
21.2888,1,21288682557,73000,1
21.2888,4,21288683151,73000,1
21.2888,3,21288683151,73000,1
21.2913,3,21288772151,2502412,0
21.2964,3,21293877163,2502412,0
21.2989,3,21296415575,2502412,0
21.2991,3,21298989987,73000,1
21.2991,1,21298990581,73000,1
21.2991,4,21298990581,73000,1
21.3045,4,21302023593,2502412,0
21.3071,4,21304553005,2502412,0
21.3125,3,21309971017,2502412,0
21.315,4,21312537023,2502412,0
21.3201,3,21317624035,2502412,0
21.3227,3,21320171447,2502412,0
21.3252,1,21322710453,2502412,0
21.3278,4,21325276459,2502412,0
21.3329,4,21330372471,2502412,0
21.3354,3,21332911477,2502412,0
21.3355,3,21335440889,73000,1
21.3355,1,21335441483,73000,1
21.3406,3,21338096489,2502412,0
21.3407,1,21340644495,73000,1
21.3407,4,21340644495,73000,1
21.3432,3,21340715495,2502412,0
21.3458,1,21343254501,2502412,0
21.3483,3,21345793507,2502412,0
21.3484,1,21348350513,73000,1
21.3509,3,21348439513,2502412,0
21.3538,3,21351329525,2502412,0
21.3589,4,21356443537,2502412,0
21.3615,3,21359009543,2502412,0
21.3641,1,21361548549,2502412,0
21.3691,4,21366635561,2502412,0
21.3717,3,21369183567,2502412,0
21.3743,1,21371749573,2502412,0
21.3768,4,21374279579,2502412,0
21.3822,4,21379678997,2502412,0
21.3823,4,21382226409,73000,1
21.3823,1,21382227003,73000,1
21.3823,3,21382227003,73000,1
21.3848,4,21382299409,2502412,0
21.3873,4,21384828821,2502412,0
21.3899,4,21387403233,2502412,0
21.395,1,21392481245,2502412,0
21.3975,1,21395019657,2502412,0
21.4001,4,21397567663,2502412,0
21.4002,4,21400115075,73000,1
21.4003,3,21400186669,73000,1
21.4056,1,21403142681,2502412,0
21.4082,4,21405699687,2502412,0
21.4111,1,21408551693,2502412,0
21.4136,1,21411117105,2502412,0
21.4162,4,21413665111,2502412,0
21.4213,1,21418761123,2502412,0
21.4238,4,21421309129,2502412,0
21.4263,1,21423839135,2502412,0
21.4289,1,21426368547,2502412,0
21.4314,4,21428907553,2502412,0
21.4339,1,21431437559,2502412,0
21.4365,4,21433976565,2502412,0
21.4366,4,21436505977,73000,1
21.4366,1,21436506571,73000,1
21.4391,4,21436613571,2502412,0
21.4417,4,21439205983,2502412,0
21.4443,1,21441771989,2502412,0
21.4494,3,21446859001,2502412,0
21.4519,4,21449398007,2502412,0
21.4524,1,21452288019,73000,1
21.4549,4,21452377019,2502412,0
21.4574,4,21454915431,2502412,0
21.4599,3,21457445437,2502412,0
21.4625,4,21459975443,2502412,0
21.465,4,21462513855,2502412,0
21.4676,3,21465052861,2502412,0
21.4702,3,21470166873,73000,1
21.4702,4,21470166873,73000,1
21.4728,3,21470264873,2502412,0
21.4753,3,21472821285,2502412,0
21.4779,4,21475369291,2502412,0
21.4832,1,21480742303,2502412,0
21.4858,3,21483290309,2502412,0
21.4883,1,21485847315,2502412,0
21.4909,3,21488377321,2502412,0
21.491,1,21490943327,73000,1
21.491,4,21490943327,73000,1
21.4961,3,21493625333,2502412,0
21.4987,3,21496181745,2502412,0
21.5013,3,21501250757,73000,1
21.5013,1,21501250757,73000,1
21.5042,4,21501654763,2502412,0
21.5043,4,21504238175,73000,1
21.5069,3,21504399769,2502412,0
21.512,3,21509513781,2502412,0
21.5174,4,21514940793,2502412,0
21.52,4,21517497205,2502412,0
21.5201,3,21520027211,73000,1
21.5227,1,21520179211,2502412,0
21.5278,4,21525266223,2502412,0
21.5303,1,21527796229,2502412,0
21.5329,1,21530352641,2502412,0
21.5379,4,21535439653,2502412,0
21.5381,1,21538023659,73000,1
21.5381,3,21538023659,73000,1
21.5431,1,21540642665,2502412,0
21.5457,1,21543172077,2502412,0
21.5482,4,21545711083,2502412,0
21.5508,1,21548250089,2502412,0
21.5536,4,21551122101,2502412,0
21.5587,4,21556182113,2502412,0
21.5612,4,21558729525,2502412,0
21.5638,1,21561286531,2502412,0
21.5664,4,21563861537,2502412,0
21.5689,1,21566409543,2502412,0
21.569,4,21568939549,73000,1
21.5715,3,21569019549,2502412,0
21.5741,3,21571575961,2502412,0
21.5766,1,21574114967,2502412,0
21.5792,4,21576689973,2502412,0
21.5846,1,21582089985,2502412,0
21.5871,3,21584619991,2502412,0
21.5897,1,21587149997,2502412,0
21.5898,3,21589725003,73000,1
21.5898,4,21589725003,73000,1
21.5923,1,21589796003,2502412,0
21.5975,3,21594955015,2502412,0
21.6,1,21597494021,2502412,0
21.6028,1,21600339033,2502412,0
21.6056,1,21605489045,73000,1
21.6056,3,21605489045,73000,1
21.6056,4,21605489045,73000,1
21.6106,4,21608108051,2502412,0
21.6131,4,21610637463,2502412,0
21.6186,4,21616082475,2502412,0
21.6237,4,21621223487,2502412,0
21.6263,3,21623762493,2502412,0
21.6288,1,21626292499,2502412,0
21.6313,4,21628840505,2502412,0
21.6339,4,21631378917,2502412,0
21.639,1,21636447929,2502412,0
21.6391,1,21639022341,73000,1
21.6391,3,21639022935,73000,1
21.6416,4,21639138935,2502412,0
21.6442,1,21641668941,2502412,0
21.6469,1,21646782953,73000,1
21.6469,4,21646782953,73000,1
21.6494,3,21646898953,2502412,0
21.6548,3,21652291971,2502412,0
21.6573,1,21654839977,2502412,0
21.6599,3,21657369983,2502412,0
21.66,1,21659935989,73000,1
21.6625,4,21660006989,2502412,0
21.6651,3,21662599995,2502412,0
21.6676,4,21665130001,2502412,0
21.6678,3,21667678007,73000,1
21.6703,4,21667776007,2502412,0
21.6704,4,21670323419,73000,1
21.6704,1,21670324013,73000,1
21.6755,3,21673015019,2502412,0
21.6757,3,21675589431,73000,1
21.6782,4,21675661025,2502412,0
21.6807,3,21678200031,2502412,0
21.6808,3,21680738443,73000,1
21.6808,4,21680739037,73000,1
21.6859,3,21683376043,2502412,0
21.6888,4,21686281455,2502412,0
21.6939,3,21691377467,2502412,0
21.6964,4,21693925473,2502412,0
21.699,1,21696464479,2502412,0
21.6991,1,21699029891,73000,1
21.7016,1,21699119485,2502412,0
21.702,4,21701964497,73000,1
21.702,3,21701964497,73000,1
21.7045,4,21702037497,2502412,0
21.7047,4,21704593909,73000,1
21.7047,1,21704594503,73000,1
21.7098,1,21707258509,2502412,0
21.7123,3,21709824515,2502412,0
21.7149,4,21712363521,2502412,0
21.715,1,21714911527,73000,1
21.7175,3,21714991527,2502412,0
21.7204,1,21717861533,2502412,0
21.7229,3,21720391539,2502412,0
21.7254,3,21722929951,2502412,0
21.7256,3,21725486363,73000,1
21.7256,4,21725486957,73000,1
21.7281,1,21725566957,2502412,0
21.7306,4,21728141963,2502412,0
21.7332,1,21730716969,2502412,0
21.7383,3,21735812981,2502412,0
21.7409,4,21738351987,2502412,0
21.7434,4,21740890399,2502412,0
21.7435,4,21743446811,73000,1
21.7435,1,21743447405,73000,1
21.746,3,21743536405,2502412,0
21.7512,3,21748713417,2502412,0
21.7541,4,21751567429,2502412,0
21.7566,3,21754097435,2502412,0
21.7567,3,21756626847,73000,1
21.7592,1,21756725441,2502412,0
21.7644,4,21761857453,2502412,0
21.7669,1,21764396459,2502412,0
21.7694,3,21766944465,2502412,0
21.7745,3,21772040477,2502412,0
21.7771,1,21774570483,2502412,0
21.7796,4,21777127489,2502412,0
21.7847,3,21782232501,2502412,0
21.7873,1,21784780507,2502412,0
21.7901,4,21787631919,2502412,0
21.7927,1,21790179925,2502412,0
21.7952,1,21792709337,2502412,0
21.7977,1,21795238749,2502412,0
21.7979,3,21797777755,73000,1
21.8004,4,21797920755,2502412,0
21.803,1,21800459761,2502412,0
21.8058,3,21803331773,2502412,0
21.8109,1,21808400785,2502412,0
21.811,3,21810948791,73000,1
21.811,4,21810948791,73000,1
21.8135,2,21811019791,2502412,0
21.8161,1,21813576797,2502412,0
21.8186,2,21816115803,2502412,0
21.824,1,21821506815,2502412,0
21.8266,1,21824117227,2502412,0
21.8267,3,21826647233,73000,1
21.8267,4,21826647233,73000,1
21.8292,2,21826718233,2502412,0
21.8344,1,21831868245,2502412,0
21.8369,1,21834406657,2502412,0
21.8394,2,21836945663,2502412,0
21.8395,1,21839475669,73000,1
21.8421,3,21839591669,2502412,0
21.8447,2,21842148675,2502412,0
21.8448,3,21844696681,73000,1
21.8449,2,21844794681,73000,1
21.8449,4,21844794681,73000,1
21.845,2,21844928681,73000,1
21.8451,1,21844999681,73000,1
21.8503,3,21850224099,73000,1
21.8557,2,21853221111,2502412,0
21.8583,1,21855787117,2502412,0
21.8634,2,21860865129,2502412,0
21.866,1,21863467135,2502412,0
21.871,3,21868527147,2502412,0
21.8736,1,21871057153,2502412,0
21.8761,2,21873587159,2502412,0
21.8786,1,21876117165,2502412,0
21.8812,1,21878655577,2502412,0
21.8837,2,21881194583,2502412,0
21.8838,1,21883751589,73000,1
21.8863,3,21883840589,2502412,0
21.8889,2,21886406595,2502412,0
21.8944,3,21891860013,2502412,0
21.8945,2,21894408019,73000,1
21.8945,1,21894408019,73000,1
21.8996,3,21897108025,2502412,0
21.9051,3,21902600043,2502412,0
21.9102,2,21907660055,2502412,0
21.9128,4,21910253061,2502412,0
21.9154,4,21915331073,73000,1
21.9154,2,21915331073,73000,1
21.9179,3,21915411073,2502412,0
21.9205,1,21917977079,2502412,0
21.9259,3,21923413091,2502412,0
21.9284,4,21925943097,2502412,0
21.931,1,21928473103,2502412,0
21.9335,1,21931020515,2502412,0
21.9386,3,21936098527,2502412,0
21.9411,4,21938637533,2502412,0
21.9437,3,21941176539,2502412,0
21.9438,1,21943724545,73000,1
21.9438,2,21943724545,73000,1
21.9463,1,21943840545,2502412,0
21.9464,3,21946370551,73000,1
21.949,4,21946450551,2502412,0
21.9515,3,21948998557,2502412,0
21.954,1,21951537563,2502412,0
21.9569,1,21954400575,2502412,0
21.9595,4,21956957581,2502412,0
21.9645,3,21962044593,2502412,0
21.9671,1,21964574599,2502412,0
21.9696,4,21967140605,2502412,0
21.9722,1,21969670611,2502412,0
21.9747,2,21972200617,2502412,0
21.9772,1,21974730623,2502412,0
21.9798,3,21977269629,2502412,0
21.9849,1,21982347641,2502412,0
21.9874,2,21984886647,2502412,0
21.9899,4,21987443653,2502412,0
21.9925,2,21989973659,2502412,0
21.9953,3,21992834071,2502412,0
21.9955,4,21995382077,73000,1
21.9955,1,21995382077,73000,1
21.998,4,21995455077,2502412,0
21.9981,3,21997994083,73000,1
22.0006,2,21998101083,2502412,0
22.0007,4,22000649089,73000,1
22.0036,2,22001064095,2502412,0
22.0061,2,22003629507,2502412,0
22.0112,3,22008689519,2502412,0
22.0113,2,22011237525,73000,1
22.0113,1,22011237525,73000,1
22.0138,4,22011308525,2502412,0
22.0163,2,22013847531,2502412,0
22.0189,4,22016404537,2502412,0
22.0215,4,22018951949,2502412,0
22.0244,2,22024333367,73000,1
22.0244,3,22024333367,73000,1
22.0269,3,22024440367,2502412,0
22.0295,1,22026970373,2502412,0
22.032,4,22029509379,2502412,0
22.0346,1,22032057385,2502412,0
22.0397,3,22037171397,2502412,0
22.0422,1,22039719403,2502412,0
22.0448,4,22042249409,2502412,0
22.0473,2,22044824415,2502412,0
22.0499,3,22047363421,2502412,0
22.05,4,22049902427,73000,1
22.0525,1,22049991427,2502412,0
22.0553,1,22052836439,2502412,0
22.0579,3,22055393445,2502412,0
22.0604,1,22057932451,2502412,0
22.063,2,22060462457,2502412,0
22.0655,3,22063010463,2502412,0
22.0656,4,22065540469,73000,1
22.0681,2,22065611469,2502412,0
22.0707,2,22068176881,2502412,0
22.0732,1,22070733887,2502412,0
22.0758,1,22073263299,2502412,0
22.0783,2,22075793305,2502412,0
22.0808,3,22078332311,2502412,0
22.0834,2,22080880317,2502412,0
22.0885,2,22085949329,2502412,0
22.091,3,22088506335,2502412,0
22.0936,1,22091054341,2502412,0
22.094,2,22093914753,73000,1
22.094,4,22093914753,73000,1
22.0965,3,22094003753,2502412,0
22.0991,1,22096551759,2502412,0
22.0992,1,22099081171,73000,1
22.0992,3,22099081765,73000,1
22.1045,2,22101997777,2502412,0
22.107,2,22104527189,2502412,0
22.1096,1,22107102195,2502412,0
22.1122,3,22109686201,2502412,0
22.1123,1,22112216207,73000,1
22.1123,2,22112216207,73000,1
22.1173,1,22114835213,2502412,0
22.1199,3,22117401219,2502412,0
22.1225,3,22119957631,2502412,0
22.1279,1,22125366049,2502412,0
22.128,1,22127949461,73000,1
22.128,2,22127950055,73000,1
22.1305,3,22128021055,2502412,0
22.1357,3,22133180067,2502412,0
22.1358,3,22135736479,73000,1
22.1409,1,22138446079,2502412,0
22.146,2,22143542091,2502412,0
22.1486,3,22146081097,2502412,0
22.1511,2,22148620103,2502412,0
22.1512,1,22151159109,73000,1
22.1537,3,22151239109,2502412,0
22.1538,4,22153769115,73000,1
22.1566,2,22154146121,2502412,0
22.1592,3,22156739127,2502412,0
22.1594,3,22159277539,73000,1
22.1594,2,22159278133,73000,1
22.1594,1,22159278133,73000,1
22.1645,2,22161969139,2502412,0
22.167,3,22164526145,2502412,0
22.1721,1,22169604157,2502412,0
22.1746,2,22172134163,2502412,0
22.1772,2,22174726575,2502412,0
22.1823,3,22179786587,2502412,0
22.1824,3,22182315999,73000,1
22.1824,1,22182316593,73000,1
22.1849,3,22182388999,2502412,0
22.19,2,22187530011,2502412,0
22.1926,3,22190078017,2502412,0
22.1951,1,22192626023,2502412,0
22.1953,2,22195201029,73000,1
22.1978,3,22195281029,2502412,0
22.2007,1,22198150441,2502412,0
22.2011,3,22201004453,73000,1
22.2011,2,22201004453,73000,1
22.2061,1,22203641459,2502412,0
22.2088,2,22206252465,2502412,0
22.2138,1,22211339477,2502412,0
22.2164,4,22213932483,2502412,0
22.219,1,22216462489,2502412,0
22.2191,2,22218992495,73000,1
22.2191,3,22218992495,73000,1
22.2216,3,22219081495,2502412,0
22.2241,2,22221620501,2502412,0
22.2267,4,22224150507,2502412,0
22.2292,3,22226725513,2502412,0
22.2296,1,22229568519,73000,1
22.2322,2,22229648519,2502412,0
22.2347,4,22232178525,2502412,0
22.2372,3,22234717531,2502412,0
22.2398,3,22237273943,2502412,0
22.2423,2,22239803949,2502412,0
22.2448,3,22242333955,2502412,0
22.2474,3,22244863367,2502412,0
22.2525,4,22249950379,2502412,0
22.2553,2,22252840391,2502412,0
22.2555,4,22255379397,73000,1
22.2555,3,22255379397,73000,1
22.2555,2,22255468397,73000,1
22.2555,1,22255468397,73000,1
22.2607,2,22258159403,2502412,0
22.2632,4,22260725409,2502412,0
22.2658,3,22263264415,2502412,0
22.2709,3,22268369427,2502412,0
22.2734,2,22270899433,2502412,0
22.276,4,22273456439,2502412,0
22.281,3,22278534451,2502412,0
22.2836,4,22281064457,2502412,0
22.2837,3,22283621463,73000,1
22.2837,2,22283621463,73000,1
22.2838,4,22283746463,73000,1
22.2863,1,22283844463,2502412,0
22.2915,1,22289021475,2502412,0
22.2917,3,22291578481,73000,1
22.2942,1,22291649481,2502412,0
22.2967,2,22294179487,2502412,0
22.2992,4,22296736493,2502412,0
22.3021,1,22299587905,2502412,0
22.305,1,22304962923,73000,1
22.305,2,22304962923,73000,1
22.305,3,22304962923,73000,1
22.3052,4,22305096923,73000,1
22.3052,1,22305096923,73000,1
22.3078,4,22307769929,73000,1
22.3078,1,22307769929,73000,1
22.3104,3,22307849929,2502412,0
22.313,3,22312972941,73000,1
22.313,4,22312972941,73000,1
22.3156,2,22313052941,2502412,0
22.3207,2,22318238953,2502412,0
22.3258,3,22323334965,2502412,0
22.3284,2,22325900971,2502412,0
22.3309,3,22328439977,2502412,0
22.3364,2,22333857989,2502412,0
22.3389,3,22336387995,2502412,0
22.3414,3,22338944407,2502412,0
22.344,2,22341474413,2502412,0
22.3491,3,22346579425,2502412,0
22.3516,2,22349127431,2502412,0
22.3517,2,22351656843,73000,1
22.3542,3,22351737437,2502412,0
22.3597,2,22357193455,2502412,0
22.3622,3,22359723461,2502412,0
22.3648,3,22362270873,2502412,0
22.3698,3,22367339885,2502412,0
22.3724,2,22369896891,2502412,0
22.375,1,22372480897,2502412,0
22.3801,2,22377558909,2502412,0
22.3826,3,22380088915,2502412,0
22.3851,2,22382618921,2502412,0
22.3877,2,22385184333,2502412,0
22.3902,3,22387714339,2502412,0
22.3927,1,22390244345,2502412,0
22.3979,4,22395367357,2502412,0
22.398,1,22397897363,73000,1
22.398,3,22397897363,73000,1
22.4005,2,22397995363,2502412,0
22.4033,2,22400837775,2502412,0
22.4062,4,22403682787,2502412,0
22.4113,2,22408778799,2502412,0
22.4138,4,22411308805,2502412,0
22.4163,3,22413838811,2502412,0
22.4165,3,22416386223,73000,1
22.4165,4,22416386817,73000,1
22.419,2,22416475817,2502412,0
22.4215,1,22419005823,2502412,0
22.4266,3,22424128835,2502412,0
22.4292,2,22426658841,2502412,0
22.4293,2,22429188253,73000,1
22.4293,1,22429188847,73000,1
22.4318,4,22429331847,2502412,0
22.4372,3,22434713859,2502412,0
22.4398,1,22437288865,2502412,0
22.4423,4,22439827871,2502412,0
22.4424,3,22442375877,73000,1
22.4424,2,22442375877,73000,1
22.445,3,22442448877,2502412,0
22.4451,3,22444978289,73000,1
22.4476,4,22445049883,2502412,0
22.4501,1,22447579889,2502412,0
22.4529,1,22450424901,2502412,0
22.4555,1,22453008313,2502412,0
22.458,4,22455547319,2502412,0
22.4632,1,22460688331,2502412,0
22.4657,4,22463227337,2502412,0
22.4683,4,22465765749,2502412,0
22.4684,4,22468295161,73000,1
22.4684,3,22468295755,73000,1
22.4709,4,22468375755,2502412,0
22.4734,2,22470905761,2502412,0
22.4785,1,22475992773,2502412,0
22.481,4,22478531779,2502412,0
22.4836,2,22481061785,2502412,0
22.4861,4,22483609791,2502412,0
22.4862,1,22486148797,73000,1
22.4862,3,22486148797,73000,1
22.4887,2,22486246797,2502412,0
22.4913,1,22488785803,2502412,0
22.4914,2,22491315809,73000,1
22.4939,2,22491404809,2502412,0
22.4965,4,22493961815,2502412,0
22.499,1,22496518821,2502412,0
22.5016,2,22499048827,2502412,0
22.5044,1,22501920839,2502412,0
22.5048,4,22504772251,73000,1
22.5074,2,22504861251,2502412,0
22.5099,2,22507426663,2502412,0
22.5125,1,22509974669,2502412,0
22.5176,4,22515115681,2502412,0
22.5201,2,22517645687,2502412,0
22.5227,1,22520175693,2502412,0
22.5252,2,22522732699,2502412,0
22.5303,2,22527828711,2502412,0
22.5329,4,22530385717,2502412,0
22.533,2,22532915723,73000,1
22.533,1,22532915723,73000,1
22.5355,2,22533004723,2502412,0
22.5384,4,22535865729,2502412,0
22.5434,2,22540925741,2502412,0
22.546,3,22543473747,2502412,0
22.5486,1,22546057753,2502412,0
22.5511,4,22548596759,2502412,0
22.5512,2,22551144765,73000,1
22.5537,1,22551224765,2502412,0
22.5566,3,22554069777,2502412,0
22.5592,4,22556662783,2502412,0
22.5617,4,22559201195,2502412,0
22.5618,1,22561731201,73000,1
22.5643,2,22561811201,2502412,0
22.5669,3,22564359207,2502412,0
22.5694,4,22566907213,2502412,0
22.572,4,22569463625,2502412,0
22.5745,3,22572011631,2502412,0
22.5796,2,22577080643,2502412,0
22.5821,4,22579610649,2502412,0
22.5823,3,22582203655,73000,1
22.5823,1,22582203655,73000,1
22.5824,4,22582301655,73000,1
22.5824,3,22582301655,73000,1
22.5874,2,22584902661,2502412,0
22.5899,2,22587441073,2502412,0
22.5925,2,22589979485,2502412,0
22.5951,2,22592571897,2502412,0
22.6002,1,22597676909,2502412,0
22.603,4,22600521921,2502412,0
22.6056,2,22603078927,2502412,0
22.6084,4,22605930339,2502412,0
22.6135,4,22611017351,2502412,0
22.6161,1,22613556357,2502412,0
22.6186,2,22616086363,2502412,0
22.6211,2,22618615775,2502412,0
22.6237,4,22621154781,2502412,0
22.6262,1,22623684787,2502412,0
22.6287,4,22626214793,2502412,0
22.6313,3,22628753799,2502412,0
22.6363,1,22633831811,2502412,0
22.6365,4,22636397817,73000,1
22.6365,2,22636397817,73000,1
22.639,1,22636477817,2502412,0
22.6418,3,22639320823,2502412,0
22.6444,3,22641859235,2502412,0
22.6469,3,22644415647,2502412,0
22.6495,1,22646954653,2502412,0
22.6549,2,22652356671,2502412,0
22.655,2,22654895083,73000,1
22.655,3,22654895677,73000,1
22.6575,1,22654993677,2502412,0
22.6601,3,22657559683,2502412,0
22.6626,4,22660098689,2502412,0
22.6651,1,22662637695,2502412,0
22.6677,3,22665167701,2502412,0
22.6727,1,22670236713,2502412,0
22.6753,2,22672802719,2502412,0
22.6754,2,22675341131,73000,1
22.6754,4,22675341725,73000,1
22.6779,3,22675412725,2502412,0
22.6805,3,22677987137,2502412,0
22.683,1,22680526143,2502412,0
22.6856,3,22683065149,2502412,0
22.6906,3,22688143161,2502412,0
22.6932,2,22690673167,2502412,0
22.6957,2,22693211579,2502412,0
22.6983,1,22695759585,2502412,0
22.7008,1,22698288997,2502412,0
22.7009,4,22700819003,73000,1
22.7037,3,22701223009,2502412,0
22.7063,1,22703753015,2502412,0
22.7117,2,22709162027,2502412,0
22.7142,1,22711692033,2502412,0
22.7168,3,22714258039,2502412,0
22.7193,1,22716797045,2502412,0
22.7218,2,22719327051,2502412,0
22.7244,1,22721857057,2502412,0
22.7269,3,22724405063,2502412,0
22.7295,3,22726970475,2502412,0
22.7346,2,22732048487,2502412,0
22.7371,1,22734578493,2502412,0
22.7396,1,22737125905,2502412,0
22.7425,3,22739977911,2502412,0
22.745,3,22742534323,2502412,0
22.7476,2,22745091329,2502412,0
22.7477,2,22747629741,73000,1
22.7477,3,22747630335,73000,1
22.7503,1,22750249341,73000,1
22.7528,1,22750338341,2502412,0
22.7557,2,22753192353,2502412,0
22.7558,2,22755721765,73000,1
22.7558,4,22755722359,73000,1
22.7583,1,22755847359,2502412,0
22.7609,1,22758385771,2502412,0
22.761,1,22760915183,73000,1
22.7635,3,22760986777,2502412,0
22.7661,2,22763633783,2502412,0
22.7687,3,22766163789,2502412,0
22.7712,2,22768693795,2502412,0
22.7713,1,22771232801,73000,1
22.7739,3,22771366801,2502412,0
22.7764,2,22773905807,2502412,0
22.7789,2,22776435219,2502412,0
22.7815,2,22778964631,2502412,0
22.7866,3,22784051643,2502412,0
22.7891,3,22786617055,2502412,0
22.7917,2,22789183061,2502412,0
22.7942,3,22791713067,2502412,0
22.7993,3,22796827079,2502412,0
22.8019,2,22799384085,2502412,0
22.8044,1,22801923091,2502412,0
22.8073,3,22804768103,2502412,0
22.8124,3,22809882115,2502412,0
22.8152,2,22812742527,2502412,0
22.8153,2,22815271939,73000,1
22.8153,1,22815272533,73000,1
22.8204,3,22817918539,2502412,0
22.823,1,22820475545,2502412,0
22.8281,1,22825598557,2502412,0
22.8306,3,22828137563,2502412,0
22.8332,2,22830685569,2502412,0
22.8359,1,22835817581,73000,1
22.8359,4,22835817581,73000,1
22.836,2,22835906581,73000,1
22.836,3,22835906581,73000,1
22.8411,3,22838615587,2502412,0
22.8412,1,22841154593,73000,1
22.8438,2,22841261593,2502412,0
22.8442,3,22844140599,73000,1
22.8468,2,22844274599,2502412,0
22.8519,4,22849352611,2502412,0
22.8523,2,22852197623,73000,1
22.8523,3,22852197623,73000,1
22.8548,2,22852270623,2502412,0
22.8549,4,22854836629,73000,1
22.8549,1,22854836629,73000,1
22.8575,4,22854952629,2502412,0
22.86,2,22857518635,2502412,0
22.8626,4,22860066641,2502412,0
22.8677,3,22865162653,2502412,0
22.8702,2,22867737659,2502412,0
22.8728,3,22870267665,2502412,0
22.8778,4,22875336677,2502412,0
22.8804,3,22877902683,2502412,0
22.8855,2,22883007695,2502412,0
22.8856,2,22885555107,73000,1
22.8856,4,22885555701,73000,1
22.8881,3,22885626701,2502412,0
22.8907,2,22888165707,2502412,0
22.8958,2,22893261719,2502412,0
22.8983,2,22895836131,2502412,0
22.9009,3,22898375137,2502412,0
22.9037,2,22901229149,2502412,0
22.9063,2,22903758561,2502412,0
22.9088,2,22906287973,2502412,0
22.9139,3,22911374985,2502412,0
22.9143,3,22914226397,73000,1
22.9143,4,22914226397,73000,1
22.9168,3,22914324397,2502412,0
22.917,2,22916881403,73000,1
22.917,4,22916881403,73000,1
22.9196,2,22919563409,73000,1
22.9196,3,22919563409,73000,1
22.9248,2,22922254415,2502412,0
22.9273,2,22924819827,2502412,0
22.9274,3,22927349833,73000,1
22.93,2,22927447833,2502412,0
22.9325,1,22929986839,2502412,0
22.9376,2,22935100851,2502412,0
22.9401,4,22937630857,2502412,0
22.9427,1,22940196863,2502412,0
22.9452,2,22942726869,2502412,0
22.9481,1,22945569875,2502412,0
22.9482,4,22948108881,73000,1
22.9507,2,22948206881,2502412,0
22.9535,3,22951042893,2502412,0
22.9561,2,22953572899,2502412,0
22.9586,1,22956111905,2502412,0
22.9612,1,22958650317,2502412,0
22.9637,4,22961180323,2502412,0
22.9662,4,22963736735,2502412,0
22.9663,3,22966266741,73000,1
22.9688,2,22966346741,2502412,0
22.969,2,22968903153,73000,1
22.969,1,22968903747,73000,1
22.969,4,22968974747,73000,1
22.969,2,22968976153,73000,1
22.9742,3,22971712159,2502412,0
22.9767,3,22974241571,2502412,0
22.9793,4,22976816577,2502412,0
22.9844,4,22981885589,2502412,0
22.9845,1,22984424595,73000,1
22.9845,2,22984424595,73000,1
22.9846,4,22984513595,73000,1
22.9846,3,22984513595,73000,1
22.9923,4,22989806013,2502412,0
22.9948,3,22992336019,2502412,0
22.9974,4,22994875025,2502412,0
23.0025,3,22999980037,2502412,0
23.005,4,23002510043,2502412,0
23.0105,2,23007957061,2502412,0
23.013,3,23010487067,2502412,0
23.0155,4,23013044073,2502412,0
23.016,2,23015922485,73000,1
23.0185,4,23016011485,2502412,0
23.0186,3,23018550491,73000,1
23.0186,1,23018550491,73000,1
23.0212,4,23018648491,2502412,0
23.0213,2,23021205497,73000,1
23.0238,3,23021285497,2502412,0
23.0263,3,23023814909,2502412,0
23.0265,3,23026398321,73000,1
23.0265,4,23026398915,73000,1
23.0315,2,23029017921,2502412,0
23.0341,1,23031547927,2502412,0
23.0366,3,23034113933,2502412,0
23.0391,3,23036643345,2502412,0
23.0417,2,23039200351,2502412,0
23.0418,1,23041730357,73000,1
23.0419,2,23041837357,73000,1
23.0419,1,23041837357,73000,1
23.042,3,23041953357,73000,1
23.042,2,23041953357,73000,1
23.0421,4,23042060357,73000,1
23.0447,1,23042176357,2502412,0
23.0472,1,23044714769,2502412,0
23.0501,1,23047566775,2502412,0
23.0554,3,23052941793,2502412,0
23.058,1,23055543799,2502412,0
23.0631,1,23060621811,2502412,0
23.0632,1,23063151223,73000,1
23.0632,3,23063151817,73000,1
23.0657,3,23063231817,2502412,0
23.0709,3,23068363829,2502412,0
23.0734,4,23070929835,2502412,0
23.076,2,23073459841,2502412,0
23.0785,3,23076016847,2502412,0
23.0836,4,23081103859,2502412,0
23.0861,1,23083633865,2502412,0
23.0887,3,23086190871,2502412,0
23.0912,2,23088720877,2502412,0
23.0938,1,23091268883,2502412,0
23.0988,1,23096346895,2502412,0
23.1014,4,23098876901,2502412,0
23.1042,2,23101739913,2502412,0
23.1068,1,23104269919,2502412,0
23.1093,3,23106808925,2502412,0
23.1119,4,23109347931,2502412,0
23.1169,2,23114443943,2502412,0
23.1195,4,23116973949,2502412,0
23.1223,2,23119816361,2502412,0
23.1248,4,23122346367,2502412,0
23.1274,1,23124876373,2502412,0
23.1299,3,23127415379,2502412,0
23.1325,4,23129972385,2502412,0
23.135,1,23132502391,2502412,0
23.1375,1,23135040803,2502412,0
23.1401,2,23137579809,2502412,0
23.1402,4,23140118815,73000,1
23.1427,3,23140189815,2502412,0
23.1453,1,23142755821,2502412,0
23.1478,3,23145303827,2502412,0
23.1504,2,23147851833,2502412,0
23.1532,3,23150694839,2502412,0
23.1561,1,23153602851,2502412,0
23.1586,1,23156132263,2502412,0
23.1637,1,23161192275,2502412,0
23.1662,1,23163721687,2502412,0
23.1688,2,23166251693,2502412,0
23.1713,3,23168781699,2502412,0
23.1738,4,23171311705,2502412,0
23.1764,2,23173868711,2502412,0
23.1789,3,23176398717,2502412,0
23.179,2,23178964723,73000,1
23.179,1,23178964723,73000,1
23.1816,4,23179053723,2502412,0
23.1841,3,23181583729,2502412,0
23.1892,3,23186652741,2502412,0
23.1917,4,23189245747,2502412,0
23.1943,3,23191784753,2502412,0
23.1969,3,23194368165,2502412,0
23.197,2,23196898171,73000,1
23.197,1,23196898171,73000,1
23.1995,1,23196971171,2502412,0
23.202,4,23199501177,2502412,0
23.2074,3,23204885195,2502412,0
23.2099,1,23207415201,2502412,0
23.2124,4,23209945207,2502412,0
23.215,3,23212502213,2502412,0
23.2175,4,23215032219,2502412,0
23.2201,3,23217589225,2502412,0
23.2229,4,23220440637,2502412,0
23.2255,1,23222997643,2502412,0
23.2306,3,23228075655,2502412,0
23.2331,2,23230614661,2502412,0
23.2356,1,23233144667,2502412,0
23.2382,4,23235701673,2502412,0
23.2383,4,23238258085,73000,1
23.2383,3,23238258679,73000,1
23.2408,2,23238338679,2502412,0
23.2434,1,23240886685,2502412,0
23.2459,4,23243416691,2502412,0
23.2485,4,23248476703,73000,1
23.2485,1,23248476703,73000,1
23.2511,2,23248592703,2502412,0
23.2518,1,23251768715,73000,1
23.2518,3,23251768715,73000,1
23.2544,2,23251884715,2502412,0
23.2569,4,23254414721,2502412,0
23.262,4,23259492733,2502412,0
23.2621,4,23262022145,73000,1
23.2621,2,23262022739,73000,1
23.2673,1,23264758745,2502412,0
23.2698,1,23267297157,2502412,0
23.2723,1,23269835569,2502412,0
23.2725,2,23272419575,73000,1
23.275,4,23272508575,2502412,0
23.2776,1,23275065581,2502412,0
23.2777,4,23277622587,73000,1
23.2777,2,23277622587,73000,1
23.2778,3,23277702587,73000,1
23.2803,1,23277800587,2502412,0
23.2829,1,23280356999,2502412,0
23.2854,4,23282905005,2502412,0
23.2905,4,23287974017,2502412,0
23.293,1,23290522023,2502412,0
23.2956,1,23293087435,2502412,0
23.2981,4,23295635441,2502412,0
23.3035,4,23301037459,2502412,0
23.3061,1,23303567465,2502412,0
23.3086,1,23306105877,2502412,0
23.3088,4,23308689883,73000,1
23.3113,3,23308787883,2502412,0
23.3138,1,23311335889,2502412,0
23.3164,3,23313892895,2502412,0
23.3189,4,23316422901,2502412,0
23.324,4,23321491913,2502412,0
23.3268,4,23324334325,2502412,0
23.3294,3,23326891331,2502412,0
23.3319,1,23329430337,2502412,0
23.3345,1,23331977749,2502412,0
23.337,1,23334516161,2502412,0
23.3421,4,23339576173,2502412,0
23.3446,1,23342106179,2502412,0
23.3471,3,23344645185,2502412,0
23.3497,4,23347247191,2502412,0
23.3523,1,23349777197,2502412,0
23.3527,4,23352631209,73000,1
23.3527,3,23352631209,73000,1
23.3557,1,23355580621,73000,1
23.3557,3,23355580621,73000,1
23.3582,1,23355714621,2502412,0
23.3608,1,23358253033,2502412,0
23.3659,4,23363367045,2502412,0
23.3684,1,23365897051,2502412,0
23.3709,3,23368436057,2502412,0
23.3735,2,23371002063,2502412,0
23.3786,3,23376071075,2502412,0
23.3787,1,23378601081,73000,1
23.3787,4,23378601081,73000,1
23.3812,3,23378672081,2502412,0
23.3837,2,23381202087,2502412,0
23.3862,2,23383740499,2502412,0
23.3888,2,23386278911,2502412,0
23.3913,2,23388826323,2502412,0
23.3939,4,23391356329,2502412,0
23.3964,4,23393885741,2502412,0
23.4014,3,23398945753,2502412,0
23.4043,2,23401844765,2502412,0
23.4069,4,23404410771,2502412,0
23.4094,3,23406940777,2502412,0
23.412,3,23409479189,2502412,0
23.4145,1,23412009195,2502412,0
23.4171,1,23414547607,2502412,0
23.4221,2,23419634619,2502412,0
23.4222,2,23422173031,73000,1
23.4222,3,23422173625,73000,1
23.4248,4,23422253625,2502412,0
23.4276,1,23425141037,2502412,0
23.4302,4,23427671043,2502412,0
23.4327,3,23430219049,2502412,0
23.4378,2,23435333061,2502412,0
23.4404,4,23437863067,2502412,0
23.4405,2,23440411073,73000,1
23.4405,3,23440411073,73000,1
23.4405,1,23440411073,73000,1
23.443,3,23440509073,2502412,0
23.4455,1,23443039079,2502412,0
23.4481,4,23445578085,2502412,0
23.4506,1,23448117091,2502412,0
23.456,4,23453483109,2502412,0
23.4565,1,23456380115,73000,1
23.4565,3,23456380115,73000,1
23.459,4,23456514115,2502412,0
23.4641,2,23461592127,2502412,0
23.4666,3,23464140133,2502412,0
23.4692,1,23466670139,2502412,0
23.4717,1,23469217551,2502412,0
23.4743,4,23471774557,2502412,0
23.4744,4,23474303969,73000,1
23.4769,2,23474402563,2502412,0
23.4794,3,23476941569,2502412,0
23.482,2,23479471575,2502412,0
23.4845,3,23482001581,2502412,0
23.487,1,23484531587,2502412,0
23.4896,4,23487088593,2502412,0
23.4921,1,23489618599,2502412,0
23.4972,2,23494687611,2502412,0
23.4997,1,23497244617,2502412,0
23.4998,4,23499774623,73000,1
23.4998,3,23499774623,73000,1
23.5024,2,23499881623,2502412,0
23.5052,1,23502735635,2502412,0
23.5078,1,23505283047,2502412,0
23.5079,4,23507822053,73000,1
23.5104,2,23507920053,2502412,0
23.513,1,23510486059,2502412,0
23.5155,1,23513015471,2502412,0
23.518,2,23515545477,2502412,0
23.5206,3,23518084483,2502412,0
23.5231,2,23520614489,2502412,0
23.5232,3,23523171495,73000,1
23.5258,3,23523269495,2502412,0
23.5283,1,23525826501,2502412,0
23.5312,2,23528668913,2502412,0
23.5337,1,23531207919,2502412,0
23.5363,1,23533764331,2502412,0
23.5388,3,23536294337,2502412,0
23.5414,3,23541363349,73000,1
23.5414,2,23541363349,73000,1
23.544,1,23541488349,2502412,0
23.5465,1,23544017761,2502412,0
23.5491,3,23546547767,2502412,0
23.5545,1,23552003785,2502412,0
23.557,3,23554533791,2502412,0
23.5596,2,23557081797,2502412,0
23.56,2,23559924803,73000,1
23.56,4,23559924803,73000,1
23.5601,3,23560040803,73000,1
23.5626,1,23560120803,2502412,0
23.5652,1,23562713215,2502412,0
23.5703,2,23567845227,2502412,0
23.5729,1,23570402233,2502412,0
23.573,2,23572959239,73000,1
23.5731,1,23573039239,73000,1
23.5731,3,23573039239,73000,1
23.5782,3,23575721245,2502412,0
23.5808,1,23578296251,2502412,0
23.5859,1,23583374263,2502412,0
23.5884,2,23585931269,2502412,0
23.591,3,23588470275,2502412,0
23.5935,1,23591027281,2502412,0
23.5986,2,23596096293,2502412,0
23.6012,3,23598680299,2502412,0
23.6037,1,23601219305,2502412,0
23.6042,3,23604082317,73000,1
23.6042,2,23604153317,73000,1
23.6042,4,23604153317,73000,1
23.6067,3,23604242317,2502412,0
23.6093,2,23606772323,2502412,0
23.6094,2,23609301735,73000,1
23.6094,1,23609302329,73000,1
23.6145,3,23611975335,2502412,0
23.617,3,23614522747,2502412,0
23.6196,2,23617088753,2502412,0
23.6221,1,23619636759,2502412,0
23.6248,2,23624723771,73000,1
23.6248,3,23624723771,73000,1
23.6274,1,23624848771,2502412,0
23.6275,1,23627405183,73000,1
23.63,1,23627512777,2502412,0
23.6329,1,23630355189,2502412,0
23.633,3,23632930195,73000,1
23.6331,1,23633037195,73000,1
23.6331,2,23633037195,73000,1
23.6356,1,23633117195,2502412,0
23.6358,1,23635682607,73000,1
23.6409,1,23638367207,2502412,0
23.6459,2,23643445219,2502412,0
23.6485,1,23645984225,2502412,0
23.6539,1,23651422243,2502412,0
23.6565,2,23653952249,2502412,0
23.659,3,23656500255,2502412,0
23.6644,3,23661926673,2502412,0
23.667,1,23664456679,2502412,0
23.6695,2,23666995685,2502412,0
23.672,1,23669534691,2502412,0
23.6722,3,23672109697,73000,1
23.6747,1,23672207697,2502412,0
23.6772,2,23674746703,2502412,0
23.6824,3,23679878715,2502412,0
23.6825,2,23682435721,73000,1
23.6825,1,23682435721,73000,1
23.6826,1,23682560721,73000,1
23.6851,2,23682631721,2502412,0
23.6853,2,23685188133,73000,1
23.6853,3,23685188727,73000,1
23.6904,2,23687933733,2502412,0
23.6956,2,23693065745,2502412,0
23.6957,3,23695595751,73000,1
23.6982,2,23695702751,2502412,0
23.7037,2,23701158769,2502412,0
23.7062,2,23703688181,2502412,0
23.7063,1,23706227187,73000,1
23.7088,3,23706334187,2502412,0
23.709,3,23708881599,73000,1
23.709,2,23708882193,73000,1
23.7115,2,23708955193,2502412,0
23.7141,2,23714042205,73000,1
23.7141,3,23714042205,73000,1
23.7166,3,23714131205,2502412,0
23.7218,3,23719308217,2502412,0
23.7244,3,23721864629,2502412,0
23.7295,3,23726951641,2502412,0
23.732,3,23729490053,2502412,0
23.7348,2,23732332465,2502412,0
23.7349,2,23734870877,73000,1
23.7349,3,23734871471,73000,1
23.735,4,23734951471,73000,1
23.735,2,23734951471,73000,1
23.7401,2,23737615477,2502412,0
23.7426,2,23740144889,2502412,0
23.7452,3,23742710895,2502412,0
23.7477,3,23745240307,2502412,0
23.7531,3,23750624325,2502412,0
23.7533,3,23753180737,73000,1
23.7533,2,23753181331,73000,1
23.7558,3,23753297331,2502412,0
23.7609,3,23758366343,2502412,0
23.7634,3,23760904755,2502412,0
23.7638,3,23763756761,73000,1
23.7638,2,23763756761,73000,1
23.769,2,23766447767,2502412,0
23.7715,2,23768995179,2502412,0
23.774,2,23771533591,2502412,0
23.7742,3,23774090597,73000,1
23.7767,2,23774206597,2502412,0
23.7819,1,23779365609,2502412,0
23.7844,2,23781913615,2502412,0
23.7895,2,23786982627,2502412,0
23.792,1,23789530633,2502412,0
23.7972,2,23794680645,2502412,0
23.7997,1,23797228651,2502412,0
23.8023,1,23799776063,2502412,0
23.8077,2,23805196081,2502412,0
23.8078,3,23807771087,73000,1
23.8103,1,23807842087,2502412,0
23.8129,1,23810416499,2502412,0
23.813,2,23812964505,73000,1
23.8132,1,23813134505,73000,1
23.8183,2,23815825511,2502412,0
23.821,2,23820930523,73000,1
23.821,1,23820930523,73000,1
23.8237,1,23823648529,73000,1
23.8263,2,23823782529,2502412,0
23.829,2,23828923541,73000,1
23.8316,1,23829048541,2502412,0
23.837,2,23834448553,2502412,0
23.8395,1,23836996559,2502412,0
23.8396,1,23839552971,73000,1
23.8421,2,23839633565,2502412,0
23.8447,2,23842225977,2502412,0
23.8473,3,23844755983,2502412,0
23.8523,1,23849842995,2502412,0
23.8554,3,23855281013,73000,1
23.8554,2,23855281013,73000,1
23.8579,2,23855370013,2502412,0
23.858,2,23857917425,73000,1
23.858,1,23857918019,73000,1
23.8631,1,23860564025,2502412,0
23.8656,2,23863094031,2502412,0
23.8685,3,23865973037,2502412,0
23.8711,3,23871069049,73000,1
23.8711,1,23871069049,73000,1
23.8737,2,23871158049,2502412,0
23.8788,2,23876335061,2502412,0
23.8814,2,23878882473,2502412,0
23.8815,2,23881411885,73000,1
23.8815,3,23881412479,73000,1
23.8816,1,23881519479,73000,1
23.8816,2,23881519479,73000,1
23.8867,3,23884228485,2502412,0
23.8918,3,23889306497,2502412,0
23.8943,2,23891836503,2502412,0
23.8945,2,23894428915,73000,1
23.897,3,23894536509,2502412,0
23.8996,3,23897074921,2502412,0
23.905,3,23902503939,2502412,0
23.9101,2,23907644951,2502412,0
23.9127,3,23910192957,2502412,0
23.9153,1,23912758963,2502412,0
23.9203,2,23917827975,2502412,0
23.9229,3,23920375981,2502412,0
23.9254,2,23922905987,2502412,0
23.928,1,23925453993,2502412,0
23.9305,3,23928001999,2502412,0
23.9332,1,23933107011,73000,1
23.9332,2,23933107011,73000,1
23.9358,3,23933250011,2502412,0
23.9388,3,23938722023,73000,1
23.9388,2,23938722023,73000,1
23.9413,3,23938802023,2502412,0
23.9438,1,23941332029,2502412,0
23.9464,3,23943862035,2502412,0
23.9489,1,23946401041,2502412,0
23.949,3,23948949047,73000,1
23.9516,1,23949056047,2502412,0
23.952,1,23951955059,73000,1
23.952,4,23951955059,73000,1
23.9571,3,23954583065,2502412,0
23.9597,3,23957157477,2502412,0
23.9648,3,23962316489,2502412,0
23.9699,1,23967403501,2502412,0
23.9727,3,23970246507,2502412,0
23.9753,2,23972776513,2502412,0
23.9804,1,23977890525,2502412,0
23.9805,2,23980420531,73000,1
23.9805,3,23980420531,73000,1
23.983,3,23980509531,2502412,0
23.9855,1,23983039537,2502412,0
23.9907,1,23988153549,2502412,0
23.9932,1,23990700961,2502412,0
23.9933,1,23993248373,73000,1
23.9933,3,23993248967,73000,1
23.9958,2,23993328967,2502412,0
24.0009,3,23998442979,2502412,0
24.0038,2,24001296991,2502412,0
24.0065,2,24006456003,73000,1
24.0065,3,24006456003,73000,1
24.0065,1,24006456003,73000,1
24.0116,2,24009147009,2502412,0
24.0142,3,24011695015,2502412,0
24.0193,2,24016791027,2502412,0
24.0218,2,24019320439,2502412,0
24.0244,2,24021849851,2502412,0
24.0245,2,24024433263,73000,1
24.0245,3,24024433857,73000,1
24.027,2,24024531857,2502412,0
24.0272,2,24027115269,73000,1
24.0272,3,24027115863,73000,1
24.0349,3,24032381281,2502412,0
24.0374,1,24034920287,2502412,0
24.0428,1,24040338299,2502412,0
24.0454,3,24042868305,2502412,0
24.0479,2,24045398311,2502412,0
24.0506,2,24050503323,73000,1
24.0531,1,24050592323,2502412,0
24.0559,1,24053446335,2502412,0
24.0585,3,24055976341,2502412,0
24.061,1,24058533347,2502412,0
24.0611,1,24061062759,73000,1
24.0636,3,24061143353,2502412,0
24.0662,2,24063691359,2502412,0
24.0663,2,24066229771,73000,1
24.0663,3,24066230365,73000,1
24.0714,2,24068921371,2502412,0
24.0743,1,24071791377,2502412,0
24.0768,3,24074339383,2502412,0
24.077,3,24076904795,73000,1
24.0795,2,24077003389,2502412,0
24.0821,1,24079560395,2502412,0
24.0846,2,24082108401,2502412,0
24.0897,2,24087195413,2502412,0
24.0922,1,24089734419,2502412,0
24.0974,3,24094884431,2502412,0
24.0999,2,24097414437,2502412,0
24.1025,1,24099953443,2502412,0
24.1029,1,24102825455,73000,1
24.1054,3,24102923455,2502412,0
24.108,2,24105471461,2502412,0
24.1105,3,24108019467,2502412,0
24.1156,1,24113115479,2502412,0
24.1182,2,24115654485,2502412,0
24.1207,3,24118238491,2502412,0
24.1233,2,24120777497,2502412,0
24.1284,3,24125855509,2502412,0
24.1285,2,24128385515,73000,1
24.1285,1,24128385515,73000,1
24.131,3,24128528515,2502412,0
24.1362,3,24133678527,2502412,0
24.1388,3,24138756539,73000,1
24.1388,2,24138756539,73000,1
24.1414,1,24138854539,2502412,0
24.1442,1,24141696951,2502412,0
24.1467,1,24144235363,2502412,0
24.1518,1,24149322375,2502412,0
24.1547,1,24152176387,2502412,0
24.1572,2,24154742393,2502412,0
24.1623,2,24159829405,2502412,0
24.1649,1,24162395411,2502412,0
24.1674,3,24164925417,2502412,0
24.17,1,24167473423,2502412,0
24.1725,2,24170003429,2502412,0
24.175,3,24172542435,2502412,0
24.1804,1,24177924447,2502412,0
24.183,3,24180472453,2502412,0
24.1855,2,24183038459,2502412,0
24.1881,1,24185586465,2502412,0
24.1906,3,24188116471,2502412,0
24.1931,2,24190646477,2502412,0
24.1983,2,24195778489,2502412,0
24.1984,3,24198335495,73000,1
24.1984,1,24198335495,73000,1
24.2009,2,24198415495,2502412,0
24.2014,2,24201296507,73000,1
24.2039,1,24201421507,2502412,0
24.204,1,24203968919,73000,1
24.204,3,24203969513,73000,1
24.2066,1,24204049513,2502412,0
24.2117,1,24209163525,2502412,0
24.2142,2,24211747531,2502412,0
24.2144,1,24214277537,73000,1
24.2169,1,24214393537,2502412,0
24.2196,1,24219516549,73000,1
24.2196,2,24219516549,73000,1
24.2273,3,24224799967,2502412,0
24.23,1,24229904979,73000,1
24.23,2,24229904979,73000,1
24.2325,3,24230011979,2502412,0
24.2326,3,24232568391,73000,1
24.2352,3,24232729985,2502412,0
24.2429,3,24240418409,2502412,0
24.2484,3,24245890421,2502412,0
24.2509,4,24248420427,2502412,0
24.2563,1,24253804445,2502412,0
24.2589,1,24256351857,2502412,0
24.2614,2,24258899863,2502412,0
24.2615,4,24261447869,73000,1
24.2615,3,24261447869,73000,1
24.2616,2,24261518869,73000,1
24.2641,1,24261598869,2502412,0
24.2666,4,24264146875,2502412,0
24.2692,1,24266694881,2502412,0
24.2717,4,24269242887,2502412,0
24.2743,3,24271790893,2502412,0
24.2797,1,24277199311,2502412,0
24.2822,3,24279738317,2502412,0
24.2848,2,24282268323,2502412,0
24.2849,2,24284806735,73000,1
24.2849,4,24284807329,73000,1
24.2874,1,24284905329,2502412,0
24.2925,3,24290019341,2502412,0
24.2951,2,24292567347,2502412,0
24.2976,4,24295106353,2502412,0
24.3001,1,24297636359,2502412,0
24.3056,2,24303065377,2502412,0
24.3081,3,24305595383,2502412,0
24.3106,1,24308125389,2502412,0
24.3132,2,24310655395,2502412,0
24.3157,4,24313194401,2502412,0
24.3182,3,24315724407,2502412,0
24.3184,3,24318289819,73000,1
24.3209,4,24318379413,2502412,0
24.3234,1,24320909419,2502412,0
24.326,2,24323448425,2502412,0
24.3261,2,24325995837,73000,1
24.3261,4,24325996431,73000,1
24.3286,1,24326076431,2502412,0
24.3287,2,24328633437,73000,1
24.3287,4,24328633437,73000,1
24.3312,1,24328704437,2502412,0
24.3338,1,24333773449,73000,1
24.3338,3,24333773449,73000,1
24.3365,2,24333988449,2502412,0
24.3366,4,24336518455,73000,1
24.3391,2,24336589455,2502412,0
24.3392,2,24339172867,73000,1
24.3392,3,24339173461,73000,1
24.3393,1,24339244461,73000,1
24.3393,2,24339245867,73000,1
24.3444,1,24341945873,2502412,0
24.347,1,24344475285,2502412,0
24.3524,1,24349901703,2502412,0
24.3578,4,24355330721,2502412,0
24.3604,1,24357860727,2502412,0
24.3605,1,24360399139,73000,1
24.3605,4,24360399733,73000,1
24.363,4,24360472733,2502412,0
24.3655,2,24363002739,2502412,0
24.3656,4,24365541745,73000,1
24.3682,2,24365684745,2502412,0
24.3707,2,24368223157,2502412,0
24.3733,4,24370780163,2502412,0
24.3784,4,24375885175,2502412,0
24.3812,1,24378746181,2502412,0
24.3838,2,24381285187,2502412,0
24.3889,2,24386381199,2502412,0
24.3914,2,24388937611,2502412,0
24.394,4,24391467617,2502412,0
24.3941,1,24393997623,73000,1
24.3941,3,24393997623,73000,1
24.3967,4,24396616629,73000,1
24.3967,2,24396616629,73000,1
24.3992,4,24396723629,2502412,0
24.4047,3,24402170647,2502412,0
24.4072,2,24404700653,2502412,0
24.4073,4,24407257659,73000,1
24.4073,1,24407257659,73000,1
24.4074,2,24407346659,73000,1
24.4074,4,24407346659,73000,1
24.4125,3,24409983665,2502412,0
24.4151,2,24412567671,2502412,0
24.4176,2,24415115083,2502412,0
24.4201,3,24417645089,2502412,0
24.4253,2,24422795101,2502412,0
24.4278,3,24425343107,2502412,0
24.4329,3,24430421119,2502412,0
24.4355,1,24432951125,2502412,0
24.438,2,24435499131,2502412,0
24.4405,1,24438038137,2502412,0
24.4431,2,24440568143,2502412,0
24.4457,2,24445646155,73000,1
24.4457,1,24445646155,73000,1
24.4482,4,24445726155,2502412,0
24.4508,3,24448265161,2502412,0
24.454,2,24451449579,2502412,0
24.4566,2,24456554591,73000,1
24.4566,4,24456554591,73000,1
24.4567,3,24456643591,73000,1
24.4567,2,24456643591,73000,1
24.4592,1,24456723591,2502412,0
24.4618,1,24459280003,2502412,0
24.4669,3,24464394015,2502412,0
24.4694,4,24466942021,2502412,0
24.472,1,24469499027,2502412,0
24.4745,3,24472038033,2502412,0
24.4771,2,24474577039,2502412,0
24.4772,1,24477107045,73000,1
24.4772,4,24477107045,73000,1
24.4797,3,24477178045,2502412,0
24.4822,2,24479726051,2502412,0
24.4851,4,24482578057,2502412,0
24.4876,2,24485117063,2502412,0
24.4901,2,24487646475,2502412,0
24.4927,2,24490211887,2502412,0
24.4952,3,24492741893,2502412,0
24.5003,3,24497828905,2502412,0
24.5032,4,24500664917,2502412,0
24.5057,1,24503221923,2502412,0
24.5058,4,24505760929,73000,1
24.5058,2,24505760929,73000,1
24.506,4,24505894929,73000,1
24.506,2,24505894929,73000,1
24.5085,3,24505965929,2502412,0
24.511,3,24508504341,2502412,0
24.5111,1,24511043347,73000,1
24.5111,2,24511043347,73000,1
24.5137,1,24511177347,2502412,0
24.5187,3,24516246359,2502412,0
24.5213,1,24518803365,2502412,0
24.5239,3,24521396371,2502412,0
24.5266,1,24526501383,73000,1
24.5266,4,24526501383,73000,1
24.5317,3,24529165389,2502412,0
24.5343,3,24531757801,2502412,0
24.5394,3,24536871813,2502412,0
24.5419,1,24539410819,2502412,0
24.547,3,24544533831,2502412,0
24.5496,1,24547099837,2502412,0
24.5526,3,24552490849,73000,1
24.5551,3,24552563849,2502412,0
24.5576,1,24555093855,2502412,0
24.5605,3,24557974867,2502412,0
24.5656,1,24563097879,2502412,0
24.5681,1,24565627291,2502412,0
24.5707,1,24568174703,2502412,0
24.5708,3,24570722709,73000,1
24.5734,3,24570847709,2502412,0
24.5759,1,24573395715,2502412,0
24.576,3,24575943721,73000,1
24.5786,1,24576086721,2502412,0
24.5811,2,24578616727,2502412,0
24.5812,1,24581155733,73000,1
24.5866,2,24584134145,2502412,0
24.5892,2,24586681557,2502412,0
24.5943,3,24591759569,2502412,0
24.5968,1,24594334575,2502412,0
24.6019,2,24599412587,2502412,0
24.6048,4,24602275599,2502412,0
24.6049,1,24604805605,73000,1
24.6049,3,24604805605,73000,1
24.605,2,24604921605,73000,1
24.6075,3,24605019605,2502412,0
24.6101,4,24607576611,2502412,0
24.6126,3,24610133617,2502412,0
24.6152,4,24612663623,2502412,0
24.6178,4,24617741635,73000,1
24.6178,1,24617741635,73000,1
24.6204,3,24617848635,2502412,0
24.6205,4,24620405641,73000,1
24.6205,2,24620405641,73000,1
24.6256,3,24623096647,2502412,0
24.6257,3,24625662059,73000,1
24.6283,2,24625796653,2502412,0
24.6334,1,24630865665,2502412,0
24.6359,1,24633440077,2502412,0
24.6385,1,24635969489,2502412,0
24.6386,2,24638508495,73000,1
24.6411,1,24638579495,2502412,0
24.6412,4,24641118501,73000,1
24.6412,2,24641118501,73000,1
24.6437,1,24641189501,2502412,0
24.6463,3,24643773507,2502412,0
24.6464,3,24646311919,73000,1
24.6489,1,24646401513,2502412,0
24.6491,1,24649029925,73000,1
24.6491,3,24649030519,73000,1
24.66,1,24657535543,2502412,0
24.6651,1,24662640555,2502412,0
24.6652,1,24665169967,73000,1
24.6652,2,24665170561,73000,1
24.6678,3,24665259561,2502412,0
24.6729,3,24670445573,2502412,0
24.678,3,24675532585,2502412,0
24.6781,3,24678070997,73000,1
24.6781,1,24678071591,73000,1
24.6807,3,24678151591,2502412,0
24.6858,2,24683301603,2502412,0
24.6887,3,24686162609,2502412,0
24.6937,3,24691231621,2502412,0
24.6963,3,24693779033,2502412,0
24.6988,2,24696318039,2502412,0
24.7042,3,24701738057,2502412,0
24.7068,1,24704277063,2502412,0
24.7069,1,24706824475,73000,1
24.7069,4,24706825069,73000,1
24.7094,1,24706897475,2502412,0
24.7119,2,24709436481,2502412,0
24.7145,1,24711966487,2502412,0
24.7196,2,24717062499,2502412,0
24.7221,3,24719592505,2502412,0
24.7246,1,24722131511,2502412,0
24.7272,2,24724670517,2502412,0
24.7297,2,24727208929,2502412,0
24.7323,3,24729747935,2502412,0
24.7324,2,24732313941,73000,1
24.7324,1,24732313941,73000,1
24.7349,3,24732384941,2502412,0
24.7375,3,24734950353,2502412,0
24.74,1,24737498359,2502412,0
24.7426,1,24740063771,2502412,0
24.7451,1,24742602183,2502412,0
24.7476,1,24745131595,2502412,0
24.7503,1,24750191607,73000,1
24.7503,3,24750191607,73000,1
24.7531,3,24750586613,2502412,0
24.7557,1,24753188619,2502412,0
24.7585,2,24756031031,2502412,0
24.7611,1,24758561037,2502412,0
24.7636,3,24761091043,2502412,0
24.7661,2,24763621049,2502412,0
24.7712,2,24768726061,2502412,0
24.7714,3,24771283067,73000,1
24.7714,1,24771283067,73000,1
24.7739,3,24771372067,2502412,0
24.7764,1,24773902073,2502412,0
24.7789,2,24776441079,2502412,0
24.7815,3,24778971085,2502412,0
24.784,1,24781501091,2502412,0
24.7841,2,24784049097,73000,1
24.7866,3,24784147097,2502412,0
24.7892,1,24786704103,2502412,0
24.7921,3,24789583109,2502412,0
24.7922,3,24792157521,73000,1
24.7947,2,24792247115,2502412,0
24.7973,1,24794777121,2502412,0
24.7975,1,24797378533,73000,1
24.7975,2,24797379127,73000,1
24.8029,3,24800349139,2502412,0
24.8054,2,24802906145,2502412,0
24.8105,2,24807984157,2502412,0
24.813,3,24810523163,2502412,0
24.8156,1,24813089169,2502412,0
24.8181,3,24815628175,2502412,0
24.8208,1,24820724187,73000,1
24.8208,2,24820724187,73000,1
24.8234,3,24820867187,2502412,0
24.8285,1,24825963199,2502412,0
24.831,2,24828511205,2502412,0
24.8336,3,24831050211,2502412,0
24.8361,1,24833598217,2502412,0
24.8412,3,24838685229,2502412,0
24.8437,1,24841233235,2502412,0
24.8463,2,24843772241,2502412,0
24.8488,1,24846302247,2502412,0
24.8513,3,24848841253,2502412,0
24.8539,3,24851379665,2502412,0
24.8543,3,24854215677,73000,1
24.8568,2,24854304677,2502412,0
24.8593,1,24856843683,2502412,0
24.8622,2,24859722095,2502412,0
24.8648,1,24862261101,2502412,0
24.8673,3,24864827107,2502412,0
24.8724,1,24869896119,2502412,0
24.8749,2,24872444125,2502412,0
24.8775,1,24874992131,2502412,0
24.88,2,24877540137,2502412,0
24.8801,1,24880070143,73000,1
24.8801,3,24880070143,73000,1
24.8852,2,24882743149,2502412,0
24.8878,4,24885336155,2502412,0
24.8879,1,24887875161,73000,1
24.8905,2,24887982161,2502412,0
24.8934,3,24890861167,2502412,0
24.8959,4,24893391173,2502412,0
24.901,3,24898487185,2502412,0
24.9035,4,24901017191,2502412,0
24.9064,2,24903862203,2502412,0
24.9089,3,24906392209,2502412,0
24.9114,3,24908921621,2502412,0
24.9165,4,24914017633,2502412,0
24.9191,3,24916556639,2502412,0
24.9192,4,24919095645,73000,1
24.9192,2,24919095645,73000,1
24.9217,4,24919175645,2502412,0
24.9242,3,24921723651,2502412,0
24.9268,4,24924253657,2502412,0
24.9293,3,24926783663,2502412,0
24.9344,4,24931870675,2502412,0
24.9369,1,24934445681,2502412,0
24.9395,4,24936975687,2502412,0
24.942,2,24939514693,2502412,0
24.9421,2,24942053105,73000,1
24.9421,3,24942053699,73000,1
24.9446,1,24942124699,2502412,0
24.9472,3,24944672705,2502412,0
24.9522,4,24949741717,2502412,0
24.9548,3,24952271723,2502412,0
24.9552,4,24955143735,73000,1
24.9552,1,24955143735,73000,1
24.9577,3,24955241735,2502412,0
24.9629,2,24960364747,2502412,0
24.9657,3,24963234159,2502412,0
24.9683,3,24965772571,2502412,0
24.9708,2,24968302577,2502412,0
24.9733,1,24970832583,2502412,0
24.9784,4,24975946595,2502412,0
24.9786,2,24978485601,73000,1
24.9786,3,24978485601,73000,1
24.9811,1,24978601601,2502412,0
24.9836,4,24981131607,2502412,0
24.9862,4,24983679019,2502412,0
24.9913,4,24988748031,2502412,0
24.9938,1,24991278037,2502412,0
24.9966,2,24994121043,2502412,0
24.9992,2,24996704455,2502412,0
25.0018,4,24999261461,2502412,0
25.0071,1,25004627479,2502412,0
25.0072,2,25007166485,73000,1
25.0072,3,25007166485,73000,1
25.0097,4,25007237485,2502412,0
25.0123,2,25009785491,2502412,0
25.0148,1,25012342497,2502412,0
25.0199,3,25017438509,2502412,0
25.0225,2,25019968515,2502412,0
25.025,1,25022498521,2502412,0
25.0275,4,25025028527,2502412,0
25.0301,3,25027567533,2502412,0
25.0326,3,25030105945,2502412,0
25.0352,1,25032653951,2502412,0
25.0377,2,25035183957,2502412,0
25.0402,3,25037731963,2502412,0
25.0403,4,25040261969,73000,1
25.0429,1,25040350969,2502412,0
25.0454,3,25042907975,2502412,0
25.0479,2,25045437981,2502412,0
25.0505,1,25047967987,2502412,0
25.0534,2,25050848999,2502412,0
25.0559,1,25053388005,2502412,0
25.0584,3,25055927011,2502412,0
25.061,4,25058457017,2502412,0
25.0663,2,25063839029,2502412,0
25.0689,4,25066378035,2502412,0
25.0714,2,25068917041,2502412,0
25.0739,1,25071447047,2502412,0
25.0741,2,25074004053,73000,1
25.0741,3,25074004053,73000,1
25.0766,4,25074084053,2502412,0
25.0792,1,25076650059,2502412,0
25.0793,4,25079207065,73000,1
25.0818,2,25079314065,2502412,0
25.0843,1,25081844071,2502412,0
25.0869,1,25084373483,2502412,0
25.0894,2,25086939489,2502412,0
25.092,3,25089505495,2502412,0
25.0974,3,25094904913,2502412,0
25.0999,1,25097434919,2502412,0
25.1025,2,25099964925,2502412,0
25.1054,4,25102854937,2502412,0
25.108,2,25107941949,73000,1
25.108,1,25107941949,73000,1
25.108,3,25107941949,73000,1
25.1105,3,25108030949,2502412,0
25.1131,4,25110587955,2502412,0
25.1156,3,25113135961,2502412,0
25.1182,1,25115683967,2502412,0
25.1233,4,25120752979,2502412,0
25.1258,4,25123282391,2502412,0
25.1284,3,25125857397,2502412,0
25.1309,1,25128396403,2502412,0
25.1335,4,25130953409,2502412,0
25.1385,2,25136022421,2502412,0
25.1411,3,25138552427,2502412,0
25.1412,4,25141136433,73000,1
25.1412,1,25141136433,73000,1
25.1437,4,25141234433,2502412,0
25.1463,2,25143764439,2502412,0
25.1489,2,25148833451,73000,1
25.1489,3,25148833451,73000,1
25.1514,4,25148922451,2502412,0
25.1543,1,25151767463,2502412,0
25.157,1,25156908475,73000,1
25.157,4,25156908475,73000,1
25.1595,1,25156988475,2502412,0
25.162,1,25159535887,2502412,0
25.1646,2,25162065893,2502412,0
25.1671,1,25164595899,2502412,0
25.17,3,25167456311,2502412,0
25.175,2,25172525323,2502412,0
25.1776,1,25175091329,2502412,0
25.1802,3,25177648335,2502412,0
25.1827,2,25180187341,2502412,0
25.1852,4,25182717347,2502412,0
25.1878,4,25185264759,2502412,0
25.1879,2,25187794765,73000,1
25.1879,3,25187794765,73000,1
25.1904,1,25187865765,2502412,0
25.1929,3,25190413771,2502412,0
25.1955,4,25192979777,2502412,0
25.198,3,25195509783,2502412,0
25.2009,1,25198388789,2502412,0
25.2034,2,25200927795,2502412,0
25.2088,4,25206302813,2502412,0
25.2114,1,25208859819,2502412,0
25.2115,2,25211389825,73000,1
25.2115,3,25211389825,73000,1
25.214,4,25211514825,2502412,0
25.2141,3,25214071831,73000,1
25.2167,1,25214169831,2502412,0
25.2193,4,25216762837,2502412,0
25.2219,4,25221840849,73000,1
25.2219,1,25221840849,73000,1
25.2244,3,25221911849,2502412,0
25.2245,3,25224450261,73000,1
25.2245,4,25224450855,73000,1
25.227,2,25224530855,2502412,0
25.2321,2,25229644867,2502412,0
25.2347,2,25232183279,2502412,0
25.2372,2,25234730691,2502412,0
25.2374,3,25237323697,73000,1
25.2399,1,25237394697,2502412,0
25.2424,1,25239924109,2502412,0
25.245,3,25242463115,2502412,0
25.2475,2,25244993121,2502412,0
25.2476,2,25247567533,73000,1
25.2476,3,25247568127,73000,1
25.2503,4,25250178133,73000,1
25.2528,1,25250267133,2502412,0
25.2556,1,25253139145,2502412,0
25.2582,1,25255704557,2502412,0
25.2609,2,25260854569,73000,1
25.2609,3,25260854569,73000,1
25.2634,1,25260934569,2502412,0
25.266,1,25263463981,2502412,0
25.2685,1,25265993393,2502412,0
25.2739,4,25271374811,2502412,0
25.2764,1,25273922817,2502412,0
25.279,1,25276497229,2502412,0
25.2841,4,25281593241,2502412,0
25.2866,4,25284122653,2502412,0
25.2892,1,25286652659,2502412,0
25.2919,1,25291829671,73000,1
25.2919,4,25291829671,73000,1
25.2944,2,25291909671,2502412,0
25.2945,2,25294457083,73000,1
25.2945,4,25294457677,73000,1
25.2996,3,25297076683,2502412,0
25.3024,3,25299928689,2502412,0
25.3053,1,25302827701,2502412,0
25.3104,3,25307887713,2502412,0
25.3105,1,25310444719,73000,1
25.3105,2,25310444719,73000,1
25.313,3,25310533719,2502412,0
25.3156,3,25313063131,2502412,0
25.3157,3,25315619543,73000,1
25.3182,2,25315700137,2502412,0
25.3208,3,25318248143,2502412,0
25.3233,2,25320787149,2502412,0
25.3258,1,25323326155,2502412,0
25.3284,3,25325874161,2502412,0
25.3285,3,25328421573,73000,1
25.331,1,25328520167,2502412,0
25.3311,1,25331067579,73000,1
25.3311,2,25331068173,73000,1
25.3337,4,25331175173,2502412,0
25.3388,3,25336280185,2502412,0
25.3413,3,25338818597,2502412,0
25.3414,3,25341366009,73000,1
25.3414,4,25341366603,73000,1
25.3465,2,25344012609,2502412,0
25.349,1,25346542615,2502412,0
25.3516,2,25349099621,2502412,0
25.3545,3,25351953633,2502412,0
25.3546,3,25354501045,73000,1
25.3546,4,25354501639,73000,1
25.3571,1,25354617639,2502412,0
25.3597,2,25357147645,2502412,0
25.3622,2,25359695057,2502412,0
25.3647,1,25362225063,2502412,0
25.3649,3,25364791069,73000,1
25.3674,1,25364898069,2502412,0
25.3699,2,25367446075,2502412,0
25.3754,2,25372922009,2502412,0
25.3755,2,25375451421,73000,1
25.3755,1,25375452015,73000,1
25.3755,4,25375452015,73000,1
25.3832,1,25380735433,2502412,0
25.3858,2,25383283439,2502412,0
25.3883,2,25385830851,2502412,0
25.3884,3,25388369857,73000,1
25.3909,1,25388440857,2502412,0
25.3935,2,25390970863,2502412,0
25.396,1,25393509869,2502412,0
25.3986,1,25396066281,2502412,0
25.4011,2,25398614287,2502412,0
25.4012,2,25401143699,73000,1
25.4069,1,25404408711,2502412,0
25.4095,1,25406974123,2502412,0
25.412,1,25409503535,2502412,0
25.4145,1,25412041947,2502412,0
25.4147,4,25414598953,73000,1
25.4172,1,25414678953,2502412,0
25.4198,2,25417271959,2502412,0
25.4223,1,25419801965,2502412,0
25.4224,2,25422367971,73000,1
25.425,1,25422492971,2502412,0
25.4301,2,25427597983,2502412,0
25.4303,1,25430199989,73000,1
25.4328,2,25430288989,2502412,0
25.4353,2,25432818401,2502412,0
25.4405,2,25437959413,2502412,0
25.443,3,25440507419,2502412,0
25.4431,2,25443064425,73000,1
25.4456,1,25443135425,2502412,0
25.4482,3,25445683431,2502412,0
25.4536,1,25451112449,2502412,0
25.4562,3,25453660455,2502412,0
25.4587,3,25456198867,2502412,0
25.4612,3,25458728279,2502412,0
25.4638,1,25461285285,2502412,0
25.4689,2,25466390297,2502412,0
25.4714,3,25468938303,2502412,0
25.474,3,25471467715,2502412,0
25.4768,3,25474319127,2502412,0
25.4794,2,25476849133,2502412,0
25.4795,2,25479378545,73000,1
25.4795,1,25479379139,73000,1
25.4845,3,25482034145,2502412,0
25.4871,3,25484635557,2502412,0
25.4873,2,25487183563,73000,1
25.4873,3,25487272563,73000,1
25.4873,1,25487272563,73000,1
25.4901,1,25490017569,73000,1
25.4901,2,25490017569,73000,1
25.4951,3,25492636575,2502412,0
25.4977,3,25495174987,2502412,0
25.5031,1,25500595005,2502412,0
25.5057,1,25503151417,2502412,0
25.5085,1,25506003423,2502412,0
25.511,3,25508542429,2502412,0
25.5162,1,25513674441,2502412,0
25.5187,1,25516212853,2502412,0
25.5213,3,25518769859,2502412,0
25.5264,4,25523874871,2502412,0
25.5265,4,25526404283,73000,1
25.5265,3,25526404877,73000,1
25.5265,1,25526404877,73000,1
25.5316,3,25529077883,2502412,0
25.5317,3,25531670295,73000,1
25.5343,4,25531813889,2502412,0
25.5394,3,25536882901,2502412,0
25.5419,1,25539421907,2502412,0
25.5446,3,25544553919,73000,1
25.5446,4,25544553919,73000,1
25.5472,1,25544651919,2502412,0
25.5497,3,25547181925,2502412,0
25.5551,1,25552637943,2502412,0
25.5577,3,25555185949,2502412,0
25.5627,4,25560245961,2502412,0
25.5653,1,25562775967,2502412,0
25.5678,2,25565305973,2502412,0
25.5703,1,25567835979,2502412,0
25.5729,3,25570374985,2502412,0
25.5754,1,25572931991,2502412,0
25.5783,4,25575774403,2502412,0
25.5808,2,25578304409,2502412,0
25.5809,1,25580834415,73000,1
25.581,4,25580914415,73000,1
25.581,3,25580914415,73000,1
25.5835,2,25581039415,2502412,0
25.5861,2,25583568827,2502412,0
25.5912,2,25588718839,2502412,0
25.5938,2,25591266251,2502412,0
25.5963,1,25593823257,2502412,0
25.5989,3,25596353263,2502412,0
25.6014,4,25598883269,2502412,0
25.6015,1,25601431275,73000,1
25.6016,4,25601511275,73000,1
25.6016,2,25601511275,73000,1
25.6045,3,25601951281,2502412,0
25.6099,3,25607404699,2502412,0
25.6124,1,25609934705,2502412,0
25.6126,4,25612500711,73000,1
25.6126,2,25612500711,73000,1
25.6176,1,25615110717,2502412,0
25.6202,3,25617685723,2502412,0
25.6227,3,25620242135,2502412,0
25.6278,1,25625329147,2502412,0
25.628,3,25627940153,73000,1
25.6305,1,25628020153,2502412,0
25.6331,1,25630549565,2502412,0
25.6356,2,25633079571,2502412,0
25.6407,1,25638184583,2502412,0
25.6432,2,25640723589,2502412,0
25.6458,1,25643253595,2502412,0
25.6483,4,25645801601,2502412,0
25.6509,1,25648349607,2502412,0
25.6562,2,25653733625,2502412,0
25.6588,4,25656290631,2502412,0
25.6613,1,25658820637,2502412,0
25.6639,3,25661350643,2502412,0
25.6664,4,25663880649,2502412,0
25.6665,4,25666410061,73000,1
25.6665,1,25666410655,73000,1
25.669,2,25666526655,2502412,0
25.6741,3,25671595667,2502412,0
25.6766,2,25674143673,2502412,0
25.6768,2,25676682085,73000,1
25.6768,3,25676682679,73000,1
25.6793,4,25676789679,2502412,0
25.6797,1,25679650091,73000,1
25.6797,2,25679650091,73000,1
25.6848,4,25682341097,2502412,0
25.6874,4,25684906509,2502412,0
25.6925,3,25690002521,2502412,0
25.6951,3,25692558933,2502412,0
25.6976,2,25695115939,2502412,0
25.6977,4,25697645945,73000,1
25.7003,4,25697770945,2502412,0
25.7031,2,25700606957,2502412,0
25.7056,3,25703145963,2502412,0
25.7083,3,25708241975,73000,1
25.7083,1,25708241975,73000,1
25.7108,3,25708314975,2502412,0
25.7137,3,25711166981,2502412,0
25.7162,2,25713696987,2502412,0
25.7163,2,25716226399,73000,1
25.7163,4,25716226993,73000,1
25.7188,3,25716297993,2502412,0
25.7213,2,25718836999,2502412,0
25.7214,2,25721366411,73000,1
25.7214,3,25721367005,73000,1
25.7265,4,25724031011,2502412,0
25.7291,2,25726606017,2502412,0
25.7317,4,25729172023,2502412,0
25.7318,4,25731710435,73000,1
25.7318,3,25731711029,73000,1
25.7343,2,25731782029,2502412,0
25.7368,4,25734339035,2502412,0
25.737,4,25736877447,73000,1
25.737,2,25736878041,73000,1
25.7395,2,25736958041,2502412,0
25.7446,2,25742090053,2502412,0
25.7471,2,25744637465,2502412,0
25.7472,2,25747175877,73000,1
25.7472,4,25747176471,73000,1
25.7553,3,25752765895,2502412,0
25.7604,2,25757879907,2502412,0
25.763,3,25760463913,2502412,0
25.768,2,25765532925,2502412,0
25.7706,3,25768107931,2502412,0
25.7731,4,25770646937,2502412,0
25.7733,4,25773185349,73000,1
25.7758,3,25773283943,2502412,0
25.7783,2,25775813949,2502412,0
25.7809,1,25778352955,2502412,0
25.7863,2,25783770373,2502412,0
25.7888,3,25786318379,2502412,0
25.7889,2,25788848385,73000,1
25.7889,1,25788848385,73000,1
25.7914,4,25788928385,2502412,0
25.7965,1,25794042397,2502412,0
25.7991,4,25796581403,2502412,0
25.8016,3,25799120409,2502412,0
25.8045,3,25801965421,2502412,0
25.807,1,25804513427,2502412,0
25.8071,4,25807070433,73000,1
25.8097,3,25807159433,2502412,0
25.8122,2,25809689439,2502412,0
25.8151,1,25812568445,2502412,0
25.8176,4,25815107451,2502412,0
25.8201,1,25817637457,2502412,0
25.8202,4,25820176463,73000,1
25.8202,3,25820176463,73000,1
25.8227,2,25820247463,2502412,0
25.8254,4,25825316475,73000,1
25.8254,3,25825316475,73000,1
25.828,2,25825450475,2502412,0
25.8305,1,25827989481,2502412,0
25.833,1,25830545893,2502412,0
25.8331,4,25833075899,73000,1
25.8331,3,25833075899,73000,1
25.8382,2,25835712905,2502412,0
25.8408,1,25838278911,2502412,0
25.8433,1,25840826323,2502412,0
25.8459,2,25843356329,2502412,0
25.8509,1,25848443341,2502412,0
25.8538,1,25851315353,2502412,0
25.8564,2,25853890359,2502412,0
25.8565,1,25856429365,73000,1
25.8565,4,25856429365,73000,1
25.8565,3,25856429365,73000,1
25.859,1,25856502365,2502412,0
25.8616,1,25859058777,2502412,0
25.8641,2,25861642783,2502412,0
25.8692,1,25866729795,2502412,0
25.8718,2,25869322801,2502412,0
25.8719,1,25871870807,73000,1
25.8745,2,25871959807,2502412,0
25.8796,2,25877127819,2502412,0
25.885,1,25882536831,2502412,0
25.8876,2,25885084837,2502412,0
25.8902,2,25887650249,2502412,0
25.8953,1,25892755261,2502412,0
25.8978,2,25895294267,2502412,0
25.9032,2,25900741285,2502412,0
25.9058,1,25903289291,2502412,0
25.9059,2,25905837297,73000,1
25.9084,3,25905908297,2502412,0
25.911,1,25908492303,2502412,0
25.9135,1,25911039715,2502412,0
25.9189,3,25916430727,2502412,0
25.919,1,25918960733,73000,1
25.919,2,25918960733,73000,1
25.9192,3,25919112733,73000,1
25.9243,1,25921821739,2502412,0
25.9269,1,25924351151,2502412,0
25.932,2,25929492163,2502412,0
25.9321,1,25932031169,73000,1
25.9321,3,25932031169,73000,1
25.9346,1,25932129169,2502412,0
25.9397,1,25937198181,2502412,0
25.9399,2,25939782187,73000,1
25.9399,4,25939782187,73000,1
25.94,3,25939880187,73000,1
25.9401,1,25939978187,73000,1
25.9401,2,25939978187,73000,1
25.9478,2,25945261605,2502412,0
25.9479,2,25947845017,73000,1
25.9504,1,25947925611,2502412,0
25.9559,1,25953363629,2502412,0
25.9585,3,25955947635,2502412,0
25.9586,3,25958495047,73000,1
25.9611,1,25958566641,2502412,0
25.9636,2,25961123647,2502412,0
25.9687,1,25966237659,2502412,0
25.9713,2,25968776665,2502412,0
25.9738,1,25971324671,2502412,0
25.9764,1,25973881083,2502412,0
25.9815,3,25978950095,2502412,0
25.984,3,25981479507,2502412,0
25.9865,3,25984008919,2502412,0
25.987,1,25986878331,73000,1
25.987,2,25986878331,73000,1
25.9895,3,25986949331,2502412,0
25.992,1,25989497337,2502412,0
25.9921,4,25992054343,73000,1
25.9947,1,25992152343,2502412,0
25.9972,2,25994682349,2502412,0
25.9997,3,25997212355,2502412,0
26.0023,3,25999786767,2502412,0
26.0051,1,26002640779,2502412,0
26.0102,2,26007727791,2502412,0
26.0128,3,26010302797,2502412,0
26.0153,1,26012832803,2502412,0
26.0179,2,26015389809,2502412,0
26.0207,2,26018241815,2502412,0
26.0258,2,26023328827,2502412,0
26.0284,3,26025858833,2502412,0
26.0285,2,26028406839,73000,1
26.0285,1,26028406839,73000,1
26.0311,3,26028549839,2502412,0
26.0312,2,26031079845,73000,1
26.0337,3,26031240845,2502412,0
26.0363,3,26033779257,2502412,0
26.0414,3,26038857269,2502412,0
26.0439,1,26041396275,2502412,0
26.0465,1,26043961687,2502412,0
26.049,1,26046500099,2502412,0
26.0491,2,26049030105,73000,1
26.0516,3,26049137105,2502412,0
26.0545,3,26051991117,2502412,0
26.057,1,26054530123,2502412,0
26.0596,3,26057069129,2502412,0
26.0647,1,26062165141,2502412,0
26.0673,3,26064758147,2502412,0
26.0698,1,26067306153,2502412,0
26.0723,1,26069835565,2502412,0
26.0774,3,26074922577,2502412,0
26.08,2,26077461583,2502412,0
26.0801,2,26079999995,73000,1
26.0801,3,26080000589,73000,1
26.0826,1,26080089589,2502412,0
26.0851,1,26082619001,2502412,0
26.0905,1,26088028013,2502412,0
26.0931,1,26090575425,2502412,0
26.0957,1,26093176837,2502412,0
26.1008,2,26098281849,2502412,0
26.1036,1,26101126861,2502412,0
26.1062,3,26103656867,2502412,0
26.1088,3,26108743879,73000,1
26.1088,2,26108743879,73000,1
26.109,3,26108895879,73000,1
26.109,1,26108895879,73000,1
26.1091,2,26108993879,73000,1
26.1116,2,26109082879,2502412,0
26.1141,2,26111612291,2502412,0
26.1193,1,26116753303,2502412,0
26.1221,2,26119614309,2502412,0
26.1247,1,26122180315,2502412,0
26.1248,2,26124710321,73000,1
26.1273,3,26124790321,2502412,0
26.1299,2,26127383327,2502412,0
26.1324,1,26129922333,2502412,0
26.1325,2,26132452339,73000,1
26.1325,3,26132452339,73000,1
26.135,3,26132532339,2502412,0
26.1376,3,26135070751,2502412,0
26.1402,3,26137654163,2502412,0
26.1403,1,26140193169,73000,1
26.1454,2,26142850175,2502412,0
26.1479,3,26145398181,2502412,0
26.1506,2,26150494193,73000,1
26.1531,3,26150574193,2502412,0
26.1556,3,26153112605,2502412,0
26.1585,3,26155966617,2502412,0
26.161,1,26158496623,2502412,0
26.1661,3,26163565635,2502412,0
26.1686,4,26166095641,2502412,0
26.1687,4,26168634053,73000,1
26.1687,2,26168634647,73000,1
26.1712,3,26168705647,2502412,0
26.1738,3,26171280059,2502412,0
26.1763,1,26173828065,2502412,0
26.1815,1,26178951077,2502412,0
26.1816,3,26181490083,73000,1
26.1816,4,26181490083,73000,1
26.1841,1,26181615083,2502412,0
26.1892,3,26186693095,2502412,0
26.1921,1,26189583003,2502412,0
26.1946,1,26192112415,2502412,0
26.1972,1,26194650827,2502412,0
26.1973,3,26197207833,73000,1
26.1974,1,26197350833,73000,1
26.1974,2,26197350833,73000,1
26.1975,4,26197466833,73000,1
26.203,1,26200490845,2502412,0
26.2055,1,26203020257,2502412,0
26.2081,3,26205550263,2502412,0
26.2106,3,26208079675,2502412,0
26.2157,1,26213229687,2502412,0
26.2183,3,26215768693,2502412,0
26.2208,1,26218298699,2502412,0
26.2262,2,26223689711,2502412,0
26.2287,1,26226237717,2502412,0
26.2313,1,26228785129,2502412,0
26.2338,3,26231315135,2502412,0
26.2389,2,26236420147,2502412,0
26.2415,1,26238959153,2502412,0
26.244,4,26241498159,2502412,0
26.2441,2,26244046165,73000,1
26.2441,3,26244046165,73000,1
26.2466,4,26244126165,2502412,0
26.2493,4,26249204177,73000,1
26.2493,1,26249204177,73000,1
26.2518,2,26249284177,2502412,0
26.2547,2,26252201189,2502412,0
26.2598,1,26257297201,2502412,0
26.2599,2,26259845207,73000,1
26.2599,3,26259845207,73000,1
26.2624,4,26259934207,2502412,0
26.265,3,26262482213,2502412,0
26.2675,3,26265011625,2502412,0
26.2702,2,26270098637,73000,1
26.2702,1,26270098637,73000,1
26.2702,3,26270169637,73000,1
26.2702,4,26270169637,73000,1
26.2754,3,26272878643,2502412,0
26.2779,3,26275444055,2502412,0
26.2805,4,26277983061,2502412,0
26.2856,3,26283061073,2502412,0
26.2881,3,26285626485,2502412,0
26.2907,1,26288156491,2502412,0
26.2932,3,26290686497,2502412,0
26.296,4,26293546909,2502412,0
26.3012,1,26298651921,2502412,0
26.304,3,26301514933,2502412,0
26.3066,4,26304071939,2502412,0
26.3091,2,26306601945,2502412,0
26.3092,4,26309140951,73000,1
26.3092,3,26309140951,73000,1
26.3117,2,26309211951,2502412,0
26.3118,2,26311750363,73000,1
26.3118,1,26311750957,73000,1
26.3143,4,26311830957,2502412,0
26.3169,4,26314396369,2502412,0
26.3194,1,26316944375,2502412,0
26.3246,1,26322049387,2502412,0
26.3274,2,26324892393,2502412,0
26.33,3,26327449399,2502412,0
26.3325,4,26329979405,2502412,0
26.335,1,26332536411,2502412,0
26.3401,2,26337605423,2502412,0
26.3427,3,26340153429,2502412,0
26.3452,4,26342692435,2502412,0
26.3477,2,26345240441,2502412,0
26.3503,3,26347788447,2502412,0
26.3531,1,26350624459,2502412,0
26.3582,4,26355747471,2502412,0
26.3584,4,26358285883,73000,1
26.3584,1,26358286477,73000,1
26.3584,2,26358286477,73000,1
26.3609,3,26358366477,2502412,0
26.3634,3,26360913889,2502412,0
26.366,3,26363452301,2502412,0
26.3711,4,26368557313,2502412,0
26.3736,3,26371123319,2502412,0
26.3762,4,26373680325,2502412,0
26.3787,1,26376219331,2502412,0
26.3814,4,26381306343,73000,1
26.3814,2,26381306343,73000,1
26.3839,4,26381395343,2502412,0
26.3864,3,26383925349,2502412,0
26.389,1,26386464355,2502412,0
26.3915,1,26389011767,2502412,0
26.3969,1,26394411779,2502412,0
26.3995,4,26396977785,2502412,0
26.402,3,26399507791,2502412,0
26.4049,2,26402370803,2502412,0
26.405,4,26404918809,73000,1
26.4075,1,26405007809,2502412,0
26.4101,1,26407564221,2502412,0
26.4102,2,26410094227,73000,1
26.4102,3,26410094227,73000,1
26.4127,3,26410183227,2502412,0
26.4128,3,26412721639,73000,1
26.4128,2,26412722233,73000,1
26.4153,1,26412793233,2502412,0
26.4154,4,26415332239,73000,1
26.418,1,26415466239,2502412,0
26.4206,1,26418049651,2502412,0
26.4256,1,26423127663,2502412,0
26.4285,1,26426006669,2502412,0
26.431,3,26428545675,2502412,0
26.4336,3,26431084087,2502412,0
26.4387,3,26436207099,2502412,0
26.4412,1,26438746105,2502412,0
26.4438,1,26441302517,2502412,0
26.4463,1,26443831929,2502412,0
26.4514,3,26448936941,2502412,0
26.454,3,26451466353,2502412,0
26.4568,4,26454302365,2502412,0
26.4569,1,26456832371,73000,1
26.4569,2,26456832371,73000,1
26.4594,4,26456903371,2502412,0
26.4619,2,26459442377,2502412,0
26.467,4,26464520389,2502412,0
26.4696,3,26467050395,2502412,0
26.4721,2,26469589401,2502412,0
26.4746,3,26472128407,2502412,0
26.4772,4,26474703413,2502412,0
26.4798,2,26477260419,2502412,0
26.4823,4,26479790425,2502412,0
26.4874,3,26484850437,2502412,0
26.4899,1,26487389443,2502412,0
26.4924,3,26489946449,2502412,0
26.495,4,26492485455,2502412,0
26.4975,1,26495042461,2502412,0
26.5004,2,26497884873,2502412,0
26.5029,2,26500423285,2502412,0
26.5034,3,26503277297,73000,1
26.5059,2,26503348297,2502412,0
26.5084,4,26505896303,2502412,0
26.511,4,26508452715,2502412,0
26.5111,3,26510991721,73000,1
26.5111,1,26510991721,73000,1
26.5112,2,26511107721,73000,1
26.5112,3,26511107721,73000,1
26.5113,1,26511196721,73000,1
26.5113,4,26511196721,73000,1
26.5139,4,26511375721,2502412,0
26.519,4,26516507733,2502412,0
26.5241,2,26521594745,2502412,0
26.5242,4,26524124751,73000,1
26.5242,3,26524124751,73000,1
26.5267,2,26524204751,2502412,0
26.5321,1,26529640169,2502412,0
26.5347,2,26532215175,2502412,0
26.5374,2,26537293187,73000,1
26.5374,4,26537293187,73000,1
26.5399,1,26537391187,2502412,0
26.5425,1,26539956599,2502412,0
26.545,1,26542486011,2502412,0
26.5501,4,26547555023,2502412,0
26.5529,1,26550391035,2502412,0
26.5555,1,26553010447,2502412,0
26.5556,2,26555540453,73000,1
26.5581,4,26555611453,2502412,0
26.5583,1,26558240459,73000,1
26.5584,4,26558338459,73000,1
26.5584,2,26558338459,73000,1
26.5609,4,26558427459,2502412,0
26.5635,2,26560966465,2502412,0
26.5636,2,26563495877,73000,1
26.5686,4,26566115477,2502412,0
26.5712,1,26568681483,2502412,0
26.5737,1,26571246895,2502412,0
26.5788,4,26576315907,2502412,0
26.5813,4,26578845319,2502412,0
26.5839,2,26581420325,2502412,0
26.5865,4,26583959331,2502412,0
26.589,1,26586489337,2502412,0
26.5891,4,26589019343,73000,1
26.5891,2,26589019343,73000,1
26.5916,1,26589135343,2502412,0
26.5942,2,26591692349,2502412,0
26.5943,2,26594221761,73000,1
26.5943,4,26594222355,73000,1
26.5968,1,26594302355,2502412,0
26.6022,3,26599711367,2502412,0
26.6023,1,26602259373,73000,1
26.6048,2,26602330373,2502412,0
26.6053,2,26605220385,73000,1
26.6053,3,26605220385,73000,1
26.608,1,26607884391,73000,1
26.608,2,26607884391,73000,1
26.6081,3,26608018391,73000,1
26.6106,3,26608143391,2502412,0
26.6157,4,26613230403,2502412,0
26.6183,3,26615769409,2502412,0
26.6208,2,26618308415,2502412,0
26.6209,2,26620855827,73000,1
26.6209,4,26620856421,73000,1
26.626,3,26623502427,2502412,0
26.6286,3,26626076839,2502412,0
26.634,2,26631476257,2502412,0
26.6366,2,26634068669,2502412,0
26.6391,3,26636598675,2502412,0
26.6442,1,26641667687,2502412,0
26.6467,4,26644206693,2502412,0
26.6468,1,26646745699,73000,1
26.6468,3,26646745699,73000,1
26.6493,1,26646825699,2502412,0
26.6494,1,26649373111,73000,1
26.6494,2,26649373705,73000,1
26.6548,4,26652298717,2502412,0
26.6574,4,26654864129,2502412,0
26.6599,1,26657439135,2502412,0
26.6625,2,26659969141,2502412,0
26.6626,3,26662508147,73000,1
26.6651,4,26662579147,2502412,0
26.6676,3,26665136153,2502412,0
26.6702,2,26667684159,2502412,0
26.6727,4,26670214165,2502412,0
26.6752,1,26672744171,2502412,0
26.6778,4,26675274177,2502412,0
26.6803,3,26677831183,2502412,0
26.6854,4,26682909195,2502412,0
26.6855,3,26685457201,73000,1
26.6855,2,26685457201,73000,1
26.688,1,26685528201,2502412,0
26.6906,4,26688067207,2502412,0
26.6908,4,26690677619,73000,1
26.6908,1,26690678213,73000,1
26.6933,1,26690776213,2502412,0
26.6958,2,26693324219,2502412,0
26.6984,2,26695880631,2502412,0
26.6985,1,26698428637,73000,1
26.6985,4,26698428637,73000,1
26.7042,3,26701674855,2502412,0
26.7067,2,26704222861,2502412,0
26.7093,3,26706761867,2502412,0
26.7119,3,26711866879,73000,1
26.7119,1,26711866879,73000,1
26.7145,4,26711973879,2502412,0
26.717,4,26714503291,2502412,0
26.7195,2,26717033297,2502412,0
26.7221,4,26719563303,2502412,0
26.7222,4,26722119715,73000,1
26.7222,3,26722120309,73000,1
26.7247,2,26722218309,2502412,0
26.7273,2,26724747721,2502412,0
26.7298,2,26727304133,2502412,0
26.7325,2,26732472145,73000,1
26.7325,1,26732472145,73000,1
26.7351,4,26732552145,2502412,0
26.7405,4,26737970157,2502412,0
26.7406,4,26740562569,73000,1
26.7406,3,26740563163,73000,1
26.7458,2,26743254169,2502412,0
26.7485,2,26748377181,73000,1
26.7485,4,26748377181,73000,1
26.7564,1,26753922199,2502412,0
26.7592,1,26759099211,73000,1
26.7592,2,26759099211,73000,1
26.7645,1,26764391629,73000,1
26.767,3,26764471629,2502412,0
26.7695,3,26767028041,2502412,0
26.7696,4,26769576047,73000,1
26.7722,3,26769656047,2502412,0
26.7747,3,26772203459,2502412,0
26.7773,3,26774759871,2502412,0
26.7798,3,26777298283,2502412,0
26.7849,2,26782421295,2502412,0
26.7875,3,26784951301,2502412,0
26.7926,2,26790101313,2502412,0
26.7952,3,26792649319,2502412,0
26.8002,2,26797727331,2502412,0
26.8028,3,26800257337,2502412,0
26.8056,2,26803111349,2502412,0
26.8085,2,26805971761,2502412,0
26.811,1,26808519767,2502412,0
26.8161,1,26813579779,2502412,0
26.8162,1,26816118191,73000,1
26.8162,3,26816118785,73000,1
26.8187,3,26816191785,2502412,0
26.8212,2,26818721791,2502412,0
26.8238,2,26821260203,2502412,0
26.8264,3,26823853209,2502412,0
26.8315,2,26828967221,2502412,0
26.834,3,26831533227,2502412,0
26.8366,3,26834062639,2502412,0
26.8394,1,26836905645,2502412,0
26.842,3,26839453651,2502412,0
26.847,1,26844513663,2502412,0
26.8495,1,26847043075,2502412,0
26.8521,2,26849591081,2502412,0
26.8522,3,26852130087,73000,1
26.8523,2,26852210087,73000,1
26.8523,3,26852210087,73000,1
26.8524,1,26852299087,73000,1
26.8579,1,26855388099,2502412,0
26.8605,1,26860466111,73000,1
26.8605,2,26860466111,73000,1
26.863,3,26860537111,2502412,0
26.8656,4,26863076117,2502412,0
26.8657,3,26865633123,73000,1
26.8683,1,26865749123,2502412,0
26.8708,1,26868287535,2502412,0
26.8733,4,26870844541,2502412,0
26.8734,1,26873374547,73000,1
26.876,3,26873454547,2502412,0
26.8785,1,26876011553,2502412,0
26.881,3,26878541559,2502412,0
26.8861,4,26883646571,2502412,0
26.8887,1,26886185577,2502412,0
26.8912,3,26888715583,2502412,0
26.8914,2,26891317589,73000,1
26.8939,4,26891406589,2502412,0
26.894,4,26893945001,73000,1
26.894,3,26893945595,73000,1
26.8965,1,26894016595,2502412,0
26.8991,1,26896582007,2502412,0
26.9045,4,26901966025,2502412,0
26.907,4,26904531437,2502412,0
26.9099,3,26907373849,2502412,0
26.9125,1,26909948855,2502412,0
26.9175,3,26915008867,2502412,0
26.92,4,26917538873,2502412,0
26.9226,3,26920077879,2502412,0
26.9251,1,26922634885,2502412,0
26.9277,4,26925200891,2502412,0
26.9302,3,26927730897,2502412,0
26.9329,4,26932790909,73000,1
26.9329,1,26932790909,73000,1
26.9329,3,26932861909,73000,1
26.9329,1,26932863909,73000,1
26.9381,3,26935608915,2502412,0
26.941,4,26938460921,2502412,0
26.9435,3,26941008927,2502412,0
26.9461,1,26943547933,2502412,0
26.9511,3,26948634945,2502412,0
26.954,4,26951479957,2502412,0
26.9565,1,26954009963,2502412,0
26.9566,1,26956557375,73000,1
26.9566,4,26956557969,73000,1
26.9568,3,26956682969,73000,1
26.9593,2,26956843969,2502412,0
26.962,1,26961939981,73000,1
26.962,4,26961939981,73000,1
26.9645,2,26962037981,2502412,0
26.9646,2,26964567393,73000,1
26.9646,1,26964567987,73000,1
26.9697,4,26967204993,2502412,0
26.9722,3,26969743999,2502412,0
26.9748,4,26972292005,2502412,0
26.9773,4,26974830417,2502412,0
26.9775,2,26977378423,73000,1
26.98,3,26977476423,2502412,0
26.9825,4,26980024429,2502412,0
26.9851,4,26982553841,2502412,0
26.9876,3,26985119847,2502412,0
26.9927,4,26990197859,2502412,0
26.9953,3,26992817865,2502412,0
26.998,4,26997904877,73000,1
26.998,2,26997904877,73000,1
27.0005,3,26998002877,2502412,0
27.003,3,27000532289,2502412,0
27.0085,3,27005961307,2502412,0
27.0089,3,27008812719,73000,1
27.0089,4,27008812719,73000,1
27.0114,2,27008892719,2502412,0
27.0165,2,27014015731,2502412,0
27.0191,1,27016572737,2502412,0
27.0192,2,27019111743,73000,1
27.0192,3,27019111743,73000,1
27.0243,1,27021802749,2502412,0
27.0268,1,27024332161,2502412,0
27.0319,1,27029446173,2502412,0
27.0345,2,27032030179,2502412,0
27.0346,2,27034559591,73000,1
27.0346,3,27034560185,73000,1
27.0372,1,27034676185,2502412,0
27.0397,4,27037206191,2502412,0
27.0451,4,27042623609,2502412,0
27.0477,2,27045162615,2502412,0
27.0502,1,27047719621,2502412,0
27.0531,2,27050564633,2502412,0
27.0556,2,27053094045,2502412,0
27.0583,2,27058181057,73000,1
27.0583,4,27058181057,73000,1
27.0608,2,27058254057,2502412,0
27.0633,1,27060829063,2502412,0
27.0659,2,27063395069,2502412,0
27.071,1,27068509081,2502412,0
27.0735,2,27071039087,2502412,0
27.0761,4,27073605093,2502412,0
27.0812,1,27078728105,2502412,0
27.0813,4,27081267111,73000,1
27.0813,2,27081267111,73000,1
27.0864,1,27083904117,2502412,0
27.0889,1,27086442529,2502412,0
27.0915,1,27088989941,2502412,0
27.0916,4,27091555947,73000,1
27.0916,2,27091555947,73000,1
27.0967,4,27094183953,2502412,0
27.0993,1,27096758959,2502412,0
27.1018,2,27099306965,2502412,0
27.1019,4,27101836971,73000,1
27.1073,1,27104761983,2502412,0
27.1098,1,27107309395,2502412,0
27.1099,2,27109839401,73000,1
27.1099,3,27109839401,73000,1
27.1099,4,27109839401,73000,1
27.1153,1,27112816407,2502412,0
27.1179,1,27115426819,2502412,0
27.1181,2,27117983825,73000,1
27.1206,1,27118099825,2502412,0
27.1232,1,27120656237,2502412,0
27.1282,1,27125734249,2502412,0
27.1308,4,27128336255,2502412,0
27.1359,2,27133405267,2502412,0
27.1384,1,27135935273,2502412,0
27.1385,1,27138473685,73000,1
27.1385,4,27138474279,73000,1
27.141,2,27138545279,2502412,0
27.1412,2,27141119691,73000,1
27.1437,4,27141209285,2502412,0
27.1442,1,27144151291,73000,1
27.1467,2,27144222291,2502412,0
27.1493,4,27146752297,2502412,0
27.1518,4,27149335709,2502412,0
27.1519,4,27151865121,73000,1
27.1548,2,27152251721,2502412,0
27.1599,2,27157374733,2502412,0
27.1624,2,27159904145,2502412,0
27.1676,4,27165054157,2502412,0
27.1701,2,27167611163,2502412,0
27.1726,3,27170141169,2502412,0
27.1728,3,27172688581,73000,1
27.1753,2,27172778175,2502412,0
27.1754,4,27175326181,73000,1
27.1754,3,27175326181,73000,1
27.1755,1,27175397181,73000,1
27.1755,4,27175399181,73000,1
27.178,4,27175472181,2502412,0
27.1805,2,27178020187,2502412,0
27.1806,4,27180559193,73000,1
27.1832,4,27180675193,2502412,0
27.1858,2,27183259199,2502412,0
27.1908,4,27188346211,2502412,0
27.1934,3,27190876217,2502412,0
27.1959,2,27193406223,2502412,0
27.1985,4,27195963229,2502412,0
27.201,2,27198493235,2502412,0
27.2035,4,27201023241,2502412,0
27.2089,3,27206434259,2502412,0
27.2115,2,27209000265,2502412,0
27.2141,4,27211557271,2502412,0
27.2169,3,27214408683,2502412,0
27.2196,3,27219486695,73000,1
27.2196,2,27219486695,73000,1
27.2221,4,27219629695,2502412,0
27.2223,4,27222186107,73000,1
27.2248,2,27222320701,2502412,0
27.2274,2,27224859113,2502412,0
27.2324,2,27229928125,2502412,0
27.235,3,27232476131,2502412,0
27.2376,4,27235051137,2502412,0
27.2377,2,27237590143,73000,1
27.2402,4,27237679143,2502412,0
27.2427,3,27240218149,2502412,0
27.2453,2,27242793155,2502412,0
27.2507,4,27248193167,2502412,0
27.2535,3,27251047179,2502412,0
27.2561,1,27253577185,2502412,0
27.2586,2,27256125191,2502412,0
27.2612,4,27258655197,2502412,0
27.2663,1,27263760209,2502412,0
27.2688,3,27266290215,2502412,0
27.2713,1,27268829221,2502412,0
27.2714,1,27271367633,73000,1
27.2714,4,27271368227,73000,1
27.2714,2,27271368227,73000,1
27.2766,3,27274050233,2502412,0
27.2791,3,27276579645,2502412,0
27.2816,2,27279127651,2502412,0
27.2842,2,27281666063,2502412,0
27.2893,2,27286771075,2502412,0
27.2918,3,27289301081,2502412,0
27.2944,2,27291849087,2502412,0
27.2969,1,27294379093,2502412,0
27.2994,4,27296918099,2502412,0
27.2996,4,27299483511,73000,1
27.3021,2,27299564105,2502412,0
27.3046,1,27302094111,2502412,0
27.3074,3,27304930123,2502412,0
27.31,2,27307460129,2502412,0
27.3125,4,27309990135,2502412,0
27.3126,2,27312547141,73000,1
27.3126,1,27312547141,73000,1
27.3151,4,27312618141,2502412,0
27.3177,3,27315148147,2502412,0
27.3205,1,27317999559,2502412,0
27.3256,3,27323068571,2502412,0
27.3281,3,27325633983,2502412,0
27.3307,1,27328163989,2502412,0
27.3332,2,27330693995,2502412,0
27.3357,4,27333242001,2502412,0
27.3359,4,27335798413,73000,1
27.3359,3,27335799007,73000,1
27.3384,2,27335897007,2502412,0
27.3409,1,27338436013,2502412,0
27.341,3,27340966019,73000,1
27.3436,4,27341073019,2502412,0
27.3437,1,27343648025,73000,1
27.3437,2,27343648025,73000,1
27.3463,2,27343764025,2502412,0
27.3488,1,27346303031,2502412,0
27.3492,4,27349155037,73000,1
27.3517,1,27349235037,2502412,0
27.3543,4,27351765043,2502412,0
27.3571,2,27354610055,2502412,0
27.3597,2,27357148467,2502412,0
27.3622,2,27359677879,2502412,0
27.3673,4,27364791891,2502412,0
27.3674,2,27367330897,73000,1
27.3674,1,27367330897,73000,1
27.3699,3,27367428897,2502412,0
27.37,3,27369976309,73000,1
27.37,2,27369976903,73000,1
27.3702,4,27370092903,73000,1
27.3702,3,27370092903,73000,1
27.3753,1,27372756909,2502412,0
27.3778,2,27375322915,2502412,0
27.3829,1,27380427927,2502412,0
27.3855,2,27383002933,2502412,0
27.3906,4,27388080945,2502412,0
27.3931,1,27390637951,2502412,0
27.3933,2,27393221957,73000,1
27.3958,2,27393294957,2502412,0
27.3959,1,27395851963,73000,1
27.3959,4,27395851963,73000,1
27.3984,2,27395922963,2502412,0
27.401,4,27398452969,2502412,0
27.4038,3,27401297981,2502412,0
27.4039,2,27403845987,73000,1
27.4064,1,27403925987,2502412,0
27.409,4,27406464993,2502412,0
27.4115,1,27409021999,2502412,0
27.4141,1,27411578411,2502412,0
27.4142,1,27414107823,73000,1
27.4142,3,27414108417,73000,1
27.4143,4,27414197417,73000,1
27.4194,1,27416888423,2502412,0
27.4222,2,27419739835,2502412,0
27.4248,4,27422278841,2502412,0
27.4299,1,27427392853,2502412,0
27.4324,2,27429922859,2502412,0
27.435,2,27432452271,2502412,0
27.4351,1,27434991277,73000,1
27.4351,3,27434991277,73000,1
27.4376,4,27435080277,2502412,0
27.4401,1,27437628283,2502412,0
27.4402,4,27440167289,73000,1
27.4403,1,27440247289,73000,1
27.4403,2,27440247289,73000,1
27.4429,1,27440372289,2502412,0
27.443,1,27442973701,73000,1
27.4455,2,27443045295,2502412,0
27.4481,1,27445593301,2502412,0
27.4507,2,27448177307,2502412,0
27.4511,1,27451020313,73000,1
27.4511,4,27451020313,73000,1
27.4565,2,27453990325,2502412,0
27.4567,2,27456591737,73000,1
27.4592,3,27456699331,2502412,0
27.4617,1,27459229337,2502412,0
27.4668,2,27464334349,2502412,0
27.4694,3,27466864355,2502412,0
27.4719,3,27469420767,2502412,0
27.4745,1,27471950773,2502412,0
27.477,2,27474480779,2502412,0
27.4771,2,27477019191,73000,1
27.4771,1,27477019785,73000,1
27.4796,3,27477126785,2502412,0
27.4822,3,27479656197,2502412,0
27.4847,1,27482204203,2502412,0
27.4873,1,27484760615,2502412,0
27.4898,2,27487299621,2502412,0
27.4899,4,27489829627,73000,1
27.4924,3,27489945627,2502412,0
27.495,3,27492520039,2502412,0
27.4951,2,27495050045,73000,1
27.4951,1,27495050045,73000,1
27.5002,3,27497687051,2502412,0
27.503,3,27500541063,2502412,0
27.5032,2,27503125069,73000,1
27.5057,3,27503196069,2502412,0
27.5058,1,27505762075,73000,1
27.5058,2,27505762075,73000,1
27.5109,3,27508426081,2502412,0
27.5161,3,27513603093,2502412,0
27.5187,4,27516151099,2502412,0
27.5212,3,27518681105,2502412,0
27.5266,3,27524053523,2502412,0
27.5291,4,27526583529,2502412,0
27.5293,3,27529203535,73000,1
27.5318,4,27529310535,2502412,0
27.5369,1,27534442547,2502412,0
27.5395,3,27536990553,2502412,0
27.542,2,27539520559,2502412,0
27.5446,4,27542050565,2502412,0
27.5471,3,27544580571,2502412,0
27.5472,1,27547110577,73000,1
27.5497,4,27547190577,2502412,0
27.5522,2,27549729583,2502412,0
27.5554,4,27552887595,2502412,0
27.558,2,27555462601,2502412,0
27.5605,4,27557992607,2502412,0
27.563,3,27560531613,2502412,0
27.5681,1,27565600625,2502412,0
27.5683,3,27568184631,73000,1
27.5683,2,27568184631,73000,1
27.5684,1,27568282631,73000,1
27.5684,4,27568282631,73000,1
27.5734,1,27570928637,2502412,0
27.5786,2,27576078649,2502412,0
27.5811,1,27578626655,2502412,0
27.5837,1,27581174067,2502412,0
27.5838,3,27583704073,73000,1
27.5838,4,27583704073,73000,1
27.5863,1,27583775073,2502412,0
27.5864,1,27586304485,73000,1
27.5889,1,27586385079,2502412,0
27.5914,2,27588924085,2502412,0
27.594,3,27591481091,2502412,0
27.5965,4,27594029097,2502412,0
27.5967,2,27596577103,73000,1
27.5967,1,27596577103,73000,1
27.6017,3,27599196109,2502412,0
27.6018,3,27601734521,73000,1
27.6043,2,27601815115,2502412,0
27.6072,4,27604651127,2502412,0
27.6097,4,27607189539,2502412,0
27.6123,4,27609763951,2502412,0
27.6124,2,27612293957,73000,1
27.6124,3,27612293957,73000,1
27.615,1,27612463957,2502412,0
27.6175,4,27615011963,2502412,0
27.6226,1,27620116975,2502412,0
27.6227,1,27622655387,73000,1
27.6227,4,27622655981,73000,1
27.6228,2,27622753981,73000,1
27.6228,1,27622753981,73000,1
27.6283,4,27625785009,2502412,0
27.6334,3,27630863021,2502412,0
27.6359,3,27633410433,2502412,0
27.641,4,27638506445,2502412,0
27.6411,4,27641053857,73000,1
27.6411,3,27641054451,73000,1
27.6462,2,27643718457,2502412,0
27.6488,3,27646257463,2502412,0
27.6513,2,27648787469,2502412,0
27.6542,3,27651668481,2502412,0
27.6571,2,27654557003,2502412,0
27.6596,4,27657123009,2502412,0
27.6622,1,27659662015,2502412,0
27.6647,3,27662201021,2502412,0
27.6672,2,27664731027,2502412,0
27.6723,3,27669809039,2502412,0
27.6749,1,27672357045,2502412,0
27.6774,4,27674914051,2502412,0
27.68,2,27677462057,2502412,0
27.6851,3,27682558069,2502412,0
27.6876,2,27685088075,2502412,0
27.6901,1,27687618081,2502412,0
27.6927,4,27690175087,2502412,0
27.6952,1,27692714093,2502412,0
27.6978,2,27695262099,2502412,0
27.7031,3,27700637117,2502412,0
27.7057,1,27703185123,2502412,0
27.7082,2,27705733129,2502412,0
27.7108,4,27708272135,2502412,0
27.7133,4,27710828547,2502412,0
27.7159,3,27713358553,2502412,0
27.7184,2,27715906559,2502412,0
27.7185,1,27718436565,73000,1
27.721,4,27718507565,2502412,0
27.7236,3,27721055571,2502412,0
27.7261,2,27723612577,2502412,0
27.729,4,27726454989,2502412,0
27.7315,3,27729011995,2502412,0
27.7317,4,27731587001,73000,1
27.7342,2,27731676001,2502412,0
27.7367,4,27734206007,2502412,0
27.7368,2,27736754013,73000,1
27.7368,3,27736754013,73000,1
27.7393,1,27736834013,2502412,0
27.742,1,27741948025,73000,1
27.742,4,27741948025,73000,1
27.7445,2,27742028025,2502412,0
27.7471,1,27744567031,2502412,0
27.7472,1,27747105443,73000,1
27.7472,3,27747106037,73000,1
27.7497,2,27747186037,2502412,0
27.7522,2,27749715449,2502412,0
27.7551,4,27752578461,2502412,0
27.7581,4,27758004879,73000,1
27.7581,2,27758004879,73000,1
27.7607,2,27758156879,2502412,0
27.7632,1,27760686885,2502412,0
27.7658,1,27765764897,73000,1
27.7658,4,27765764897,73000,1
27.7683,2,27765835897,2502412,0
27.7709,4,27768428903,2502412,0
27.776,2,27773515915,2502412,0
27.7786,4,27776117921,2502412,0
27.7837,1,27781186933,2502412,0
27.7838,2,27783725939,73000,1
27.7838,3,27783725939,73000,1
27.7864,1,27783850939,2502412,0
27.7865,2,27786389945,73000,1
27.7865,4,27786389945,73000,1
27.789,1,27786523945,2502412,0
27.7942,1,27791655957,2502412,0
27.7967,4,27794203963,2502412,0
27.8018,4,27799281975,2502412,0
27.8022,4,27802144987,73000,1
27.8022,1,27802144987,73000,1
27.8048,3,27802251987,2502412,0
27.8098,4,27807311999,2502412,0
27.8124,3,27809860005,2502412,0
27.815,4,27812462011,2502412,0
27.8151,3,27815001017,73000,1
27.8176,1,27815090017,2502412,0
27.8177,4,27817620023,73000,1
27.8177,2,27817620023,73000,1
27.8202,3,27817691023,2502412,0
27.8227,1,27820221029,2502412,0
27.8279,3,27825362041,2502412,0
27.8307,1,27828222453,2502412,0
27.8359,3,27833354465,2502412,0
27.8384,4,27835893471,2502412,0
27.8409,1,27838441477,2502412,0
27.8435,1,27840997889,2502412,0
27.8486,3,27846066901,2502412,0
27.8487,3,27848614313,73000,1
27.8487,1,27848614907,73000,1
27.8512,4,27848703907,2502412,0
27.8537,3,27851242913,2502412,0
27.8592,3,27856671931,2502412,0
27.862,1,27859514937,2502412,0
27.8645,4,27862044943,2502412,0
27.8671,4,27864601355,2502412,0
27.8697,4,27867148767,2502412,0
27.8698,3,27869687773,73000,1
27.8723,1,27869794773,2502412,0
27.8748,4,27872342779,2502412,0
27.8774,1,27874917785,2502412,0
27.88,3,27877447791,2502412,0
27.8801,4,27879977797,73000,1
27.8826,3,27880111797,2502412,0
27.8852,1,27882659803,2502412,0
27.8877,4,27885198809,2502412,0
27.8902,2,27887728815,2502412,0
27.8953,3,27892824827,2502412,0
27.8979,4,27895354833,2502412,0
27.9004,4,27897884245,2502412,0
27.9032,1,27900747257,2502412,0
27.9058,2,27903286263,2502412,0
27.9083,4,27905816269,2502412,0
27.9084,1,27908346275,73000,1
27.9109,3,27908417275,2502412,0
27.9135,2,27910974281,2502412,0
27.9161,4,27913558287,2502412,0
27.9162,4,27916087699,73000,1
27.9162,3,27916088293,73000,1
27.9163,3,27916195293,73000,1
27.9188,2,27916266293,2502412,0
27.9213,1,27918823299,2502412,0
27.9239,1,27921361711,2502412,0
27.9264,2,27923909717,2502412,0
27.9315,4,27929005729,2502412,0
27.9344,2,27931893141,2502412,0
27.9369,1,27934423147,2502412,0
27.942,1,27939537159,2502412,0
27.9446,4,27942067165,2502412,0
27.9471,2,27944633171,2502412,0
27.9497,1,27947181177,2502412,0
27.9548,4,27952259189,2502412,0
27.9576,1,27955140201,2502412,0
27.9602,4,27957670207,2502412,0
27.9627,2,27960200213,2502412,0
27.9655,2,27963043219,2502412,0
27.9681,2,27965599631,2502412,0
27.9682,4,27968129637,73000,1
27.9707,3,27968209637,2502412,0
27.9733,1,27970748643,2502412,0
27.9758,2,27973278649,2502412,0
27.9783,1,27975826655,2502412,0
27.9809,3,27978356661,2502412,0
27.9834,2,27980904667,2502412,0
27.986,2,27983452079,2502412,0
27.9911,3,27988566091,2502412,0
27.9936,1,27991096097,2502412,0
27.9937,2,27993626103,73000,1
27.9937,4,27993626103,73000,1
27.9962,3,27993706103,2502412,0
27.9988,1,27996272109,2502412,0
27.9989,2,27998847115,73000,1
28.0014,1,27998936115,2502412,0
28.0043,3,28001781127,2502412,0
28.0068,3,28004328539,2502412,0
28.0094,3,28006902951,2502412,0
28.0145,1,28011971963,2502412,0
28.017,3,28014537969,2502412,0
28.0172,3,28017103381,73000,1
28.0172,1,28017103975,73000,1
28.0172,2,28017103975,73000,1
28.0222,1,28019740981,2502412,0
28.0248,4,28022288987,2502412,0
28.0273,4,28024818399,2502412,0
28.0299,1,28027357405,2502412,0
28.03,1,28029904817,73000,1
28.03,4,28029905411,73000,1
28.0301,4,28029994411,73000,1
28.0327,3,28030164411,2502412,0
28.0381,3,28035608829,2502412,0
28.0407,1,28038147835,2502412,0
28.0458,3,28043261847,2502412,0
28.0483,2,28045818853,2502412,0
28.0509,4,28048348859,2502412,0
28.0562,1,28053723877,2502412,0
28.0588,3,28056307883,2502412,0
28.0613,4,28058837889,2502412,0
28.0615,1,28061385895,73000,1
28.064,2,28061456895,2502412,0
28.0668,3,28064308901,2502412,0
28.0694,2,28066856907,2502412,0
28.0695,3,28069431913,73000,1
28.0695,4,28069431913,73000,1
28.0721,2,28072032919,73000,1
28.0721,3,28072032919,73000,1
28.0747,1,28072157919,2502412,0
28.0772,4,28074723925,2502412,0
28.0823,2,28079801937,2502412,0
28.0849,1,28082385943,2502412,0
28.0874,4,28084924949,2502412,0
28.0875,2,28087454955,73000,1
28.0875,3,28087454955,73000,1
28.0876,2,28087527955,73000,1
28.0902,2,28087661955,2502412,0
28.0927,1,28090218961,2502412,0
28.0953,4,28092757967,2502412,0
28.0954,2,28095287973,73000,1
28.0979,4,28095367973,2502412,0
28.1004,1,28097906979,2502412,0
28.1033,4,28100751991,2502412,0
28.1034,1,28103299997,73000,1
28.1034,3,28103299997,73000,1
28.1059,4,28103370997,2502412,0
28.1085,4,28108449009,73000,1
28.1085,1,28108449009,73000,1
28.1111,1,28108574009,2502412,0
28.1112,1,28111166421,73000,1
28.1137,2,28111238015,2502412,0
28.1163,2,28113785427,2502412,0
28.1188,1,28116315433,2502412,0
28.1189,1,28118853845,73000,1
28.1189,2,28118854439,73000,1
28.124,4,28121500445,2502412,0
28.1266,2,28124048451,2502412,0
28.1291,4,28126587457,2502412,0
28.1292,4,28129134869,73000,1
28.1292,2,28129135463,73000,1
28.1343,4,28131808469,2502412,0
28.1369,1,28134365475,2502412,0
28.1373,2,28137252887,73000,1
28.1374,1,28137359887,73000,1
28.1374,4,28137359887,73000,1
28.1376,2,28137484887,73000,1
28.1427,1,28140220893,2502412,0
28.1478,4,28145289905,2502412,0
28.1504,4,28147864317,2502412,0
28.1532,2,28150709329,2502412,0
28.1583,2,28155778341,2502412,0
28.1608,1,28158308347,2502412,0
28.1634,1,28160864759,2502412,0
28.1659,2,28163412765,2502412,0
28.166,4,28165960771,73000,1
28.1661,1,28166076771,73000,1
28.1661,4,28166076771,73000,1
28.1687,2,28166174771,2502412,0
28.1715,2,28169026777,2502412,0
28.1741,1,28171556783,2502412,0
28.1792,1,28176697795,2502412,0
28.1817,2,28179227801,2502412,0
28.1843,1,28181784807,2502412,0
28.1869,1,28186844819,73000,1
28.1869,2,28186844819,73000,1
28.1894,2,28186917819,2502412,0
28.1946,2,28192085831,2502412,0
28.1971,2,28194624243,2502412,0
28.1997,2,28197153655,2502412,0
28.2022,2,28199683067,2502412,0
28.2076,1,28205094085,2502412,0
28.2101,2,28207633091,2502412,0
28.2102,1,28210172097,73000,1
28.2102,4,28210172097,73000,1
28.2128,1,28210252097,2502412,0
28.2153,2,28212800103,2502412,0
28.2204,1,28217941115,2502412,0
28.2205,1,28220470527,73000,1
28.2205,2,28220471121,73000,1
28.2231,3,28220569121,2502412,0
28.2256,1,28223117127,2502412,0
28.2307,3,28228222139,2502412,0
28.2333,4,28230770145,2502412,0
28.2358,1,28233336151,2502412,0
28.2412,3,28238727163,2502412,0
28.2438,2,28241266169,2502412,0
28.2463,3,28243796175,2502412,0
28.2488,4,28246326181,2502412,0
28.2514,1,28248892187,2502412,0
28.2542,2,28251728199,2502412,0
28.2593,4,28256806211,2502412,0
28.2619,3,28259372217,2502412,0
28.2644,1,28261920223,2502412,0
28.267,2,28264459229,2502412,0
28.2695,2,28266988641,2502412,0
28.2723,1,28269831647,2502412,0
28.2749,3,28272370653,2502412,0
28.275,3,28274900065,73000,1
28.275,4,28274900659,73000,1
28.2775,1,28274998659,2502412,0
28.28,1,28277528071,2502412,0
28.2826,2,28280085077,2502412,0
28.2851,4,28282615083,2502412,0
28.2876,4,28285144495,2502412,0
28.2902,2,28287710501,2502412,0
28.2953,1,28292788513,2502412,0
28.2978,4,28295318519,2502412,0
28.3004,1,28297848525,2502412,0
28.3029,3,28300378531,2502412,0
28.3057,1,28303214543,2502412,0
28.3083,2,28305771549,2502412,0
28.3084,2,28308318961,73000,1
28.3084,3,28308319555,73000,1
28.3109,4,28308390555,2502412,0
28.3134,3,28310920561,2502412,0
28.316,1,28313468567,2502412,0
28.3211,4,28318564579,2502412,0
28.3236,4,28321093991,2502412,0
28.3261,1,28323641997,2502412,0
28.3287,3,28326190003,2502412,0
28.3312,3,28328746415,2502412,0
28.3338,4,28331303421,2502412,0
28.3364,2,28333851427,2502412,0
28.3365,2,28336380839,73000,1
28.3365,4,28336381433,73000,1
28.3365,1,28336381433,73000,1
28.339,4,28336470433,2502412,0
28.3391,3,28339009439,73000,1
28.3391,1,28339009439,73000,1
28.3416,4,28339107439,2502412,0
28.3445,4,28341967851,2502412,0
28.3446,4,28344524263,73000,1
28.3446,3,28344524857,73000,1
28.3471,2,28344595857,2502412,0
28.3522,2,28349718869,2502412,0
28.3523,4,28352266875,73000,1
28.3548,4,28352346875,2502412,0
28.3577,4,28355209887,2502412,0
28.3602,2,28357739893,2502412,0
28.3653,1,28362826905,2502412,0
28.3654,2,28365356911,73000,1
28.3654,4,28365356911,73000,1
28.368,4,28365481911,2502412,0
28.3705,1,28368020917,2502412,0
28.3707,4,28370577923,73000,1
28.3732,2,28370648923,2502412,0
28.376,2,28373500929,2502412,0
28.3785,1,28376030935,2502412,0
28.3811,1,28378560347,2502412,0
28.3836,2,28381135353,2502412,0
28.3862,1,28383674359,2502412,0
28.3863,2,28386213365,73000,1
28.3888,3,28386329365,2502412,0
28.3914,4,28388895371,2502412,0
28.3915,4,28391424783,73000,1
28.3915,1,28391425377,73000,1
28.394,3,28391496377,2502412,0
28.3991,4,28396619389,2502412,0
28.4017,1,28399158395,2502412,0
28.4045,3,28402021407,2502412,0
28.4071,2,28404569413,2502412,0
28.4121,4,28409638425,2502412,0
28.4147,1,28412195431,2502412,0
28.4148,4,28414725437,73000,1
28.4148,2,28414725437,73000,1
28.4148,3,28414725437,73000,1
28.4199,1,28417434443,2502412,0
28.4225,3,28419964449,2502412,0
28.425,2,28422521455,2502412,0
28.4276,2,28425050867,2502412,0
28.4277,3,28427598873,73000,1
28.4278,2,28427696873,73000,1
28.4278,1,28427696873,73000,1
28.4303,1,28427785873,2502412,0
28.4328,4,28430324879,2502412,0
28.4354,4,28432854291,2502412,0
28.4405,3,28437959303,2502412,0
28.443,4,28440507309,2502412,0
28.4459,1,28443358721,2502412,0
28.446,1,28445906133,73000,1
28.446,3,28445906727,73000,1
28.4461,2,28446013727,73000,1
28.4486,4,28446084727,2502412,0
28.4512,4,28448650139,2502412,0
28.4566,3,28454097157,2502412,0
28.4567,4,28456654163,73000,1
28.4567,2,28456654163,73000,1
28.4592,1,28456725163,2502412,0
28.4644,4,28461857175,2502412,0
28.4669,3,28464387181,2502412,0
28.4694,1,28466935187,2502412,0
28.4746,3,28472058199,2502412,0
28.4774,4,28474910205,2502412,0
28.48,1,28477458211,2502412,0
28.4825,1,28479987623,2502412,0
28.4826,1,28482535035,73000,1
28.4826,4,28482535629,73000,1
28.4826,3,28482535629,73000,1
28.4851,4,28482608629,2502412,0
28.4877,4,28485246041,2502412,0
28.4929,1,28490387053,2502412,0
28.4955,4,28495456065,73000,1
28.4955,3,28495456065,73000,1
28.4981,1,28495554065,2502412,0
28.5032,1,28500659077,2502412,0
28.5036,1,28503576089,73000,1
28.5038,4,28503701089,73000,1
28.5038,1,28503701089,73000,1
28.5089,3,28506383095,2502412,0
28.509,3,28508921507,73000,1
28.5115,2,28508993101,2502412,0
28.514,2,28511522513,2502412,0
28.5166,4,28514079519,2502412,0
28.5217,1,28519193531,2502412,0
28.5218,4,28521732537,73000,1
28.5218,2,28521732537,73000,1
28.5244,3,28521848537,2502412,0
28.5294,2,28526917549,2502412,0
28.532,1,28529465555,2502412,0
28.5371,3,28534597567,2502412,0
28.5372,2,28537136573,73000,1
28.5372,4,28537136573,73000,1
28.5397,1,28537216573,2502412,0
28.5449,1,28542357585,2502412,0
28.5477,3,28545199997,2502412,0
28.5478,1,28547766003,73000,1
28.5478,2,28547766003,73000,1
28.5503,3,28547837003,2502412,0
28.5557,1,28553203021,2502412,0
28.5582,1,28555732433,2502412,0
28.5608,3,28558334439,2502412,0
28.5634,1,28560873445,2502412,0
28.5635,1,28563411857,73000,1
28.566,4,28563483451,2502412,0
28.5685,3,28566013457,2502412,0
28.5711,3,28568596869,2502412,0
28.5738,4,28573710881,73000,1
28.5738,2,28573710881,73000,1
28.5763,3,28573817881,2502412,0
28.5793,3,28579253893,73000,1
28.5793,4,28579253893,73000,1
28.5793,1,28579253893,73000,1
28.5819,3,28579378893,2502412,0
28.587,1,28584474905,2502412,0
28.5896,3,28587058911,2502412,0
28.5946,3,28592118923,2502412,0
28.5972,1,28594684929,2502412,0
28.5973,4,28597259935,73000,1
28.5974,1,28597339935,73000,1
28.5974,3,28597339935,73000,1
28.5999,2,28597446935,2502412,0
28.6025,1,28599994941,2502412,0
28.6054,2,28602937953,2502412,0
28.6056,1,28605539959,73000,1
28.6057,3,28605628959,73000,1
28.6082,2,28605726959,2502412,0
28.6134,2,28610876971,2502412,0
28.6211,1,28618556395,2502412,0
28.6236,2,28621086401,2502412,0
28.6261,2,28623615813,2502412,0
28.6286,1,28626145819,2502412,0
28.6338,1,28631277831,2502412,0
28.6363,1,28633807243,2502412,0
28.6389,2,28636355249,2502412,0
28.644,2,28641469261,2502412,0
28.6465,1,28644017267,2502412,0
28.6491,3,28646565273,2502412,0
28.6519,2,28649434685,2502412,0
28.652,2,28651964097,73000,1
28.6548,1,28652341697,2502412,0
28.6574,3,28654898703,2502412,0
28.6599,1,28657446709,2502412,0
28.6651,1,28662578721,2502412,0
28.6676,3,28665117727,2502412,0
28.6702,3,28667665139,2502412,0
28.6727,4,28670204145,2502412,0
28.6778,2,28675282157,2502412,0
28.6803,3,28677812163,2502412,0
28.6832,1,28680664169,2502412,0
28.6857,2,28683203175,2502412,0
28.6882,3,28685733181,2502412,0
28.6908,2,28688272187,2502412,0
28.6933,4,28690820193,2502412,0
28.6959,4,28693349605,2502412,0
28.7009,1,28698418617,2502412,0
28.701,2,28700966623,73000,1
28.701,3,28700966623,73000,1
28.7035,4,28701037623,2502412,0
28.7064,3,28703918635,2502412,0
28.709,1,28706448641,2502412,0
28.7115,4,28709023647,2502412,0
28.7142,4,28714110659,73000,1
28.7142,2,28714110659,73000,1
28.7167,1,28714181659,2502412,0
28.7192,3,28716729665,2502412,0
28.7218,1,28719259671,2502412,0
28.7219,1,28721798083,73000,1
28.7219,3,28721798677,73000,1
28.7271,4,28724597683,2502412,0
28.7272,4,28727136095,73000,1
28.7297,1,28727216689,2502412,0
28.7322,3,28729746695,2502412,0
28.7348,3,28732276107,2502412,0
28.7373,1,28734806113,2502412,0
28.7399,4,28737363119,2502412,0
28.745,4,28742459131,2502412,0
28.7475,3,28744989137,2502412,0
28.75,1,28747528143,2502412,0
28.7529,3,28750370555,2502412,0
28.7583,3,28755799573,2502412,0
28.7608,2,28758338579,2502412,0
28.7634,4,28760868585,2502412,0
28.7659,1,28763416591,2502412,0
28.766,4,28765955597,73000,1
28.766,3,28765955597,73000,1
28.7685,2,28766026597,2502412,0
28.7711,1,28768565603,2502412,0
28.7736,1,28771095015,2502412,0
28.7737,2,28773625021,73000,1
28.7762,4,28773741021,2502412,0
28.7788,3,28776271027,2502412,0
28.7813,4,28778810033,2502412,0
28.7842,3,28781662039,2502412,0
28.7867,1,28784201045,2502412,0
28.7893,1,28786748457,2502412,0
28.7894,3,28789314463,73000,1
28.7895,4,28789385463,73000,1
28.7895,2,28789385463,73000,1
28.792,3,28789483463,2502412,0
28.7945,1,28792040469,2502412,0
28.7971,4,28794606475,2502412,0
28.7996,2,28797145481,2502412,0
28.8023,3,28802214493,73000,1
28.8048,2,28802285493,2502412,0
28.8076,4,28805139505,2502412,0
28.8102,1,28807678511,2502412,0
28.8127,4,28810226517,2502412,0
28.8153,2,28812756523,2502412,0
28.818,2,28817879535,73000,1
28.818,4,28817879535,73000,1
28.818,1,28817879535,73000,1
28.8205,2,28817977535,2502412,0
28.823,3,28820525541,2502412,0
28.8256,2,28823055547,2502412,0
28.8307,4,28828160559,2502412,0
28.8332,2,28830690565,2502412,0
28.8333,3,28833229571,73000,1
28.8333,1,28833229571,73000,1
28.8358,1,28833327571,2502412,0
28.8409,4,28838441583,2502412,0
28.8435,2,28840971589,2502412,0
28.846,1,28843519595,2502412,0
28.8486,4,28846058601,2502412,0
28.8487,2,28848597607,73000,1
28.8487,3,28848597607,73000,1
28.8512,4,28848668607,2502412,0
28.8569,3,28854383625,2502412,0
28.857,3,28856940037,73000,1
28.857,1,28856940631,73000,1
28.8596,4,28857056631,2502412,0
28.8621,3,28859586637,2502412,0
28.8646,3,28862125049,2502412,0
28.8697,3,28867230061,2502412,0
28.8723,2,28869760067,2502412,0
28.8748,4,28872290073,2502412,0
28.8774,3,28874874079,2502412,0
28.8799,1,28877404085,2502412,0
28.8825,4,28879952091,2502412,0
28.8826,4,28882481503,73000,1
28.8851,2,28882553097,2502412,0
28.8879,2,28885405103,2502412,0
28.8905,3,28887971109,2502412,0
28.893,1,28890519115,2502412,0
28.8931,1,28893048527,73000,1
28.8931,2,28893049121,73000,1
28.8956,3,28893129121,2502412,0
28.9007,3,28898225133,2502412,0
28.9036,1,28901097145,2502412,0
28.9061,2,28903645151,2502412,0
28.9087,4,28906193157,2502412,0
28.9112,1,28908723163,2502412,0
28.9114,3,28911280169,73000,1
28.9139,4,28911351169,2502412,0
28.914,1,28913890175,73000,1
28.914,3,28913890175,73000,1
28.9165,2,28913961175,2502412,0
28.919,2,28916508587,2502412,0
28.9216,4,28919047593,2502412,0
28.9241,4,28921586005,2502412,0
28.9267,1,28924161011,2502412,0
28.9318,2,28929257023,2502412,0
28.9343,1,28931796029,2502412,0
28.9368,4,28934326035,2502412,0
28.9394,4,28936855447,2502412,0
28.9419,3,28939439453,2502412,0
28.942,4,28941969459,73000,1
28.942,1,28941969459,73000,1
28.942,2,28941969459,73000,1
28.9447,3,28944597465,73000,1
28.9447,2,28944597465,73000,1
28.9499,1,28947351471,2502412,0
28.9524,1,28949916883,2502412,0
28.9525,4,28952446889,73000,1
28.955,3,28952517889,2502412,0
28.9582,1,28955666307,2502412,0
28.9607,3,28958205313,2502412,0
28.9633,2,28960789319,2502412,0
28.9684,1,28965849331,2502412,0
28.9709,1,28968414743,2502412,0
28.9734,3,28970944749,2502412,0
28.976,1,28973492755,2502412,0
28.9761,3,28976022761,73000,1
28.9761,4,28976022761,73000,1
28.9786,2,28976093761,2502412,0
28.9811,2,28978632173,2502412,0
28.9862,2,28983692185,2502412,0
28.989,1,28986535191,2502412,0
28.9916,4,28989065197,2502412,0
28.9941,2,28991631203,2502412,0
28.9967,2,28994169615,2502412,0
28.9992,1,28996717621,2502412,0
29.0018,4,28999274627,2502412,0
29.0022,3,29002119639,73000,1
29.0047,2,29002235639,2502412,0
29.0073,1,29004774645,2502412,0
29.0098,2,29007313651,2502412,0
29.0124,1,29009852657,2502412,0
29.0149,4,29012391663,2502412,0
29.0176,4,29017496675,73000,1
29.0176,2,29017496675,73000,1
29.0201,1,29017612675,2502412,0
29.0227,4,29020187681,2502412,0
29.0253,1,29025256693,73000,1
29.0253,3,29025256693,73000,1
29.0279,3,29025354693,2502412,0
29.0304,3,29027893105,2502412,0
29.033,4,29030450111,2502412,0
29.038,2,29035546123,2502412,0
29.0406,4,29038076129,2502412,0
29.0431,3,29040633135,2502412,0
29.0458,4,29045738147,73000,1
29.0458,1,29045738147,73000,1
29.0483,2,29045827147,2502412,0
29.0509,3,29048357153,2502412,0
29.0537,4,29051202165,2502412,0
29.0562,4,29053731577,2502412,0
29.0563,4,29056269989,73000,1
29.0563,3,29056270583,73000,1
29.0617,2,29059229589,2502412,0
29.0643,4,29061795595,2502412,0
29.0669,2,29064379601,2502412,0
29.067,4,29066909607,73000,1
29.067,1,29066909607,73000,1
29.0721,2,29069564613,2502412,0
29.0746,3,29072112619,2502412,0
29.0797,3,29077235631,2502412,0
29.0823,2,29079783637,2502412,0
29.0848,2,29082331049,2502412,0
29.085,3,29084879055,73000,1
29.0875,4,29084959055,2502412,0
29.09,4,29087524467,2502412,0
29.0929,2,29090376473,2502412,0
29.0954,3,29092924479,2502412,0
29.0955,2,29095454485,73000,1
29.098,4,29095525485,2502412,0
29.1006,3,29098082491,2502412,0
29.1035,4,29100981503,2502412,0
29.1086,3,29106050515,2502412,0
29.1087,4,29108634521,73000,1
29.1087,2,29108634521,73000,1
29.1088,3,29108714521,73000,1
29.1088,4,29108714521,73000,1
29.1139,3,29111405527,2502412,0
29.1165,3,29113952939,2502412,0
29.1216,3,29119084951,2502412,0
29.1243,3,29124234963,73000,1
29.1243,4,29124234963,73000,1
29.1294,2,29126898969,2502412,0
29.1345,3,29131985981,2502412,0
29.1346,3,29134551393,73000,1
29.1346,2,29134551987,73000,1
29.1371,1,29134622987,2502412,0
29.1423,1,29139754999,2502412,0
29.1474,1,29144851011,2502412,0
29.1499,1,29147398423,2502412,0
29.1524,2,29149928429,2502412,0
29.1579,3,29155348447,2502412,0
29.1604,3,29157877859,2502412,0
29.1632,1,29160720271,2502412,0
29.1658,2,29163259277,2502412,0
29.1683,2,29165806689,2502412,0
29.1708,4,29168336695,2502412,0
29.1709,2,29170866701,73000,1
29.1734,4,29170946701,2502412,0
29.176,3,29173476707,2502412,0
29.1785,3,29176006119,2502412,0
29.1811,1,29178563125,2502412,0
29.1836,1,29181119537,2502412,0
29.1862,1,29183666949,2502412,0
29.1887,4,29186196955,2502412,0
29.1912,3,29188726961,2502412,0
29.1966,3,29194126973,2502412,0
29.1992,1,29196674979,2502412,0
29.1993,4,29199204985,73000,1
29.1993,2,29199204985,73000,1
29.2018,4,29199311985,2502412,0
29.2047,3,29202192997,2502412,0
29.2048,3,29204731409,73000,1
29.2073,1,29204812003,2502412,0
29.2098,4,29207342009,2502412,0
29.2124,2,29209908015,2502412,0
29.215,1,29212456021,2502412,0
29.2175,4,29215004027,2502412,0
29.2226,2,29220091039,2502412,0
29.2251,4,29222621045,2502412,0
29.2277,4,29225150457,2502412,0
29.2302,3,29227689463,2502412,0
29.2327,1,29230228469,2502412,0
29.2328,1,29232766881,73000,1
29.2328,3,29232767475,73000,1
29.2353,2,29232847475,2502412,0
29.2379,2,29235376887,2502412,0
29.243,4,29240472899,2502412,0
29.2455,4,29243047311,2502412,0
29.2481,2,29245595317,2502412,0
29.2506,4,29248134323,2502412,0
29.2532,2,29250664329,2502412,0
29.2562,2,29256093347,73000,1
29.2562,1,29256093347,73000,1
29.2587,3,29256173347,2502412,0
29.2612,4,29258712353,2502412,0
29.2641,2,29261554765,2502412,0
29.2642,3,29264156771,73000,1
29.2667,4,29264227771,2502412,0
29.2693,2,29266775777,2502412,0
29.2718,1,29269305783,2502412,0
29.2744,1,29271853195,2502412,0
29.2769,2,29274392201,2502412,0
29.2794,2,29276930613,2502412,0
29.2845,4,29282008625,2502412,0
29.2871,4,29284556037,2502412,0
29.2896,1,29287086043,2502412,0
29.2922,1,29289669455,2502412,0
29.2947,2,29292199461,2502412,0
29.2975,4,29295042467,2502412,0
29.3001,3,29297581473,2502412,0
29.3055,4,29302965491,2502412,0
29.3056,2,29305531497,73000,1
29.3056,1,29305531497,73000,1
29.3081,3,29305611497,2502412,0
29.3107,2,29308150503,2502412,0
29.3132,4,29310680509,2502412,0
29.3157,4,29313245921,2502412,0
29.3158,2,29315775927,73000,1
29.3158,1,29315775927,73000,1
29.3209,1,29318376933,2502412,0
29.3234,2,29320915939,2502412,0
29.3259,3,29323445945,2502412,0
29.3285,1,29325993951,2502412,0
29.331,2,29328532957,2502412,0
29.3336,4,29331062963,2502412,0
29.3361,2,29333619969,2502412,0
29.3387,1,29336167975,2502412,0
29.3437,3,29341236987,2502412,0
29.3463,4,29343766993,2502412,0
29.3488,1,29346305999,2502412,0
29.3514,4,29348854005,2502412,0
29.3515,3,29351393011,73000,1
29.3515,2,29351393011,73000,1
29.3543,4,29351779017,2502412,0
29.3568,1,29354327023,2502412,0
29.3594,4,29356857029,2502412,0
29.3595,1,29359423035,73000,1
29.3595,3,29359423035,73000,1
29.3645,2,29362024041,2502412,0
29.3674,4,29364938453,2502412,0
29.37,2,29367486459,2502412,0
29.3701,4,29370034465,73000,1
29.3701,1,29370034465,73000,1
29.3752,4,29372707471,2502412,0
29.3777,2,29375237477,2502412,0
29.3803,4,29377830483,2502412,0
29.3854,2,29382908495,2502412,0
29.3881,2,29388058507,73000,1
29.3881,4,29388058507,73000,1
29.3932,3,29390740513,2502412,0
29.3958,2,29393306519,2502412,0
29.3962,3,29396167525,73000,1
29.3987,4,29396247525,2502412,0
29.4013,1,29398813531,2502412,0
29.4014,3,29401343537,73000,1
29.4015,1,29401432537,73000,1
29.4015,2,29401432537,73000,1
29.4068,1,29404339549,2502412,0
29.4094,4,29406887555,2502412,0
29.4119,1,29409444561,2502412,0
29.4145,1,29411973973,2502412,0
29.417,4,29414512979,2502412,0
29.4196,4,29417051391,2502412,0
29.4246,3,29422138403,2502412,0
29.4272,1,29424713409,2502412,0
29.4298,4,29427252415,2502412,0
29.4323,1,29429782421,2502412,0
29.4348,2,29432312427,2502412,0
29.4374,3,29434869433,2502412,0
29.4375,4,29437399439,73000,1
29.44,2,29437497439,2502412,0
29.4426,1,29440054445,2502412,0
29.4451,4,29442602451,2502412,0
29.4476,3,29445132457,2502412,0
29.4502,1,29447662463,2502412,0
29.453,1,29450516475,2502412,0
29.4555,2,29453046481,2502412,0
29.4606,1,29458106493,2502412,0
29.4607,2,29460645499,73000,1
29.4607,3,29460645499,73000,1
29.4633,4,29460761499,2502412,0
29.4658,3,29463291505,2502412,0
29.4683,1,29465839511,2502412,0
29.4712,4,29468681923,2502412,0
29.4737,1,29471238929,2502412,0
29.4763,1,29473768341,2502412,0
29.4813,4,29478837353,2502412,0
29.4839,3,29481376359,2502412,0
29.4864,1,29483906365,2502412,0
29.489,2,29486454371,2502412,0
29.4915,1,29488984377,2502412,0
29.4916,3,29491514383,73000,1
29.4916,4,29491514383,73000,1
29.4941,4,29491630383,2502412,0
29.4967,2,29494160389,2502412,0
29.4992,1,29496717395,2502412,0
29.5022,3,29502090407,73000,1
29.5047,1,29502161407,2502412,0
29.5048,1,29504708819,73000,1
29.5049,4,29504807413,73000,1
29.5074,2,29504878413,2502412,0
29.5078,2,29507750425,73000,1
29.5078,1,29507750425,73000,1
29.5104,4,29507848425,2502412,0
29.5105,2,29510396431,73000,1
29.5131,4,29510575431,2502412,0
29.5156,4,29513122843,2502412,0
29.5182,4,29515670255,2502412,0
29.5207,3,29518200261,2502412,0
29.5258,3,29523269273,2502412,0
29.5283,4,29525835279,2502412,0
29.5335,2,29530958291,2502412,0
29.536,3,29533488297,2502412,0
29.5385,4,29536036303,2502412,0
29.5411,3,29538584309,2502412,0
29.5436,2,29541114315,2502412,0
29.5462,2,29543652727,2502412,0
29.5512,4,29548721739,2502412,0
29.5538,4,29551260151,2502412,0
29.5542,3,29554096163,73000,1
29.5542,1,29554096163,73000,1
29.5567,2,29554167163,2502412,0
29.5592,4,29556715169,2502412,0
29.5617,3,29559245175,2502412,0
29.5643,2,29561829181,2502412,0
29.5694,4,29566889193,2502412,0
29.5698,2,29569767605,73000,1
29.5698,3,29569767605,73000,1
29.5723,3,29569840605,2502412,0
29.5749,2,29572370611,2502412,0
29.5774,4,29574900617,2502412,0
29.5799,2,29577439623,2502412,0
29.5825,4,29579969629,2502412,0
29.585,2,29582517635,2502412,0
29.5876,3,29585047641,2502412,0
29.5926,2,29590134653,2502412,0
29.5952,4,29592664659,2502412,0
29.5977,2,29595212665,2502412,0
29.6003,3,29597760671,2502412,0
29.601,3,29600936683,73000,1
29.601,2,29600936683,73000,1
29.6036,4,29601052683,2502412,0
29.6087,4,29606166695,2502412,0
29.6113,4,29608750107,2502412,0
29.6138,3,29611316113,2502412,0
29.6189,2,29616394125,2502412,0
29.6214,4,29618942131,2502412,0
29.6216,4,29621525543,73000,1
29.6216,2,29621526137,73000,1
29.6217,3,29621597137,73000,1
29.6242,1,29621695137,2502412,0
29.6267,2,29624225143,2502412,0
29.6293,1,29626791149,2502412,0
29.6344,2,29631878161,2502412,0
29.6369,4,29634426167,2502412,0
29.6395,4,29636991579,2502412,0
29.642,1,29639521585,2502412,0
29.6471,2,29644599597,2502412,0
29.6472,4,29647147603,73000,1
29.6472,3,29647147603,73000,1
29.6497,2,29647236603,2502412,0
29.6523,1,29649766609,2502412,0
29.6551,4,29652611621,2502412,0
29.6602,4,29657698633,2502412,0
29.6603,4,29660237045,73000,1
29.6603,3,29660237639,73000,1
29.6628,2,29660335639,2502412,0
29.6654,1,29662883645,2502412,0
29.6679,1,29665431057,2502412,0
29.6705,4,29667961063,2502412,0
29.6706,1,29670500069,73000,1
29.6707,4,29670589069,73000,1
29.6707,1,29670589069,73000,1
29.6732,2,29670678069,2502412,0
29.676,2,29673529481,2502412,0
29.6786,2,29676058893,2502412,0
29.6811,4,29678615899,2502412,0
29.6837,4,29681172311,2502412,0
29.6838,2,29683702317,73000,1
29.6863,2,29683791317,2502412,0
29.6889,2,29686356729,2502412,0
29.6914,4,29688895735,2502412,0
29.6939,1,29691425741,2502412,0
29.6991,1,29696557753,2502412,0
29.7016,4,29699096759,2502412,0
29.7044,2,29701932771,2502412,0
29.7073,4,29704838777,2502412,0
29.7074,4,29707368189,73000,1
29.71,2,29707457783,2502412,0
29.7125,1,29709987789,2502412,0
29.7151,2,29712571795,2502412,0
29.7176,2,29715119207,2502412,0
29.7227,2,29720188219,2502412,0
29.7252,1,29722718225,2502412,0
29.7253,1,29725256637,73000,1
29.7253,2,29725257231,73000,1
29.7305,4,29727948237,2502412,0
29.7306,4,29730522649,73000,1
29.7306,2,29730523243,73000,1
29.7331,3,29730594243,2502412,0
29.7356,3,29733141655,2502412,0
29.7357,3,29735671067,73000,1
29.7382,3,29735744067,2502412,0
29.7408,1,29738337073,2502412,0
29.7409,3,29740876079,73000,1
29.7409,4,29740876079,73000,1
29.746,1,29743540085,2502412,0
29.7461,4,29746070091,73000,1
29.7461,2,29746070091,73000,1
29.7487,1,29746159091,2502412,0
29.7512,3,29748698097,2502412,0
29.7567,1,29754172115,2502412,0
29.7568,1,29756701527,73000,1
29.7568,3,29756702121,73000,1
29.7593,1,29756774527,2502412,0
29.7643,3,29761834539,2502412,0
29.7669,1,29764382545,2502412,0
29.772,1,29769514557,2502412,0
29.7746,3,29772053563,2502412,0
29.7775,1,29774949975,2502412,0
29.7825,3,29780045987,2502412,0
29.7851,1,29782575993,2502412,0
29.7876,3,29785141999,2502412,0
29.7927,1,29790238011,2502412,0
29.7953,3,29792768017,2502412,0
29.7978,1,29795316023,2502412,0
29.8003,3,29797846029,2502412,0
29.8032,1,29800700041,2502412,0
29.8057,3,29803230047,2502412,0
29.8112,1,29808648059,2502412,0
29.8137,3,29811241065,2502412,0
29.8163,3,29813770477,2502412,0
29.8188,3,29816308889,2502412,0
29.8213,1,29818838895,2502412,0
29.824,1,29823934907,73000,1
29.824,3,29823934907,73000,1
29.8291,1,29826634913,2502412,0
29.8317,1,29829173325,2502412,0
29.8342,4,29831703331,2502412,0
29.8393,2,29836799343,2502412,0
29.8419,1,29839356349,2502412,0
29.8444,4,29841886355,2502412,0
29.8469,2,29844416361,2502412,0
29.8495,3,29846964367,2502412,0
29.8549,4,29852348385,2502412,0
29.8574,2,29854878391,2502412,0
29.8599,1,29857417397,2502412,0
29.8625,4,29859983403,2502412,0
29.8626,2,29862513409,73000,1
29.8626,3,29862513409,73000,1
29.8627,4,29862629409,73000,1
29.8627,1,29862629409,73000,1
29.8652,2,29862718409,2502412,0
29.8678,2,29865247821,2502412,0
29.8704,3,29867867827,2502412,0
29.8705,2,29870397833,73000,1
29.8706,3,29870558833,73000,1
29.8706,4,29870558833,73000,1
29.8757,1,29873186839,2502412,0
29.8761,1,29876056251,73000,1
29.8761,3,29876056251,73000,1
29.8762,2,29876145251,73000,1
29.8788,2,29876252251,2502412,0
29.8813,2,29878799663,2502412,0
29.8838,1,29881338669,2502412,0
29.889,2,29886452681,2502412,0
29.8915,1,29889009687,2502412,0
29.8941,2,29891548693,2502412,0
29.8992,2,29896680705,2502412,0
29.9017,1,29899228711,2502412,0
29.9071,4,29904603729,2502412,0
29.9075,4,29907446735,73000,1
29.9075,2,29907446735,73000,1
29.9126,4,29910119741,2502412,0
29.9152,1,29912649747,2502412,0
29.9177,2,29915188753,2502412,0
29.9202,1,29917745759,2502412,0
29.9204,2,29920284765,73000,1
29.9204,4,29920284765,73000,1
29.9229,3,29920355765,2502412,0
29.9279,1,29925415777,2502412,0
29.9305,3,29927990783,2502412,0
29.9331,3,29930565195,2502412,0
29.9356,1,29933113201,2502412,0
29.9357,3,29935652207,73000,1
29.9357,4,29935652207,73000,1
29.9382,2,29935723207,2502412,0
29.9408,1,29938253213,2502412,0
29.9433,3,29940837219,2502412,0
29.9459,2,29943385225,2502412,0
29.9484,3,29945924231,2502412,0
29.9511,1,29951002243,73000,1
29.9536,2,29951100243,2502412,0
29.9565,3,29953954255,2502412,0
29.959,1,29956493261,2502412,0
29.9641,1,29961580273,2502412,0
29.9666,2,29964110279,2502412,0
29.9692,1,29966649285,2502412,0
29.9717,3,29969197291,2502412,0
29.9718,1,29971727297,73000,1
29.9718,2,29971727297,73000,1
29.9743,3,29971798297,2502412,0
29.9745,1,29974382303,73000,1
29.977,4,29974462303,2502412,0
29.9795,3,29977019309,2502412,0
29.9824,3,29979870721,2502412,0
29.9826,4,29982481727,73000,1
29.9851,2,29982570727,2502412,0
29.9876,3,29985109733,2502412,0
29.9902,3,29987648145,2502412,0
29.9903,4,29990223151,73000,1
29.9928,1,29990294151,2502412,0
29.9979,2,29995363163,2502412,0
30.0004,4,29997911169,2502412,0
30.0029,3,30000441175,2502412,0
30.0034,2,30003304187,73000,1
30.0034,1,30003304187,73000,1
30.0059,1,30003377187,2502412,0
30.011,4,30008455199,2502412,0
30.0114,4,30011325205,73000,1
30.0114,3,30011325205,73000,1
30.0139,1,30011423205,2502412,0
30.0165,4,30013980211,2502412,0
30.0192,1,30019085223,73000,1
30.0192,2,30019085223,73000,1
30.0217,4,30019201223,2502412,0
30.0243,2,30021749229,2502412,0
30.0293,1,30026836241,2502412,0
30.0319,3,30029366247,2502412,0
30.0344,4,30031932253,2502412,0
30.0345,3,30034462259,73000,1
30.0345,2,30034462259,73000,1
30.037,4,30034542259,2502412,0
30.0421,1,30039611271,2502412,0
30.0447,1,30042149683,2502412,0
30.0472,4,30044706689,2502412,0
30.0498,1,30047263695,2502412,0
30.0523,3,30049802701,2502412,0
30.0577,1,30055186719,2502412,0
30.0578,4,30057743725,73000,1
30.0578,2,30057743725,73000,1
30.0603,1,30057832725,2502412,0
30.0605,1,30060380137,73000,1
30.0605,3,30060380731,73000,1
30.0656,4,30063116737,2502412,0
30.0707,4,30068239749,2502412,0
30.0733,4,30070778161,2502412,0
30.0734,1,30073308167,73000,1
30.0734,3,30073308167,73000,1
30.0785,4,30075990173,2502412,0
30.0839,2,30081426185,2502412,0
30.0865,4,30083956191,2502412,0
30.0915,2,30089034203,2502412,0
30.0941,2,30091563615,2502412,0
30.0966,4,30094120621,2502412,0
30.0992,2,30096650627,2502412,0
30.1017,3,30099207633,2502412,0
30.1071,4,30104582651,2502412,0
30.1072,2,30107166657,73000,1
30.1072,1,30107166657,73000,1
30.1097,4,30107237657,2502412,0
30.1123,3,30109776663,2502412,0
30.1151,2,30112619669,2502412,0
30.1177,3,30115149675,2502412,0
30.1178,2,30117679681,73000,1
30.1178,4,30117679681,73000,1
30.1178,3,30117750681,73000,1
30.1205,2,30117956681,2502412,0
30.1206,2,30120495093,73000,1
30.1206,3,30120495687,73000,1
30.1231,4,30120575687,2502412,0
30.1282,4,30125689699,2502412,0
30.1307,4,30128246111,2502412,0
30.1358,4,30133324123,2502412,0
30.1384,2,30135872129,2502412,0
30.1409,4,30138411135,2502412,0
30.1435,3,30140959141,2502412,0
30.1485,2,30146028153,2502412,0
30.1511,4,30148567159,2502412,0
30.1539,2,30151421171,2502412,0
30.1565,3,30153969177,2502412,0
30.1566,4,30156517183,73000,1
30.1566,1,30156517183,73000,1
30.1591,4,30156590183,2502412,0
30.1642,4,30161677195,2502412,0
30.1667,3,30164207201,2502412,0
30.1692,2,30166746207,2502412,0
30.1718,3,30169276213,2502412,0
30.1743,3,30171805625,2502412,0
30.1769,4,30174389631,2502412,0
30.1794,2,30176928637,2502412,0
30.1845,3,30181997649,2502412,0
30.1873,4,30184840061,2502412,0
30.1875,3,30187415067,73000,1
30.1875,2,30187415067,73000,1
30.19,4,30187495067,2502412,0
30.1926,4,30190051479,2502412,0
30.1976,4,30195147491,2502412,0
30.2002,2,30197677497,2502412,0
30.203,4,30200522509,2502412,0
30.2056,4,30203051921,2502412,0
30.2081,3,30205599927,2502412,0
30.2107,3,30208156339,2502412,0
30.2132,3,30210685751,2502412,0
30.2133,3,30213224163,73000,1
30.2133,4,30213224757,73000,1
30.2133,2,30213224757,73000,1
30.2187,4,30216174169,2502412,0
30.2212,2,30218704175,2502412,0
30.2238,2,30221341587,2502412,0
30.2264,3,30223871593,2502412,0
30.2289,4,30226401599,2502412,0
30.234,4,30231506611,2502412,0
30.2365,2,30234045617,2502412,0
30.2391,3,30236584623,2502412,0
30.2416,2,30239114629,2502412,0
30.2442,2,30241653041,2502412,0
30.2467,2,30244191453,2502412,0
30.2518,3,30249269465,2502412,0
30.2519,2,30251808471,73000,1
30.2519,4,30251808471,73000,1
30.2544,2,30251897471,2502412,0
30.2573,3,30254778483,2502412,0
30.2598,4,30257308489,2502412,0
30.2623,2,30259847495,2502412,0
30.2675,3,30264970507,2502412,0
30.27,4,30267500513,2502412,0
30.2725,2,30270039519,2502412,0
30.2751,2,30272586931,2502412,0
30.2752,4,30275152937,73000,1
30.2753,2,30275232937,73000,1
30.2753,3,30275232937,73000,1
30.2778,3,30275330937,2502412,0
30.2804,3,30277878349,2502412,0
30.2829,3,30280425761,2502412,0
30.2883,2,30285825773,2502412,0
30.2909,4,30288400779,2502412,0
30.291,2,30290939785,73000,1
30.291,3,30290939785,73000,1
30.2961,4,30293585791,2502412,0
30.2986,4,30296124203,2502412,0
30.2988,4,30298680615,73000,1
30.2988,3,30298681209,73000,1
30.3042,2,30301705221,2502412,0
30.3093,4,30306828233,2502412,0
30.3095,2,30309385239,73000,1
30.312,4,30309474239,2502412,0
30.3121,4,30312003651,73000,1
30.3121,3,30312004245,73000,1
30.3146,4,30312111245,2502412,0
30.3147,2,30314641251,73000,1
30.3172,4,30314739251,2502412,0
30.3201,4,30317609257,2502412,0
30.3226,2,30320139263,2502412,0
30.3252,2,30322668675,2502412,0
30.3253,4,30325216681,73000,1
30.3254,1,30325287681,73000,1
30.3304,2,30327944687,2502412,0
30.333,2,30330483099,2502412,0
30.3355,4,30333013105,2502412,0
30.3381,4,30335578517,2502412,0
30.3382,2,30338153523,73000,1
30.3408,4,30338269523,2502412,0
30.3433,3,30340799529,2502412,0
30.3459,3,30343382941,2502412,0
30.351,4,30348487953,2502412,0
30.3535,2,30351026959,2502412,0
30.3564,2,30353862971,2502412,0
30.3565,2,30356392383,73000,1
30.3565,3,30356392977,73000,1
30.3566,4,30356481977,73000,1
30.3591,4,30356615977,2502412,0
30.3592,4,30359154389,73000,1
30.3592,2,30359154983,73000,1
30.3644,3,30361881989,2502412,0
30.3645,3,30364411401,73000,1
30.3671,4,30364554995,2502412,0
30.3721,4,30369642007,2502412,0
30.3773,4,30374756019,2502412,0
30.3798,3,30377331025,2502412,0
30.3849,3,30382409037,2502412,0
30.3875,4,30384957043,2502412,0
30.39,4,30387495455,2502412,0
30.3929,2,30390355867,2502412,0
30.3954,3,30392885873,2502412,0
30.4005,3,30397972885,2502412,0
30.4006,3,30400502297,73000,1
30.4031,3,30400575297,2502412,0
30.4032,4,30403114303,73000,1
30.4033,3,30403203303,73000,1
30.4033,2,30403203303,73000,1
30.4061,4,30403598309,2502412,0
30.4113,3,30408748321,2502412,0
30.4138,4,30411287327,2502412,0
30.4163,3,30413826333,2502412,0
30.4189,4,30416356339,2502412,0
30.4214,4,30418885751,2502412,0
30.4268,4,30424303763,2502412,0
30.4293,4,30426842175,2502412,0
30.4319,2,30429381181,2502412,0
30.432,2,30431919593,73000,1
30.432,3,30431920187,73000,1
30.4345,3,30432000187,2502412,0
30.4396,4,30437087199,2502412,0
30.4422,2,30439671205,2502412,0
30.4447,3,30442219211,2502412,0
30.4448,4,30444776217,73000,1
30.4473,3,30444847217,2502412,0
30.4499,2,30447377223,2502412,0
30.4524,2,30449915635,2502412,0
30.4553,3,30452796647,2502412,0
30.4604,2,30457910659,2502412,0
30.463,3,30460485665,2502412,0
30.4631,4,30463051671,73000,1
30.4656,2,30463131671,2502412,0
30.4682,3,30465670677,2502412,0
30.4733,3,30470811689,2502412,0
30.4758,2,30473341695,2502412,0
30.476,2,30475880107,73000,1
30.476,4,30475880701,73000,1
30.4811,3,30478562707,2502412,0
30.4862,2,30483685719,2502412,0
30.4887,3,30486233725,2502412,0
30.4942,3,30491651737,2502412,0
30.4967,2,30494181743,2502412,0
30.4993,3,30496756749,2502412,0
30.5023,3,30502194767,73000,1
30.5023,2,30502194767,73000,1
30.5074,2,30504885773,2502412,0
30.51,4,30507451779,2502412,0
30.5101,2,30509990785,73000,1
30.5126,3,30510070785,2502412,0
30.5151,4,30512600791,2502412,0
30.5202,4,30517732803,2502412,0
30.5228,3,30520271809,2502412,0
30.5233,3,30523177815,73000,1
30.5233,1,30523177815,73000,1
30.5283,4,30525796821,2502412,0
30.5309,2,30528353827,2502412,0
30.5334,2,30530883239,2502412,0
30.5359,4,30533413245,2502412,0
30.541,4,30538518257,2502412,0
30.5436,3,30541057263,2502412,0
30.5461,2,30543623269,2502412,0
30.5463,2,30546188681,73000,1
30.5463,4,30546189275,73000,1
30.5488,3,30546278275,2502412,0
30.5514,4,30548862281,2502412,0
30.5539,2,30551392287,2502412,0
30.5593,4,30556767305,2502412,0
30.5594,2,30559306311,73000,1
30.5594,3,30559306311,73000,1
30.5619,2,30559404311,2502412,0
30.5645,4,30561952317,2502412,0
30.567,3,30564482323,2502412,0
30.5721,2,30569605335,2502412,0
30.5746,4,30572135341,2502412,0
30.5772,3,30574710347,2502412,0
30.5797,3,30577239759,2502412,0
30.5824,3,30582326771,73000,1
30.5824,2,30582326771,73000,1
30.5849,4,30582397771,2502412,0
30.5875,3,30584999777,2502412,0
30.5926,4,30590095789,2502412,0
30.5954,2,30592947201,2502412,0
30.6006,3,30598052213,2502412,0
30.6007,4,30600591219,73000,1
30.6032,2,30600662219,2502412,0
30.6057,2,30603191631,2502412,0
30.6082,3,30605721637,2502412,0
30.6111,2,30608593649,2502412,0
30.6162,3,30613680661,2502412,0
30.6187,4,30616228667,2502412,0
30.6213,3,30618812673,2502412,0
30.6214,4,30621342679,73000,1
30.6214,2,30621342679,73000,1
30.6268,3,30624283091,2502412,0
30.6294,4,30626894097,2502412,0
30.6345,3,30631990109,2502412,0
30.637,2,30634538115,2502412,0
30.6371,2,30637067527,73000,1
30.6371,4,30637068121,73000,1
30.6397,4,30637166121,2502412,0
30.6447,3,30642244133,2502412,0
30.6473,3,30644836545,2502412,0
30.6499,3,30647374957,2502412,0
30.6524,4,30649913963,2502412,0
30.6525,2,30652443969,73000,1
30.6554,4,30652901975,2502412,0
30.658,3,30655449981,2502412,0
30.663,3,30660518993,2502412,0
30.6656,4,30663057999,2502412,0
30.6681,4,30665614411,2502412,0
30.6707,3,30668171417,2502412,0
30.6758,4,30673249429,2502412,0
30.6784,3,30675851435,2502412,0
30.6834,3,30680929447,2502412,0
30.686,4,30683477453,2502412,0
30.6885,3,30686007459,2502412,0
30.6936,2,30691130471,2502412,0
30.6937,3,30693669477,73000,1
30.6937,4,30693669477,73000,1
30.6963,4,30693776477,2502412,0
30.7017,2,30699211895,2502412,0
30.7042,2,30701741307,2502412,0
30.7071,3,30704595319,2502412,0
30.7096,4,30707143325,2502412,0
30.7097,4,30709672737,73000,1
30.7123,2,30709771331,2502412,0
30.7148,3,30712301337,2502412,0
30.7174,4,30714858343,2502412,0
30.7199,3,30717415349,2502412,0
30.72,2,30719963355,73000,1
30.7225,4,30720034355,2502412,0
30.7251,4,30722581767,2502412,0
30.7277,3,30725183773,2502412,0
30.7305,3,30728026779,2502412,0
30.7356,2,30733086791,2502412,0
30.7381,4,30735634797,2502412,0
30.7407,2,30738173803,2502412,0
30.7432,3,30740721809,2502412,0
30.7458,4,30743278815,2502412,0
30.7484,4,30748374827,73000,1
30.7484,3,30748374827,73000,1
30.751,2,30748463827,2502412,0
30.7535,3,30750993833,2502412,0
30.7536,3,30753523245,73000,1
30.7564,2,30753938845,2502412,0
30.7616,4,30759070857,2502412,0
30.7641,2,30761609863,2502412,0
30.7667,3,30764148869,2502412,0
30.7668,4,30766723875,73000,1
30.7693,2,30766812875,2502412,0
30.7718,3,30769342881,2502412,0
30.7744,2,30771872887,2502412,0
30.7769,4,30774411893,2502412,0
30.7795,4,30776959305,2502412,0
30.782,2,30779498311,2502412,0
30.7871,3,30784576323,2502412,0
30.7896,2,30787115329,2502412,0
30.7922,4,30789663335,2502412,0
30.7947,2,30792229341,2502412,0
30.7973,3,30794768347,2502412,0
30.8001,4,30797619759,2502412,0
30.8055,2,30803021777,2502412,0
30.8081,3,30805587783,2502412,0
30.8106,4,30808126789,2502412,0
30.8107,4,30810665201,73000,1
30.8107,3,30810665795,73000,1
30.8158,2,30813293801,2502412,0
30.8184,2,30815886213,2502412,0
30.8209,4,30818425219,2502412,0
30.8236,2,30823575231,73000,1
30.8236,3,30823575231,73000,1
30.8261,4,30823646231,2502412,0
30.8316,4,30829072649,2502412,0
30.8341,4,30831602061,2502412,0
30.8367,4,30834167473,2502412,0
30.8418,4,30839254485,2502412,0
30.8443,4,30841810897,2502412,0
30.8468,4,30844340309,2502412,0
30.8494,2,30846888315,2502412,0
30.852,4,30851966327,73000,1
30.8549,2,30852390333,2502412,0
30.8575,2,30854955745,2502412,0
30.8576,2,30857494157,73000,1
30.8601,3,30857628751,2502412,0
30.8627,3,30860185163,2502412,0
30.8628,4,30862733169,73000,1
30.8653,3,30862813169,2502412,0
30.8679,2,30865406175,2502412,0
30.873,3,30870484187,2502412,0
30.8756,2,30873086193,2502412,0
30.8807,2,30878164205,2502412,0
30.8832,3,30880712211,2502412,0
30.8834,3,30883286623,73000,1
30.8859,2,30883394217,2502412,0
30.8885,2,30885959629,2502412,0
30.8886,2,30888498041,73000,1
30.8886,3,30888498635,73000,1
30.8887,3,30888668635,73000,1
30.8913,4,30888748635,2502412,0
30.8938,4,30891278047,2502412,0
30.8989,4,30896374059,2502412,0
30.9046,2,30902089077,2502412,0
30.9047,2,30904663489,73000,1
30.9047,4,30904664083,73000,1
30.9124,2,30909911501,2502412,0
30.9175,2,30915034513,2502412,0
30.9201,4,30917609519,2502412,0
30.9252,4,30922696531,2502412,0
30.9253,4,30925252943,73000,1
30.9253,2,30925253537,73000,1
30.9279,2,30925360537,2502412,0
30.933,2,30930474549,2502412,0
30.9358,3,30933335555,2502412,0
30.9384,3,30935873967,2502412,0
30.9435,4,30940951979,2502412,0
30.946,4,30943490391,2502412,0
30.9461,4,30946055803,73000,1
30.9461,2,30946056397,73000,1
30.9462,3,30946145397,73000,1
30.9487,4,30946225397,2502412,0
30.9489,3,30948845403,73000,1
30.9514,4,30948934403,2502412,0
30.9543,4,30951815415,2502412,0
30.9544,2,30954345421,73000,1
30.9595,4,30957011427,2502412,0
30.9621,4,30959558839,2502412,0
30.9648,4,30964726851,73000,1
30.9673,2,30964797851,2502412,0
30.9724,2,30969938863,2502412,0
30.975,4,30972486869,2502412,0
30.9801,2,30977582881,2502412,0
30.9826,1,30980121887,2502412,0
30.9852,2,30982660893,2502412,0
30.9853,1,30985199899,73000,1
30.9853,4,30985199899,73000,1
30.9878,3,30985270899,2502412,0
30.9903,3,30987809311,2502412,0
30.9954,2,30992878323,2502412,0
30.9979,1,30995444329,2502412,0
31.0005,2,30997974335,2502412,0
31.0034,3,31000855347,2502412,0
31.0062,1,31003706759,2502412,0
31.0087,3,31006236765,2502412,0
31.0088,3,31008766177,73000,1
31.0088,4,31008766771,73000,1
31.0089,2,31008837771,73000,1
31.0089,3,31008839177,73000,1
31.0114,1,31008910177,2502412,0
31.014,4,31011485183,2502412,0
31.0165,4,31014014595,2502412,0
31.0167,4,31016616007,73000,1
31.0167,1,31016616601,73000,1
31.0217,3,31019226607,2502412,0
31.0243,2,31021765613,2502412,0
31.0268,1,31024322619,2502412,0
31.027,1,31026915031,73000,1
31.0295,3,31026986625,2502412,0
31.032,2,31029534631,2502412,0
31.0346,4,31032064637,2502412,0
31.0374,1,31034916643,2502412,0
31.0376,4,31037491649,73000,1
31.0376,2,31037491649,73000,1
31.0401,3,31037562649,2502412,0
31.0402,3,31040137061,73000,1
31.0402,2,31040137655,73000,1
31.0427,1,31040217655,2502412,0
31.0453,1,31042783067,2502412,0
31.0504,1,31047906079,2502412,0
31.0558,4,31053326097,2502412,0
31.0584,3,31055874103,2502412,0
31.0609,3,31058430515,2502412,0
31.0635,1,31060960521,2502412,0
31.0685,4,31066020533,2502412,0
31.0711,1,31068577539,2502412,0
31.0736,4,31071125545,2502412,0
31.0762,3,31073655551,2502412,0
31.0787,2,31076194557,2502412,0
31.0812,4,31078724563,2502412,0
31.0838,3,31081263569,2502412,0
31.0864,4,31086332581,73000,1
31.0864,2,31086332581,73000,1
31.0889,3,31086403581,2502412,0
31.0915,1,31088951587,2502412,0
31.094,2,31091526593,2502412,0
31.0966,3,31094083599,2502412,0
31.1017,1,31099161611,2502412,0
31.1042,1,31101700023,2502412,0
31.1074,2,31104848241,2502412,0
31.1099,3,31107396247,2502412,0
31.1125,4,31109971253,2502412,0
31.115,1,31112501259,2502412,0
31.1201,1,31117570271,2502412,0
31.1226,4,31120100277,2502412,0
31.1251,2,31122630283,2502412,0
31.1277,3,31125169289,2502412,0
31.1302,3,31127698701,2502412,0
31.1327,4,31130246707,2502412,0
31.1353,3,31132803713,2502412,0
31.1378,1,31135342719,2502412,0
31.1407,2,31138194725,2502412,0
31.1458,4,31143299737,2502412,0
31.1483,1,31145838743,2502412,0
31.1509,3,31148377749,2502412,0
31.1534,2,31150907755,2502412,0
31.1563,1,31153761767,2502412,0
31.1588,3,31156309773,2502412,0
31.1589,2,31158875779,73000,1
31.1589,4,31158875779,73000,1
31.1615,1,31159000779,2502412,0
31.1641,3,31161548785,2502412,0
31.1666,3,31164078197,2502412,0
31.1691,3,31166616609,2502412,0
31.1692,1,31169173615,73000,1
31.1692,2,31169173615,73000,1
31.1743,4,31171792621,2502412,0
31.1768,3,31174331627,2502412,0
31.1794,4,31176870633,2502412,0
31.1845,3,31182020645,2502412,0
31.1871,1,31184559651,2502412,0
31.1896,1,31187089063,2502412,0
31.1921,4,31189619069,2502412,0
31.1973,3,31194760081,2502412,0
31.1998,2,31197290087,2502412,0
31.1999,4,31199838093,73000,1
31.1999,1,31199838093,73000,1
31.2025,2,31199954093,2502412,0
31.2078,2,31205338111,2502412,0
31.2083,1,31208180523,73000,1
31.2083,3,31208180523,73000,1
31.2108,1,31208269523,2502412,0
31.2133,1,31210807935,2502412,0
31.2184,1,31215921947,2502412,0
31.221,2,31218460953,2502412,0
31.2235,3,31220990959,2502412,0
31.226,4,31223529965,2502412,0
31.2286,1,31226068971,2502412,0
31.2287,1,31228625383,73000,1
31.2287,2,31228625977,73000,1
31.2337,1,31231244983,2502412,0
31.2363,1,31233774395,2502412,0
31.2388,3,31236304401,2502412,0
31.2417,4,31239156407,2502412,0
31.2442,3,31241722413,2502412,0
31.2468,2,31244297419,2502412,0
31.2493,2,31246826831,2502412,0
31.2494,3,31249356837,73000,1
31.2494,1,31249356837,73000,1
31.2519,4,31249436837,2502412,0
31.2548,4,31252308849,2502412,0
31.2574,1,31254847855,2502412,0
31.2599,2,31257377861,2502412,0
31.2624,2,31259916273,2502412,0
31.265,4,31262464279,2502412,0
31.2651,4,31265011691,73000,1
31.2651,1,31265012285,73000,1
31.2701,2,31267613291,2502412,0
31.2727,3,31270179297,2502412,0
31.2752,4,31272709303,2502412,0
31.2778,3,31275248309,2502412,0
31.2779,4,31277778315,73000,1
31.2779,2,31277778315,73000,1
31.2804,4,31277858315,2502412,0
31.2829,3,31280433321,2502412,0
31.2855,4,31282963327,2502412,0
31.2906,1,31288050339,2502412,0
31.2931,3,31290589345,2502412,0
31.2956,1,31293119351,2502412,0
31.2958,3,31295712357,73000,1
31.2958,4,31295712357,73000,1
31.2983,2,31295810357,2502412,0
31.2984,2,31298348769,73000,1
31.2984,1,31298349363,73000,1
31.3038,2,31301346375,2502412,0
31.304,2,31303893787,73000,1
31.304,3,31303894381,73000,1
31.3065,4,31303965381,2502412,0
31.309,3,31306495387,2502412,0
31.3144,4,31311886399,2502412,0
31.3145,3,31314443405,73000,1
31.3145,1,31314443405,73000,1
31.317,3,31314516405,2502412,0
31.3195,4,31317046411,2502412,0
31.3221,2,31319576417,2502412,0
31.3246,3,31322106423,2502412,0
31.3272,4,31324672429,2502412,0
31.3322,3,31329732441,2502412,0
31.3348,4,31332289447,2502412,0
31.3349,3,31334846453,73000,1
31.3349,2,31334846453,73000,1
31.3349,1,31334846453,73000,1
31.3374,4,31334926453,2502412,0
31.3376,4,31337509865,73000,1
31.3376,1,31337510459,73000,1
31.3426,4,31340120465,2502412,0
31.3455,4,31342990471,2502412,0
31.348,2,31345538477,2502412,0
31.3506,2,31348094889,2502412,0
31.351,2,31350948901,73000,1
31.3535,4,31351028901,2502412,0
31.3561,3,31353567907,2502412,0
31.3586,4,31356133913,2502412,0
31.3612,3,31358663919,2502412,0
31.3637,2,31361211925,2502412,0
31.3638,3,31363759931,73000,1
31.3638,4,31363759931,73000,1
31.3664,2,31363875931,2502412,0
31.3689,2,31366414343,2502412,0
31.3715,4,31368962349,2502412,0
31.3766,2,31374058361,2502412,0
31.3791,4,31376624367,2502412,0
31.3817,2,31379172373,2502412,0
31.3842,3,31381702379,2502412,0
31.3893,2,31386798391,2502412,0
31.3919,4,31389364397,2502412,0
31.3944,2,31391912403,2502412,0
31.397,3,31394451409,2502412,0
31.3971,2,31396990415,73000,1
31.3996,4,31397079415,2502412,0
31.4022,4,31399662827,2502412,0
31.405,3,31402525839,2502412,0
31.4101,4,31407612851,2502412,0
31.4126,4,31410142263,2502412,0
31.4155,4,31413011675,2502412,0
31.418,3,31415541681,2502412,0
31.4182,4,31418098687,73000,1
31.4182,2,31418098687,73000,1
31.4233,3,31420789693,2502412,0
31.4258,2,31423346699,2502412,0
31.4309,2,31428415711,2502412,0
31.4335,3,31431008717,2502412,0
31.4386,4,31436086729,2502412,0
31.4411,2,31438625735,2502412,0
31.4412,2,31441155147,73000,1
31.4412,3,31441155741,73000,1
31.4414,4,31441280741,73000,1
31.4439,2,31441387741,2502412,0
31.4467,2,31444239747,2502412,0
31.4493,3,31446778753,2502412,0
31.4518,4,31449326759,2502412,0
31.4519,2,31451856765,73000,1
31.4544,2,31451929765,2502412,0
31.457,2,31454459177,2502412,0
31.4598,4,31457313189,2502412,0
31.4624,3,31459879195,2502412,0
31.4649,2,31462409201,2502412,0
31.47,4,31467514213,2502412,0
31.4725,2,31470044219,2502412,0
31.4751,2,31472600631,2502412,0
31.4776,3,31475130637,2502412,0
31.4802,4,31477687643,2502412,0
31.4827,4,31480244055,2502412,0
31.4878,3,31485340067,2502412,0
31.4904,2,31487870073,2502412,0
31.4929,4,31490409079,2502412,0
31.4954,3,31492939085,2502412,0
31.498,4,31495478091,2502412,0
31.5005,3,31498017097,2502412,0
31.5059,1,31503419115,2502412,0
31.5085,2,31505967121,2502412,0
31.511,3,31508497127,2502412,0
31.5135,4,31511036133,2502412,0
31.5161,2,31513584139,2502412,0
31.519,2,31516453551,2502412,0
31.5191,2,31518982963,73000,1
31.5191,1,31518983557,73000,1
31.5216,4,31519063557,2502412,0
31.5217,3,31521602563,73000,1
31.5242,4,31521673563,2502412,0
31.5267,4,31524229975,2502412,0
31.5293,3,31526840981,2502412,0
31.5295,4,31529415987,73000,1
31.532,1,31529495987,2502412,0
31.5346,2,31532052993,2502412,0
31.5371,3,31534582999,2502412,0
31.5398,3,31539697011,73000,1
31.5398,2,31539697011,73000,1
31.5423,1,31539777011,2502412,0
31.5448,1,31542324423,2502412,0
31.5474,2,31544863429,2502412,0
31.5503,3,31550272441,73000,1
31.5529,4,31550352441,2502412,0
31.553,4,31552881853,73000,1
31.5533,1,31553270453,73000,1
31.5533,3,31553270453,73000,1
31.5559,2,31553368453,2502412,0
31.561,1,31558518465,2502412,0
31.5611,1,31561047877,73000,1
31.5611,2,31561048471,73000,1
31.5636,1,31561137471,2502412,0
31.5662,4,31563703477,2502412,0
31.5713,1,31568826489,2502412,0
31.5739,4,31571356495,2502412,0
31.5764,4,31573885907,2502412,0
31.5765,1,31576451913,73000,1
31.579,2,31576522913,2502412,0
31.5816,2,31579052325,2502412,0
31.5841,1,31581600331,2502412,0
31.5867,4,31584148337,2502412,0
31.5892,2,31586687343,2502412,0
31.5943,1,31591774355,2502412,0
31.5969,4,31594358361,2502412,0
31.5994,2,31596897367,2502412,0
31.6019,2,31599444779,2502412,0
31.602,1,31601974785,73000,1
31.6074,4,31604899797,2502412,0
31.61,4,31607492209,2502412,0
31.6125,2,31610040215,2502412,0
31.6151,1,31612570221,2502412,0
31.6181,2,31617988233,73000,1
31.6181,3,31617988233,73000,1
31.6206,2,31618061233,2502412,0
31.6207,2,31620590645,73000,1
31.6207,4,31620591239,73000,1
31.6232,1,31620716239,2502412,0
31.6283,4,31625821251,2502412,0
31.6309,1,31628414257,2502412,0
31.636,4,31633483269,2502412,0
31.6385,2,31636013275,2502412,0
31.6411,2,31638551687,2502412,0
31.6412,1,31641099693,73000,1
31.6412,3,31641099693,73000,1
31.6437,1,31641188693,2502412,0
31.6463,1,31646257705,73000,1
31.6463,4,31646257705,73000,1
31.6489,2,31646373705,2502412,0
31.6517,2,31649225711,2502412,0
31.6518,2,31651764123,73000,1
31.6547,1,31652161723,2502412,0
31.6598,1,31657248735,2502412,0
31.6623,4,31659814741,2502412,0
31.665,4,31664946753,73000,1
31.665,1,31664946753,73000,1
31.6675,2,31665017753,2502412,0
31.6727,1,31670167765,2502412,0
31.6728,1,31672706177,73000,1
31.6728,2,31672706771,73000,1
31.6779,4,31675442777,2502412,0
31.6805,2,31677981783,2502412,0
31.6856,4,31683059795,2502412,0
31.6857,2,31685598801,73000,1
31.6857,1,31685598801,73000,1
31.6908,2,31688280807,2502412,0
31.6933,4,31690819813,2502412,0
31.6959,2,31693349819,2502412,0
31.696,2,31695879231,73000,1
31.696,4,31695879825,73000,1
31.7011,2,31698570831,2502412,0
31.7065,2,31704017849,2502412,0
31.7091,2,31706565261,2502412,0
31.7142,4,31711661273,2502412,0
31.7167,4,31714235685,2502412,0
31.7193,2,31716792691,2502412,0
31.7197,2,31719635103,73000,1
31.7222,1,31719742103,2502412,0
31.7248,4,31722308109,2502412,0
31.7273,4,31724837521,2502412,0
31.7324,1,31729942533,2502412,0
31.735,4,31732526539,2502412,0
31.7401,1,31737586551,2502412,0
31.7426,2,31740125557,2502412,0
31.7427,2,31742663969,73000,1
31.7427,1,31742664563,73000,1
31.7452,1,31742737563,2502412,0
31.7478,4,31745294569,2502412,0
31.7532,4,31750675987,2502412,0
31.7536,4,31753520999,73000,1
31.7536,1,31753520999,73000,1
31.7561,4,31753645999,2502412,0
31.7587,4,31756184411,2502412,0
31.7612,4,31758713823,2502412,0
31.7663,4,31763800835,2502412,0
31.7688,2,31766330841,2502412,0
31.7714,2,31768887253,2502412,0
31.7739,1,31771444259,2502412,0
31.7765,1,31774000671,2502412,0
31.779,4,31776530677,2502412,0
31.7841,2,31781617689,2502412,0
31.7842,2,31784174101,73000,1
31.7842,4,31784174695,73000,1
31.7867,1,31784245695,2502412,0
31.7869,1,31786856107,73000,1
31.7895,4,31786954701,2502412,0
31.7921,2,31789547707,2502412,0
31.7971,2,31794625719,2502412,0
31.7997,4,31797164725,2502412,0
31.8022,1,31799721731,2502412,0
31.8048,1,31802260143,2502412,0
31.8101,2,31807626161,2502412,0
31.8127,2,31810164573,2502412,0
31.8152,4,31812703579,2502412,0
31.8178,2,31815269585,2502412,0
31.8203,1,31817808591,2502412,0
31.8257,4,31823208603,2502412,0
31.8283,2,31825756609,2502412,0
31.8308,1,31828295615,2502412,0
31.8309,1,31830834027,73000,1
31.8309,2,31830834621,73000,1
31.8334,1,31830907027,2502412,0
31.836,4,31833464033,2502412,0
31.8361,2,31836003039,73000,1
31.8386,4,31836074039,2502412,0
31.8411,4,31838630451,2502412,0
31.8437,1,31841196457,2502412,0
31.8462,4,31843726463,2502412,0
31.8488,4,31846300875,2502412,0
31.8542,1,31851666893,2502412,0
31.8571,4,31854572899,2502412,0
31.8572,4,31857147311,73000,1
31.8572,1,31857147905,73000,1
31.8573,2,31857218905,73000,1
31.8599,1,31857379905,2502412,0
31.8676,1,31865059329,2502412,0
31.8701,4,31867589335,2502412,0
31.8726,2,31870137341,2502412,0
31.8752,1,31872676347,2502412,0
31.8803,4,31877772359,2502412,0
31.8829,2,31880356365,2502412,0
31.8854,1,31882886371,2502412,0
31.8905,4,31887991383,2502412,0
31.893,2,31890530389,2502412,0
31.8956,1,31893060395,2502412,0
31.8981,4,31895617401,2502412,0
31.9006,2,31898147407,2502412,0
31.906,1,31903513425,2502412,0
31.9085,1,31906042837,2502412,0
31.9111,4,31908608843,2502412,0
31.9137,1,31911165849,2502412,0
31.9138,1,31913704261,73000,1
31.9138,2,31913704855,73000,1
31.9188,4,31916341861,2502412,0
31.9214,4,31918916273,2502412,0
31.924,1,31921455279,2502412,0
31.9294,1,31926872697,2502412,0
31.9319,4,31929402703,2502412,0
31.9344,2,31931941709,2502412,0
31.937,1,31934489715,2502412,0
31.9421,4,31939630727,2502412,0
31.9447,2,31942169733,2502412,0
31.9472,1,31944717739,2502412,0
31.9498,1,31947256151,2502412,0
31.9552,4,31952667169,2502412,0
31.958,4,31955510175,2502412,0
31.9605,2,31958040181,2502412,0
31.9631,1,31960615187,2502412,0
31.9656,4,31963145193,2502412,0
31.9707,4,31968232205,2502412,0
31.9733,2,31970762211,2502412,0
31.9758,1,31973301217,2502412,0
31.9784,2,31975867223,2502412,0
31.9809,4,31978415229,2502412,0
31.9834,4,31980944641,2502412,0
31.9885,1,31986013653,2502412,0
31.991,1,31988543065,2502412,0
31.9936,1,31991072477,2502412,0
31.9961,2,31993629483,2502412,0
31.9987,4,31996168489,2502412,0
32.0012,2,31998698495,2502412,0
32.0013,2,32001227907,73000,1
32.0041,1,32001643507,2502412,0
32.0043,4,32004182513,73000,1
32.0068,1,32004316513,2502412,0
32.0094,4,32006855519,2502412,0
32.0119,2,32009403525,2502412,0
32.0145,3,32011969531,2502412,0
32.0196,1,32017056543,2502412,0
32.0221,3,32019586549,2502412,0
32.0246,4,32022116555,2502412,0
32.0272,2,32024655561,2502412,0
32.03,3,32027533973,2502412,0
32.0326,4,32030063979,2502412,0
32.0377,1,32035150991,2502412,0
32.0402,4,32037680997,2502412,0
32.0427,4,32040210409,2502412,0
32.0453,2,32042749415,2502412,0
32.0454,2,32045287827,73000,1
32.0454,1,32045288421,73000,1
32.0479,3,32045368421,2502412,0
32.0504,2,32047934427,2502412,0
32.0509,4,32050797439,73000,1
32.0534,1,32050886439,2502412,0
32.0535,2,32053443445,73000,1
32.0535,3,32053443445,73000,1
32.056,1,32053541445,2502412,0
32.0615,1,32059039863,2502412,0
32.0641,4,32061569869,2502412,0
32.0666,3,32064117875,2502412,0
32.0717,2,32069186887,2502412,0
32.0743,4,32071770893,2502412,0
32.0768,1,32074309899,2502412,0
32.0769,1,32076848311,73000,1
32.0769,4,32076848905,73000,1
32.0769,3,32076848905,73000,1
32.0794,2,32076937905,2502412,0
32.0795,2,32079467317,73000,1
32.0795,4,32079467911,73000,1
32.0795,3,32079467911,73000,1
32.0797,1,32079610911,73000,1
32.0848,2,32082337917,2502412,0
32.0874,4,32084885923,2502412,0
32.0875,4,32087424335,73000,1
32.09,2,32087495929,2502412,0
32.0926,2,32090106341,2502412,0
32.0977,3,32095175353,2502412,0
32.1002,3,32097731765,2502412,0
32.1028,3,32100261177,2502412,0
32.1056,2,32103106189,2502412,0
32.1083,3,32108229201,73000,1
32.1083,4,32108229201,73000,1
32.1108,2,32108318201,2502412,0
32.1134,2,32110847613,2502412,0
32.1159,1,32113395619,2502412,0
32.116,2,32115943625,73000,1
32.1186,1,32116059625,2502412,0
32.1211,3,32118625631,2502412,0
32.1237,3,32121155043,2502412,0
32.1262,1,32123685049,2502412,0
32.1316,4,32129094061,2502412,0
32.1342,3,32131660067,2502412,0
32.1343,3,32134198479,73000,1
32.1343,1,32134199073,73000,1
32.1368,4,32134270073,2502412,0
32.1393,2,32136800079,2502412,0
32.1444,2,32141878091,2502412,0
32.147,4,32144480097,2502412,0
32.1495,2,32147019103,2502412,0
32.1549,2,32152430121,2502412,0
32.1575,4,32154969127,2502412,0
32.16,3,32157499133,2502412,0
32.1629,3,32160360139,2502412,0
32.1654,1,32162890145,2502412,0
32.1705,2,32167959157,2502412,0
32.173,2,32170488569,2502412,0
32.1755,1,32173018575,2502412,0
32.1781,4,32175584581,2502412,0
32.1806,2,32178123587,2502412,0
32.1832,3,32180662593,2502412,0
32.1833,2,32183219599,73000,1
32.1833,1,32183219599,73000,1
32.1884,3,32185865605,2502412,0
32.1909,4,32188395611,2502412,0
32.1934,4,32190925023,2502412,0
32.1935,4,32193454435,73000,1
32.1935,2,32193455029,73000,1
32.196,1,32193535029,2502412,0
32.1986,3,32196065035,2502412,0
32.204,3,32201503053,2502412,0
32.2065,1,32204033059,2502412,0
32.2091,4,32206563065,2502412,0
32.2116,3,32209120071,2502412,0
32.2142,4,32211659077,2502412,0
32.2167,3,32214198083,2502412,0
32.2192,1,32216746089,2502412,0
32.2218,3,32219276095,2502412,0
32.2219,1,32221815101,73000,1
32.2244,4,32221886101,2502412,0
32.2269,4,32224424513,2502412,0
32.2295,3,32226972519,2502412,0
32.232,3,32229510931,2502412,0
32.2349,4,32232398343,2502412,0
32.2351,3,32234991349,73000,1
32.2376,4,32235107349,2502412,0
32.2401,1,32237646355,2502412,0
32.2427,2,32240176361,2502412,0
32.2452,4,32242715367,2502412,0
32.2478,2,32245263373,2502412,0
32.2528,4,32250332385,2502412,0
32.2529,1,32252862391,73000,1
32.2534,2,32253340397,73000,1
32.2534,3,32253340397,73000,1
32.2585,4,32255950403,2502412,0
32.261,3,32258480409,2502412,0
32.2635,3,32261045821,2502412,0
32.2664,1,32263906827,2502412,0
32.2689,1,32266436239,2502412,0
32.2715,1,32268965651,2502412,0
32.2716,1,32271495063,73000,1
32.2716,4,32271495657,73000,1
32.2766,3,32274132663,2502412,0
32.2768,3,32276680075,73000,1
32.2768,2,32276680669,73000,1
32.2793,1,32276832669,2502412,0
32.2845,1,32281955681,2502412,0
32.287,4,32284485687,2502412,0
32.2871,4,32287033099,73000,1
32.2871,1,32287033693,73000,1
32.2922,3,32289670699,2502412,0
32.2947,3,32292245111,2502412,0
32.2973,2,32294775117,2502412,0
32.3,2,32299925129,73000,1
32.3,3,32299925129,73000,1
32.3001,1,32300005129,73000,1
32.3051,4,32302615135,2502412,0
32.3106,4,32308062153,2502412,0
32.3131,2,32310619159,2502412,0
32.3157,1,32313176165,2502412,0
32.3158,1,32315714577,73000,1
32.3158,3,32315715171,73000,1
32.3208,4,32318343177,2502412,0
32.3234,2,32320891183,2502412,0
32.3259,1,32323430189,2502412,0
32.3311,4,32328553201,2502412,0
32.3312,1,32331083207,73000,1
32.3312,2,32331083207,73000,1
32.3337,4,32331190207,2502412,0
32.3391,1,32336634625,2502412,0
32.3417,4,32339200631,2502412,0
32.3468,2,32344269643,2502412,0
32.3493,4,32346799649,2502412,0
32.3519,1,32349365655,2502412,0
32.3547,2,32352228667,2502412,0
32.3598,4,32357306679,2502412,0
32.3599,1,32359863685,73000,1
32.3599,3,32359863685,73000,1
32.3624,2,32359943685,2502412,0
32.3679,4,32365388103,2502412,0
32.3704,1,32367936109,2502412,0
32.373,2,32370475115,2502412,0
32.3755,4,32373005121,2502412,0
32.3781,2,32375553127,2502412,0
32.3831,2,32380622139,2502412,0
32.3857,1,32383179145,2502412,0
32.3882,4,32385736151,2502412,0
32.3908,3,32388293157,2502412,0
32.3909,3,32390831569,73000,1
32.3934,2,32390912163,2502412,0
32.396,1,32393451169,2502412,0
32.3985,4,32396017175,2502412,0
32.4011,2,32398565181,2502412,0
32.4039,3,32401410193,2502412,0
32.404,1,32403940199,73000,1
32.4065,4,32404011199,2502412,0
32.4091,3,32406568205,2502412,0
32.4116,2,32409107211,2502412,0
32.4141,1,32411646217,2502412,0
32.4167,3,32414203223,2502412,0
32.4192,4,32416742229,2502412,0
32.4243,3,32421829241,2502412,0
32.4269,2,32424368247,2502412,0
32.4294,1,32426898253,2502412,0
32.4319,4,32429428259,2502412,0
32.4345,2,32431976265,2502412,0
32.437,1,32434506271,2502412,0
32.4399,3,32437348683,2502412,0
32.44,3,32439896095,73000,1
32.44,2,32439896689,73000,1
32.44,3,32439976689,73000,1
32.4402,1,32440083689,73000,1
32.4402,4,32440083689,73000,1
32.4427,2,32440217689,2502412,0
32.4453,1,32442801695,2502412,0
32.4504,1,32447888707,2502412,0
32.4532,4,32450733719,2502412,0
32.4558,2,32453263725,2502412,0
32.4583,4,32455820731,2502412,0
32.4634,2,32460898743,2502412,0
32.4659,1,32463446749,2502412,0
32.4685,4,32465985755,2502412,0
32.4713,4,32468828761,2502412,0
32.4739,4,32471376173,2502412,0
32.4764,4,32473905585,2502412,0
32.479,1,32476453591,2502412,0
32.484,2,32481513603,2502412,0
32.4866,1,32484052609,2502412,0
32.4891,4,32486582615,2502412,0
32.4917,4,32489148027,2502412,0
32.4942,3,32491696033,2502412,0
32.4943,1,32494253039,73000,1
32.4943,2,32494253039,73000,1
32.497,3,32496881045,73000,1
32.497,1,32496881045,73000,1
32.4995,4,32496970045,2502412,0
32.505,4,32502453063,2502412,0
32.5075,2,32505046069,2502412,0
32.5101,3,32507576075,2502412,0
32.5151,4,32512636087,2502412,0
32.5153,3,32515193093,73000,1
32.5153,2,32515193093,73000,1
32.5178,4,32515273093,2502412,0
32.5203,2,32517812099,2502412,0
32.5205,4,32520387105,73000,1
32.523,2,32520539105,2502412,0
32.5256,1,32523069111,2502412,0
32.5281,4,32525599117,2502412,0
32.5306,1,32528138123,2502412,0
32.5357,1,32533234135,2502412,0
32.5383,4,32535764141,2502412,0
32.5411,3,32538606553,2502412,0
32.5436,2,32541145559,2502412,0
32.5462,4,32543711565,2502412,0
32.5513,1,32548771577,2502412,0
32.5541,2,32551616589,2502412,0
32.5567,3,32554182595,2502412,0
32.5592,3,32556712007,2502412,0
32.5594,2,32559287013,73000,1
32.5594,4,32559287013,73000,1
32.5594,3,32559358013,73000,1
32.5619,1,32559429013,2502412,0
32.5645,4,32561986019,2502412,0
32.5671,3,32564552025,2502412,0
32.5672,3,32567135437,73000,1
32.5672,1,32567136031,73000,1
32.5726,4,32570049443,2502412,0
32.5751,4,32572596855,2502412,0
32.5776,1,32575126861,2502412,0
32.5802,2,32577665867,2502412,0
32.5827,2,32580195279,2502412,0
32.5853,4,32582752285,2502412,0
32.5903,3,32587830297,2502412,0
32.5905,2,32590396303,73000,1
32.5905,1,32590396303,73000,1
32.593,4,32590521303,2502412,0
32.5956,2,32593069309,2502412,0
32.5981,3,32595599315,2502412,0
32.6011,2,32601037333,73000,1
32.6011,4,32601037333,73000,1
32.6036,3,32601126333,2502412,0
32.6062,1,32603656339,2502412,0
32.6112,4,32608734351,2502412,0
32.6138,1,32611300357,2502412,0
32.6139,3,32613830363,73000,1
32.6139,2,32613830363,73000,1
32.6164,1,32613919363,2502412,0
32.6166,4,32616485369,73000,1
32.6191,2,32616592369,2502412,0
32.6217,2,32619148781,2502412,0
32.6242,1,32621687787,2502412,0
32.6267,2,32624226793,2502412,0
32.6293,1,32626756799,2502412,0
32.6294,2,32629286805,73000,1
32.6319,4,32629366805,2502412,0
32.6345,3,32631950811,2502412,0
32.637,1,32634489817,2502412,0
32.6371,2,32637055823,73000,1
32.6396,3,32637126823,2502412,0
32.6397,4,32639656829,73000,1
32.6451,1,32642606835,2502412,0
32.6476,3,32645136841,2502412,0
32.6502,3,32647747253,2502412,0
32.6504,1,32650277259,73000,1
32.6529,4,32650348259,2502412,0
32.6554,3,32652896265,2502412,0
32.6583,1,32655777277,2502412,0
32.6608,3,32658307283,2502412,0
32.6609,3,32660845695,73000,1
32.6634,2,32660917289,2502412,0
32.6635,1,32663465295,73000,1
32.6635,4,32663465295,73000,1
32.6661,3,32663563295,2502412,0
32.6686,1,32666111301,2502412,0
32.6687,1,32668649713,73000,1
32.6687,2,32668650307,73000,1
32.6712,4,32668721307,2502412,0
32.6766,3,32674111725,2502412,0
32.6792,4,32676650731,2502412,0
32.6817,2,32679198737,2502412,0
32.6843,1,32681755743,2502412,0
32.6868,4,32684285749,2502412,0
32.6893,3,32686815755,2502412,0
32.6894,1,32689354761,73000,1
32.6894,2,32689354761,73000,1
32.6945,3,32692018767,2502412,0
32.6946,2,32694548773,73000,1
32.6946,4,32694548773,73000,1
32.6972,4,32694664773,2502412,0
32.6997,1,32697212779,2502412,0
32.7022,3,32699742785,2502412,0
32.7077,1,32705153803,2502412,0
32.7078,3,32707692809,73000,1
32.7078,4,32707692809,73000,1
32.7103,1,32707826809,2502412,0
32.7154,4,32712886821,2502412,0
32.7205,4,32718045833,2502412,0
32.7231,1,32720575839,2502412,0
32.7257,3,32723150845,2502412,0
32.7258,3,32725689257,73000,1
32.7259,1,32725805851,73000,1
32.7259,2,32725805851,73000,1
32.7284,4,32725876851,2502412,0
32.7309,3,32728415857,2502412,0
32.7335,1,32730963863,2502412,0
32.7361,1,32736041875,73000,1
32.7361,3,32736041875,73000,1
32.7386,4,32736130875,2502412,0
32.7412,1,32738678881,2502412,0
32.7442,1,32744096893,73000,1
32.7442,4,32744096893,73000,1
32.7467,3,32744185893,2502412,0
32.7492,3,32746742305,2502412,0
32.7518,1,32749272311,2502412,0
32.7572,3,32754665329,2502412,0
32.7597,4,32757222335,2502412,0
32.7599,3,32759797341,73000,1
32.7599,1,32759797341,73000,1
32.7624,3,32759877341,2502412,0
32.7649,4,32762407347,2502412,0
32.77,4,32767494359,2502412,0
32.7725,3,32770042365,2502412,0
32.7751,2,32772599371,2502412,0
32.7756,4,32775478377,73000,1
32.7756,3,32775576377,73000,1
32.7756,1,32775576377,73000,1
32.7781,2,32775647377,2502412,0
32.7833,4,32780797389,2502412,0
32.7858,2,32783345395,2502412,0
32.7884,2,32785892807,2502412,0
32.7935,4,32790979819,2502412,0
32.796,3,32793509825,2502412,0
32.7986,4,32796066831,2502412,0
32.7987,4,32798614243,73000,1
32.7987,1,32798614837,73000,1
32.8012,3,32798685837,2502412,0
32.8066,2,32804051855,2502412,0
32.8091,2,32806635267,2502412,0
32.8092,2,32809173679,73000,1
32.8092,3,32809174273,73000,1
32.8143,3,32811847279,2502412,0
32.8169,4,32814377285,2502412,0
32.8195,3,32816952291,2502412,0
32.8221,3,32822030303,73000,1
32.8221,2,32822030303,73000,1
32.8246,4,32822110303,2502412,0
32.8272,3,32824649309,2502412,0
32.8297,2,32827188315,2502412,0
32.8298,2,32829726727,73000,1
32.8298,3,32829727321,73000,1
32.8349,4,32832382327,2502412,0
32.8374,3,32834921333,2502412,0
32.84,2,32837505339,2502412,0
32.8451,4,32842592351,2502412,0
32.8452,4,32845121763,73000,1
32.8452,2,32845122357,73000,1
32.8477,3,32845211357,2502412,0
32.8506,3,32848071769,2502412,0
32.856,3,32853464787,2502412,0
32.8586,3,32856084199,2502412,0
32.8637,2,32861153211,2502412,0
32.8662,2,32863682623,2502412,0
32.8687,4,32866221629,2502412,0
32.8713,2,32868751635,2502412,0
32.8738,3,32871326641,2502412,0
32.8789,4,32876422653,2502412,0
32.8818,1,32879274659,2502412,0
32.8843,1,32881804071,2502412,0
32.8844,1,32884333483,73000,1
32.8844,2,32884334077,73000,1
32.8869,3,32884423077,2502412,0
32.8895,4,32886962083,2502412,0
32.8946,4,32892049095,2502412,0
32.8971,1,32894579101,2502412,0
32.8996,3,32897127107,2502412,0
32.9022,4,32899684113,2502412,0
32.9023,3,32902223119,73000,1
32.9023,1,32902223119,73000,1
32.9077,3,32905204131,2502412,0
32.9102,2,32907743137,2502412,0
32.9128,4,32910273143,2502412,0
32.9129,2,32912821149,73000,1
32.9129,3,32912821149,73000,1
32.913,1,32912928149,73000,1
32.913,2,32912928149,73000,1
32.9155,3,32912999149,2502412,0
32.9206,4,32918068161,2502412,0
32.9232,4,32920651573,2502412,0
32.9257,1,32923190579,2502412,0
32.9282,3,32925720585,2502412,0
32.9333,2,32930843597,2502412,0
32.9359,2,32933382009,2502412,0
32.936,1,32935921015,73000,1
32.936,4,32935921015,73000,1
32.9385,3,32936010015,2502412,0
32.9411,2,32938549021,2502412,0
32.9412,4,32941097027,73000,1
32.9413,2,32941222027,73000,1
32.9413,3,32941222027,73000,1
32.9464,1,32943904033,2502412,0
32.949,2,32946470039,2502412,0
32.9518,1,32949321451,2502412,0
32.9545,4,32954381463,73000,1
32.9573,1,32954769469,2502412,0
32.9574,2,32957326475,73000,1
32.9574,3,32957326475,73000,1
32.9599,2,32957399475,2502412,0
32.9624,1,32959929481,2502412,0
32.9676,1,32965052493,2502412,0
32.9701,2,32967627499,2502412,0
32.9727,2,32970165911,2502412,0
32.9752,1,32972704917,2502412,0
32.9777,4,32975234923,2502412,0
32.9831,2,32980625341,2502412,0
32.9833,2,32983235753,73000,1
32.9833,1,32983236347,73000,1
32.9858,4,32983316347,2502412,0
32.9909,2,32988385359,2502412,0
32.9935,2,32990986771,2502412,0
32.996,4,32993516777,2502412,0
33.0011,2,32998594789,2502412,0
33.004,4,33001457801,2502412,0
33.0041,2,33003996807,73000,1
33.0041,3,33003996807,73000,1
33.0066,3,33004076807,2502412,0
33.0117,1,33009163819,2502412,0
33.0142,4,33011702825,2502412,0
33.0168,3,33014277831,2502412,0
33.0193,1,33016825837,2502412,0
33.0219,2,33019355843,2502412,0
33.0245,3,33024451855,73000,1
33.0245,4,33024451855,73000,1
33.027,1,33024540855,2502412,0
33.0296,2,33027088861,2502412,0
33.0297,2,33029654273,73000,1
33.0297,1,33029654867,73000,1
33.0348,2,33032264873,2502412,0
33.0373,1,33034812879,2502412,0
33.0399,3,33037378885,2502412,0
33.0424,1,33039908891,2502412,0
33.045,4,33042447897,2502412,0
33.0476,3,33047525909,73000,1
33.0476,2,33047525909,73000,1
33.0501,4,33047623909,2502412,0
33.053,1,33050466321,2502412,0
33.0558,1,33053311333,2502412,0
33.0584,4,33055859339,2502412,0
33.0609,4,33058397751,2502412,0
33.066,4,33063502763,2502412,0
33.0661,1,33066041769,73000,1
33.0661,3,33066041769,73000,1
33.0661,2,33066041769,73000,1
33.0686,4,33066139769,2502412,0
33.0712,3,33068678775,2502412,0
33.0737,1,33071226781,2502412,0
33.0788,4,33076313793,2502412,0
33.0813,4,33078843205,2502412,0
33.0815,1,33081400211,73000,1
33.0815,3,33081400211,73000,1
33.0842,2,33081730003,2502412,0
33.0894,4,33086862015,2502412,0
33.0919,2,33089419021,2502412,0
33.0945,4,33091985027,2502412,0
33.0996,2,33097099039,2502412,0
33.1021,4,33099629045,2502412,0
33.1047,1,33102159051,2502412,0
33.1075,4,33104995063,2502412,0
33.11,3,33107525069,2502412,0
33.1126,3,33110054481,2502412,0
33.1151,2,33112593487,2502412,0
33.1202,2,33117671499,2502412,0
33.1227,4,33120219505,2502412,0
33.1253,2,33122758511,2502412,0
33.1278,1,33125288517,2502412,0
33.1279,2,33127836523,73000,1
33.1279,4,33127836523,73000,1
33.1304,3,33127907523,2502412,0
33.133,1,33130455529,2502412,0
33.1381,2,33135569541,2502412,0
33.1406,3,33138126547,2502412,0
33.1432,1,33140674553,2502412,0
33.1457,1,33143239965,2502412,0
33.1483,1,33145769377,2502412,0
33.1533,2,33150838389,2502412,0
33.1565,3,33153995807,2502412,0
33.1566,3,33156525219,73000,1
33.1566,4,33156525813,73000,1
33.1591,2,33156623813,2502412,0
33.1617,1,33159162819,2502412,0
33.1642,1,33161701231,2502412,0
33.1693,2,33166824243,2502412,0
33.1719,1,33169390249,2502412,0
33.1745,3,33171956255,2502412,0
33.1746,1,33174513261,73000,1
33.1771,2,33174584261,2502412,0
33.1796,2,33177131673,2502412,0
33.1822,3,33179679679,2502412,0
33.1876,2,33185115097,2502412,0
33.1902,3,33187663103,2502412,0
33.1927,4,33190220109,2502412,0
33.1954,4,33195298121,73000,1
33.1954,2,33195298121,73000,1
33.1955,3,33195405121,73000,1
33.1955,1,33195405121,73000,1
33.1955,4,33195405121,73000,1
33.2006,4,33198105127,2502412,0
33.2035,3,33200968139,2502412,0
33.206,2,33203498145,2502412,0
33.2111,3,33208576157,2502412,0
33.2112,3,33211141569,73000,1
33.2112,4,33211142163,73000,1
33.2137,2,33211213163,2502412,0
33.2188,4,33216345175,2502412,0
33.2214,2,33218884181,2502412,0
33.224,3,33221450187,2502412,0
33.2241,4,33223989193,73000,1
33.2266,2,33224087193,2502412,0
33.2291,1,33226617199,2502412,0
33.2317,2,33229156205,2502412,0
33.2318,1,33231731211,73000,1
33.2318,4,33231731211,73000,1
33.2318,3,33231731211,73000,1
33.2344,2,33231856211,2502412,0
33.2369,2,33234403623,2502412,0
33.2394,3,33236942629,2502412,0
33.2445,2,33242020641,2502412,0
33.2471,1,33244586647,2502412,0
33.2472,1,33247125059,73000,1
33.2472,2,33247125653,73000,1
33.2497,3,33247196653,2502412,0
33.2551,3,33252607671,2502412,0
33.258,2,33255459083,2502412,0
33.2605,3,33258016089,2502412,0
33.2631,1,33260555095,2502412,0
33.2682,3,33265660107,2502412,0
33.2683,1,33268190113,73000,1
33.2683,2,33268190113,73000,1
33.2683,4,33268190113,73000,1
33.2708,3,33268270113,2502412,0
33.2759,3,33273393125,2502412,0
33.2785,3,33275985537,2502412,0
33.2836,1,33281099549,2502412,0
33.2862,2,33283656555,2502412,0
33.2891,2,33289060009,73000,1
33.2891,3,33289060009,73000,1
33.2917,2,33289149009,2502412,0
33.2942,1,33291679015,2502412,0
33.2967,3,33294209021,2502412,0
33.2968,2,33296748027,73000,1
33.2968,4,33296748027,73000,1
33.2993,1,33296846027,2502412,0
33.3044,3,33301906039,2502412,0
33.3048,1,33304769051,73000,1
33.3048,4,33304769051,73000,1
33.3074,2,33304849051,2502412,0
33.3099,3,33307379057,2502412,0
33.3124,2,33309918063,2502412,0
33.3126,1,33312511069,73000,1
33.3127,2,33312627069,73000,1
33.3127,3,33312627069,73000,1
33.3129,2,33312797069,73000,1
33.318,3,33315542075,2502412,0
33.3257,1,33323221499,2502412,0
33.3283,3,33325760505,2502412,0
33.3308,2,33328290511,2502412,0
33.3359,1,33333395523,2502412,0
33.3384,1,33335924935,2502412,0
33.341,3,33338454941,2502412,0
33.3435,2,33341002947,2502412,0
33.3462,2,33346125959,73000,1
33.3462,3,33346125959,73000,1
33.3487,1,33346196959,2502412,0
33.3513,1,33348762371,2502412,0
33.3517,1,33351634383,73000,1
33.3542,2,33351714383,2502412,0
33.3544,2,33354351795,73000,1
33.357,3,33354450389,2502412,0
33.3595,1,33356980395,2502412,0
33.3623,3,33359840807,2502412,0
33.3674,1,33364936819,2502412,0
33.37,1,33367502231,2502412,0
33.3725,3,33370041237,2502412,0
33.3727,2,33372580243,73000,1
33.3752,3,33372660243,2502412,0
33.3777,1,33375190249,2502412,0
33.3829,3,33380358261,2502412,0
33.383,3,33382896673,73000,1
33.383,1,33382897267,73000,1
33.3855,1,33382995267,2502412,0
33.3856,1,33385533679,73000,1
33.3907,2,33388243279,2502412,0
33.3962,1,33393679291,2502412,0
33.3987,3,33396218297,2502412,0
33.4013,2,33398748303,2502412,0
33.4014,3,33401278309,73000,1
33.4014,1,33401278309,73000,1
33.4068,2,33404275321,2502412,0
33.4119,2,33409416333,2502412,0
33.4145,1,33411964339,2502412,0
33.417,3,33414512345,2502412,0
33.4171,3,33417041757,73000,1
33.4171,1,33417042351,73000,1
33.4197,2,33417149351,2502412,0
33.4222,2,33419732763,2502412,0
33.4273,1,33424810775,2502412,0
33.4324,3,33429942787,2502412,0
33.4325,1,33432472793,73000,1
33.4325,2,33432472793,73000,1
33.435,1,33432545793,2502412,0
33.4376,3,33435093799,2502412,0
33.4427,3,33440189811,2502412,0
33.4452,1,33442719817,2502412,0
33.4478,1,33445285229,2502412,0
33.4503,3,33447824235,2502412,0
33.4532,3,33450669247,2502412,0
33.4533,1,33453217253,73000,1
33.4533,2,33453217253,73000,1
33.4558,1,33453290253,2502412,0
33.4583,2,33455829259,2502412,0
33.4609,3,33458368265,2502412,0
33.4637,1,33461228677,2502412,0
33.4663,1,33463767089,2502412,0
33.4664,1,33466296501,73000,1
33.4664,4,33466297095,73000,1
33.4689,2,33466413095,2502412,0
33.469,3,33468943101,73000,1
33.4692,2,33469077101,73000,1
33.4692,1,33469077101,73000,1
33.4717,3,33469175101,2502412,0
33.4768,3,33474334113,2502412,0
33.4794,2,33476891119,2502412,0
33.4845,1,33481987131,2502412,0
33.4871,2,33484553137,2502412,0
33.4896,3,33487083143,2502412,0
33.495,1,33492464561,2502412,0
33.4975,2,33495039567,2502412,0
33.5001,3,33497596573,2502412,0
33.5055,1,33502998591,2502412,0
33.508,2,33505546597,2502412,0
33.5106,3,33508112603,2502412,0
33.5107,2,33510642609,73000,1
33.5132,1,33510731609,2502412,0
33.5158,3,33513315615,2502412,0
33.5159,2,33515863621,73000,1
33.5184,1,33515943621,2502412,0
33.5186,1,33518527033,73000,1
33.5186,3,33518527627,73000,1
33.5237,1,33521164633,2502412,0
33.5263,1,33523748045,2502412,0
33.5313,3,33528817057,2502412,0
33.5338,3,33531346469,2502412,0
33.5364,2,33533903475,2502412,0
33.5389,3,33536433481,2502412,0
33.544,1,33541538493,2502412,0
33.5466,2,33544122499,2502412,0
33.5492,3,33546661505,2502412,0
33.5517,3,33549199917,2502412,0
33.5542,1,33551729923,2502412,0
33.5543,3,33554259929,73000,1
33.5569,2,33554357929,2502412,0
33.5597,2,33557229941,2502412,0
33.5623,1,33559759947,2502412,0
33.5651,1,33562629359,2502412,0
33.5702,2,33567734371,2502412,0
33.5728,1,33570309377,2502412,0
33.5753,1,33572838789,2502412,0
33.5779,3,33575377795,2502412,0
33.578,2,33577916801,73000,1
33.5805,1,33578041801,2502412,0
33.5831,3,33580589807,2502412,0
33.5882,1,33585739819,2502412,0
33.5908,2,33588287825,2502412,0
33.5933,3,33590817831,2502412,0
33.5988,1,33596253249,2502412,0
33.6013,1,33598782661,2502412,0
33.6041,2,33601636673,2502412,0
33.6092,3,33606705685,2502412,0
33.6093,3,33609271097,73000,1
33.6093,2,33609271691,73000,1
33.6119,1,33609369691,2502412,0
33.617,1,33614492703,2502412,0
33.6195,3,33617031709,2502412,0
33.6221,2,33619561715,2502412,0
33.6246,3,33622100721,2502412,0
33.6271,2,33624630727,2502412,0
33.6322,3,33629717739,2502412,0
33.6348,1,33632256745,2502412,0
33.6374,2,33634858751,2502412,0
33.6424,3,33639945763,2502412,0
33.645,1,33642475769,2502412,0
33.6451,1,33645005181,73000,1
33.6451,3,33645005775,73000,1
33.6476,2,33645085775,2502412,0
33.653,2,33650514793,2502412,0
33.6556,3,33653062799,2502412,0
33.6581,3,33655601211,2502412,0
33.6583,1,33658185217,73000,1
33.6608,2,33658274217,2502412,0
33.6633,3,33660822223,2502412,0
33.6659,2,33663415229,2502412,0
33.6713,4,33668787647,2502412,0
33.6738,3,33671317653,2502412,0
33.6739,4,33673856659,73000,1
33.6739,2,33673856659,73000,1
33.6791,3,33676556665,2502412,0
33.6817,2,33679149671,2502412,0
33.6843,3,33684218683,73000,1
33.6843,4,33684218683,73000,1
33.6868,3,33684307683,2502412,0
33.6894,3,33686882095,2502412,0
33.6945,2,33691951107,2502412,0
33.697,3,33694499113,2502412,0
33.6999,1,33697369119,2502412,0
33.7024,3,33699899125,2502412,0
33.7078,3,33705292143,2502412,0
33.7103,2,33707822149,2502412,0
33.7129,2,33710369561,2502412,0
33.713,3,33712899567,73000,1
33.713,1,33712899567,73000,1
33.7155,1,33712972567,2502412,0
33.718,2,33715502573,2502412,0
33.7232,2,33720661585,2502412,0
33.7257,1,33723200591,2502412,0
33.7283,1,33725748003,2502412,0
33.7308,4,33728278009,2502412,0
33.7333,3,33730808015,2502412,0
33.7358,4,33733338021,2502412,0
33.7384,2,33735868027,2502412,0
33.7435,1,33740964039,2502412,0
33.746,2,33743512045,2502412,0
33.7485,2,33746041457,2502412,0
33.7511,4,33748571463,2502412,0
33.7536,3,33751110469,2502412,0
33.7565,4,33753964481,2502412,0
33.759,2,33756494487,2502412,0
33.7615,4,33759042493,2502412,0
33.7617,1,33761581499,73000,1
33.7642,3,33761670499,2502412,0
33.7667,4,33764200505,2502412,0
33.7668,4,33766747917,73000,1
33.7668,2,33766748511,73000,1
33.7697,3,33767192003,2502412,0
33.7748,2,33772306015,2502412,0
33.7749,3,33774872021,73000,1
33.7749,1,33774872021,73000,1
33.7775,2,33774961021,2502412,0
33.78,4,33777509027,2502412,0
33.7825,2,33780039033,2502412,0
33.7876,4,33785117045,2502412,0
33.7902,2,33787683051,2502412,0
33.7903,4,33790258057,73000,1
33.7903,3,33790258057,73000,1
33.7928,2,33790338057,2502412,0
33.7979,1,33795416069,2502412,0
33.8005,2,33798018075,2502412,0
33.8013,1,33801194087,73000,1
33.8038,2,33801319087,2502412,0
33.804,1,33803885093,73000,1
33.804,4,33803885093,73000,1
33.8066,2,33806495099,73000,1
33.8066,1,33806495099,73000,1
33.8091,3,33806611099,2502412,0
33.8142,2,33811734111,2502412,0
33.8168,3,33814300117,2502412,0
33.8219,3,33819387129,2502412,0
33.8244,2,33821944135,2502412,0
33.827,3,33824501141,2502412,0
33.8322,2,33829651153,2502412,0
33.8372,3,33834729165,2502412,0
33.8398,4,33837268171,2502412,0
33.8423,3,33839816177,2502412,0
33.8449,2,33842355183,2502412,0
33.8499,3,33847442195,2502412,0
33.8525,4,33849981201,2502412,0
33.8554,2,33852853213,2502412,0
33.858,4,33857967225,73000,1
33.858,3,33857967225,73000,1
33.8606,2,33858101225,2502412,0
33.8607,3,33860631231,73000,1
33.8633,2,33860774231,2502412,0
33.8684,2,33865906243,2502412,0
33.8709,2,33868435655,2502412,0
33.8738,4,33871278067,2502412,0
33.8789,2,33876365079,2502412,0
33.884,4,33881497091,2502412,0
33.8865,1,33884027097,2502412,0
33.8891,1,33886574509,2502412,0
33.8892,4,33889113515,73000,1
33.8892,2,33889113515,73000,1
33.8943,1,33891750521,2502412,0
33.8968,4,33894343527,2502412,0
33.8994,1,33896873533,2502412,0
33.9051,4,33902587957,2502412,0
33.9052,3,33905117963,73000,1
33.9052,2,33905117963,73000,1
33.9077,1,33905188963,2502412,0
33.9078,1,33907754375,73000,1
33.9078,4,33907754969,73000,1
33.9129,1,33910436975,2502412,0
33.9155,2,33913020981,2502412,0
33.9156,4,33915550987,73000,1
33.9157,2,33915657987,73000,1
33.9157,1,33915657987,73000,1
33.9208,1,33918312993,2502412,0
33.9233,2,33920842999,2502412,0
33.9285,2,33925993011,2502412,0
33.931,3,33928523017,2502412,0
33.9336,4,33931053023,2502412,0
33.9337,3,33933583029,73000,1
33.9337,1,33933583029,73000,1
33.9363,4,33936256035,73000,1
33.9363,2,33936256035,73000,1
33.9389,4,33936399035,2502412,0
33.939,4,33938928447,73000,1
33.9415,1,33939045041,2502412,0
33.9417,1,33941610453,73000,1
33.9417,3,33941611047,73000,1
33.9467,2,33944212053,2502412,0
33.9493,4,33946778059,2502412,0
33.9547,2,33952216077,2502412,0
33.9573,3,33954755083,2502412,0
33.9598,4,33957303089,2502412,0
33.9599,1,33959851095,73000,1
33.9625,2,33959967095,2502412,0
33.965,3,33962515101,2502412,0
33.9651,3,33965044513,73000,1
33.9651,4,33965045107,73000,1
33.9702,2,33967691113,2502412,0
33.9727,4,33970239119,2502412,0
33.9756,4,33973117531,2502412,0
33.9781,4,33975646943,2502412,0
33.9807,4,33978176355,2502412,0
33.9808,2,33980706361,73000,1
33.9833,4,33980777361,2502412,0
33.9834,4,33983315773,73000,1
33.9834,1,33983316367,73000,1
33.9859,3,33983432367,2502412,0
33.9911,3,33988573379,2502412,0
33.9936,2,33991130385,2502412,0
33.9962,3,33993660391,2502412,0
34.0013,4,33998756403,2502412,0
34.0038,3,34001295409,2502412,0
34.0045,3,34004471421,73000,1
34.0045,4,34004471421,73000,1
34.0046,2,34004560421,73000,1
34.0046,1,34004560421,73000,1
34.0097,3,34007170427,2502412,0
34.0122,2,34009709433,2502412,0
34.0147,4,34012239439,2502412,0
34.0173,3,34014787445,2502412,0
34.0174,3,34017361857,73000,1
34.0174,2,34017362451,73000,1
34.0199,3,34017434857,2502412,0
34.025,3,34022494869,2502412,0
34.0275,4,34025033875,2502412,0
34.0301,2,34027599881,2502412,0
34.0326,3,34030138887,2502412,0
34.0352,3,34032677299,2502412,0
34.0377,4,34035216305,2502412,0
34.0428,2,34040303317,2502412,0
34.0454,3,34042860323,2502412,0
34.0479,4,34045408329,2502412,0
34.0505,2,34047956335,2502412,0
34.0533,4,34050792347,2502412,0
34.0558,3,34053331353,2502412,0
34.0584,2,34055879359,2502412,0
34.0635,4,34060975371,2502412,0
34.066,2,34063505377,2502412,0
34.0686,3,34066053383,2502412,0
34.0711,3,34068609795,2502412,0
34.0736,4,34071139801,2502412,0
34.0762,3,34073696807,2502412,0
34.0766,2,34076539219,73000,1
34.0792,4,34076655219,2502412,0
34.0818,3,34079248225,2502412,0
34.0819,2,34081805231,73000,1
34.0844,4,34081903231,2502412,0
34.087,3,34084460237,2502412,0
34.0871,4,34087017243,73000,1
34.0872,3,34087088243,73000,1
34.0948,2,34092330661,2502412,0
34.0974,2,34094905073,2502412,0
34.0975,4,34097435079,73000,1
34.1,2,34097542079,2502412,0
34.1026,3,34100072085,2502412,0
34.1054,3,34102944097,2502412,0
34.1109,2,34108362109,2502412,0
34.1134,2,34110936521,2502412,0
34.116,3,34113475527,2502412,0
34.1211,2,34118580539,2502412,0
34.1236,3,34121110545,2502412,0
34.1262,3,34123648957,2502412,0
34.1313,4,34128762969,2502412,0
34.1314,3,34131301975,73000,1
34.1314,2,34131301975,73000,1
34.1339,4,34131417975,2502412,0
34.139,4,34136504987,2502412,0
34.1416,4,34139079399,2502412,0
34.1441,2,34141618405,2502412,0
34.1492,1,34146687417,2502412,0
34.1517,1,34149225829,2502412,0
34.1546,4,34152070841,2502412,0
34.1571,3,34154636847,2502412,0
34.1572,1,34157175853,73000,1
34.1572,2,34157175853,73000,1
34.1598,4,34157264853,2502412,0
34.1623,3,34159794859,2502412,0
34.1649,3,34162396271,2502412,0
34.1674,4,34164926277,2502412,0
34.1701,4,34169986289,73000,1
34.1701,3,34169986289,73000,1
34.1726,1,34170075289,2502412,0
34.1752,2,34172650295,2502412,0
34.1806,1,34178068307,2502412,0
34.1807,1,34180660719,73000,1
34.1807,3,34180661313,73000,1
34.1832,2,34180732313,2502412,0
34.1883,4,34185819325,2502412,0
34.1909,1,34188376331,2502412,0
34.1934,4,34190933337,2502412,0
34.196,2,34193463343,2502412,0
34.201,1,34198523355,2502412,0
34.2039,2,34201413367,2502412,0
34.2065,1,34203952373,2502412,0
34.209,4,34206482379,2502412,0
34.2118,2,34209325385,2502412,0
34.2169,1,34214430397,2502412,0
34.2195,1,34216977809,2502412,0
34.222,4,34219507815,2502412,0
34.2245,1,34222037821,2502412,0
34.2271,2,34224576827,2502412,0
34.2296,4,34227142833,2502412,0
34.2298,1,34229681839,73000,1
34.2323,4,34229752839,2502412,0
34.2348,2,34232300845,2502412,0
34.2373,4,34234830851,2502412,0
34.2399,2,34237360857,2502412,0
34.2424,4,34239908863,2502412,0
34.245,1,34242447869,2502412,0
34.2475,3,34244986875,2502412,0
34.2526,3,34250082887,2502412,0
34.2554,2,34252918899,2502412,0
34.2555,1,34255475905,73000,1
34.2555,4,34255475905,73000,1
34.2581,2,34255555905,2502412,0
34.2606,2,34258139317,2502412,0
34.2607,4,34260669323,73000,1
34.2607,3,34260669323,73000,1
34.2608,2,34260740323,73000,1
34.2608,3,34260742323,73000,1
34.2659,1,34263442329,2502412,0
34.2685,3,34265981335,2502412,0
34.2686,3,34268555747,73000,1
34.2712,1,34268672341,2502412,0
34.2737,2,34271238347,2502412,0
34.2788,3,34276298359,2502412,0
34.2817,3,34279183003,2502412,0
34.2842,1,34281731009,2502412,0
34.2844,2,34284279015,73000,1
34.2844,4,34284279015,73000,1
34.2869,3,34284350015,2502412,0
34.2894,3,34286879427,2502412,0
34.2895,3,34289471839,73000,1
34.2895,1,34289472433,73000,1
34.2947,2,34292154439,2502412,0
34.2998,2,34297250451,2502412,0
34.3023,2,34299788863,2502412,0
34.3052,3,34302669875,2502412,0
34.3078,2,34307729887,73000,1
34.3078,1,34307729887,73000,1
34.3103,2,34307836887,2502412,0
34.3132,2,34310679893,2502412,0
34.3157,3,34313218899,2502412,0
34.3183,2,34315757905,2502412,0
34.3208,3,34318296911,2502412,0
34.3235,3,34323446923,73000,1
34.3235,2,34323446923,73000,1
34.3261,2,34323553923,2502412,0
34.3262,1,34326101929,73000,1
34.3263,2,34326262929,73000,1
34.3263,4,34326262929,73000,1
34.3314,3,34328890935,2502412,0
34.3315,3,34331438347,73000,1
34.3315,2,34331438941,73000,1
34.3366,3,34334102947,2502412,0
34.3418,3,34339279959,2502412,0
34.3469,1,34344357971,2502412,0
34.352,3,34349498983,2502412,0
34.3549,2,34352352995,2502412,0
34.355,2,34354882407,73000,1
34.355,3,34354883001,73000,1
34.355,1,34354883001,73000,1
34.3601,1,34357583007,2502412,0
34.3626,1,34360121419,2502412,0
34.3652,2,34362651425,2502412,0
34.3653,3,34365181431,73000,1
34.3678,1,34365297431,2502412,0
34.3703,1,34367844843,2502412,0
34.3705,2,34370401849,73000,1
34.3731,1,34370553849,2502412,0
34.3756,2,34373083855,2502412,0
34.3809,2,34380781279,73000,1
34.3809,1,34380781279,73000,1
34.3863,1,34383776285,2502412,0
34.3888,2,34386342291,2502412,0
34.3915,2,34391429303,73000,1
34.3915,3,34391429303,73000,1
34.394,1,34391500303,2502412,0
34.3967,1,34396659315,73000,1
34.3967,2,34396659315,73000,1
34.3993,1,34396766315,2502412,0
34.4047,2,34402177333,2502412,0
34.4072,1,34404716339,2502412,0
34.4098,3,34407255345,2502412,0
34.4148,1,34412333357,2502412,0
34.4177,2,34415176363,2502412,0
34.4203,2,34417777775,2502412,0
34.4228,3,34420307781,2502412,0
34.4279,1,34425394793,2502412,0
34.4304,2,34427924799,2502412,0
34.433,3,34430472805,2502412,0
34.4356,3,34433056217,2502412,0
34.4357,2,34435586223,73000,1
34.4357,1,34435586223,73000,1
34.4382,3,34435738223,2502412,0
34.4384,2,34438286229,73000,1
34.4384,1,34438286229,73000,1
34.4384,3,34438366229,73000,1
34.441,2,34438473229,2502412,0
34.4435,3,34441030235,2502412,0
34.4462,3,34446144247,73000,1
34.4462,2,34446144247,73000,1
34.4487,2,34446242247,2502412,0
34.4517,2,34451662265,73000,1
34.4517,3,34451662265,73000,1
34.4568,4,34454317271,2502412,0
34.4594,3,34456883277,2502412,0
34.4619,1,34459431283,2502412,0
34.467,4,34464491295,2502412,0
34.4696,1,34467066301,2502412,0
34.4721,3,34469632307,2502412,0
34.4772,2,34474692319,2502412,0
34.4797,4,34477222325,2502412,0
34.4823,1,34479761331,2502412,0
34.4848,4,34482309337,2502412,0
34.4877,4,34485178749,2502412,0
34.4878,1,34487708755,73000,1
34.4878,3,34487708755,73000,1
34.4904,4,34490327761,73000,1
34.4904,2,34490327761,73000,1
34.4929,2,34490434761,2502412,0
34.4955,2,34492991173,2502412,0
34.4956,1,34495566179,73000,1
34.4981,2,34495646179,2502412,0
34.5007,1,34498194185,2502412,0
34.5008,3,34500742191,73000,1
34.5062,4,34503705203,2502412,0
34.5063,1,34506235209,73000,1
34.5063,2,34506235209,73000,1
34.5088,1,34506308209,2502412,0
34.5113,2,34508847215,2502412,0
34.5139,4,34511386221,2502412,0
34.514,1,34513925227,73000,1
34.514,3,34513925227,73000,1
34.5194,2,34516874639,2502412,0
34.5219,2,34519413051,2502412,0
34.5244,4,34521943057,2502412,0
34.527,1,34524473063,2502412,0
34.5296,4,34527066069,2502412,0
34.5297,1,34529605075,73000,1
34.5297,2,34529605075,73000,1
34.5347,1,34532215081,2502412,0
34.5373,1,34534780493,2502412,0
34.5398,4,34537310499,2502412,0
34.5424,1,34539849505,2502412,0
34.5449,4,34542424511,2502412,0
34.55,1,34547520523,2502412,0
34.5529,1,34550365535,2502412,0
34.5554,4,34552913541,2502412,0
34.558,4,34555451953,2502412,0
34.5605,2,34557981959,2502412,0
34.563,1,34560511965,2502412,0
34.5681,2,34565607977,2502412,0
34.5707,4,34568155983,2502412,0
34.5708,2,34570712989,73000,1
34.5708,1,34570712989,73000,1
34.5733,3,34570846989,2502412,0
34.5784,4,34575925001,2502412,0
34.581,3,34578455007,2502412,0
34.5835,2,34580985013,2502412,0
34.5861,3,34583569019,2502412,0
34.5915,2,34588968437,2502412,0
34.594,4,34591507443,2502412,0
34.5966,1,34594064449,2502412,0
34.5991,3,34596603455,2502412,0
34.5992,1,34599142461,73000,1
34.5992,4,34599142461,73000,1
34.6046,2,34602085473,2502412,0
34.6071,1,34604615479,2502412,0
34.6097,1,34607153891,2502412,0
34.6122,3,34609701897,2502412,0
34.6148,1,34612249903,2502412,0
34.6173,4,34614788909,2502412,0
34.6198,2,34617318915,2502412,0
34.6252,1,34622700927,2502412,0
34.6278,2,34625257933,2502412,0
34.6303,3,34627805939,2502412,0
34.6328,2,34630335945,2502412,0
34.6354,4,34632892951,2502412,0
34.6379,1,34635422957,2502412,0
34.6405,1,34637979369,2502412,0
34.6456,2,34643057381,2502412,0
34.6457,2,34645586793,73000,1
34.6457,1,34645587387,73000,1
34.6457,4,34645658387,73000,1
34.6457,3,34645658387,73000,1
34.6482,2,34645747387,2502412,0
34.6508,3,34648295393,2502412,0
34.6509,2,34650825399,73000,1
34.6563,3,34653840411,2502412,0
34.6589,1,34656379417,2502412,0
34.6614,2,34658909423,2502412,0
34.664,4,34661466429,2502412,0
34.6665,2,34664005435,2502412,0
34.6691,4,34666553441,2502412,0
34.6692,1,34669083447,73000,1
34.6692,3,34669083447,73000,1
34.6717,2,34669235447,2502412,0
34.6743,2,34671773859,2502412,0
34.6768,4,34674312865,2502412,0
34.6769,1,34676869871,73000,1
34.6795,4,34676985871,2502412,0
34.682,2,34679524877,2502412,0
34.6846,3,34682054883,2502412,0
34.6897,4,34687168895,2502412,0
34.6925,3,34690038307,2502412,0
34.6951,2,34692577313,2502412,0
34.6952,4,34695125319,73000,1
34.6977,3,34695196319,2502412,0
34.6978,2,34697735325,73000,1
34.6978,4,34697735325,73000,1
34.7003,3,34697806325,2502412,0
34.7058,3,34703280343,2502412,0
34.7083,2,34705846349,2502412,0
34.7109,3,34708376355,2502412,0
34.7134,2,34710906361,2502412,0
34.7185,3,34715966373,2502412,0
34.7211,1,34718568379,2502412,0
34.7239,2,34721429385,2502412,0
34.729,3,34726498397,2502412,0
34.7315,2,34729028403,2502412,0
34.7341,1,34731558409,2502412,0
34.7366,2,34734124415,2502412,0
34.7392,1,34736672421,2502412,0
34.7393,3,34739211427,73000,1
34.7418,4,34739300427,2502412,0
34.7443,2,34741830433,2502412,0
34.7445,2,34744377845,73000,1
34.7445,4,34744378439,73000,1
34.7445,3,34744467439,73000,1
34.7445,1,34744467439,73000,1
34.7445,2,34744467439,73000,1
34.7446,4,34744547439,73000,1
34.7446,3,34744547439,73000,1
34.7497,2,34747184445,2502412,0
34.7523,2,34749776857,2502412,0
34.7577,2,34755214875,2502412,0
34.7603,1,34757789881,2502412,0
34.7654,2,34762894893,2502412,0
34.7679,1,34765442899,2502412,0
34.7705,1,34767972311,2502412,0
34.773,1,34770501723,2502412,0
34.7781,2,34775588735,2502412,0
34.7806,4,34778136741,2502412,0
34.7832,1,34780693747,2502412,0
34.7857,4,34783232753,2502412,0
34.7883,2,34785762759,2502412,0
34.7937,2,34791189771,2502412,0
34.7962,1,34793728777,2502412,0
34.7988,4,34796294783,2502412,0
34.8013,1,34798833789,2502412,0
34.8039,2,34801363795,2502412,0
34.8068,2,34804306807,2502412,0
34.8094,1,34806854813,2502412,0
34.8119,3,34809393819,2502412,0
34.8144,4,34811923825,2502412,0
34.8145,3,34814453831,73000,1
34.8145,1,34814453831,73000,1
34.8145,2,34814453831,73000,1
34.8196,4,34817108837,2502412,0
34.8222,4,34819683249,2502412,0
34.8251,2,34822575003,2502412,0
34.8301,3,34827644015,2502412,0
34.8327,4,34830183021,2502412,0
34.8352,2,34832713027,2502412,0
34.8378,1,34835252033,2502412,0
34.8403,3,34837800039,2502412,0
34.8429,4,34840348045,2502412,0
34.8479,3,34845408057,2502412,0
34.848,1,34847965063,73000,1
34.848,2,34847965063,73000,1
34.8506,2,34848054063,2502412,0
34.8531,3,34850584069,2502412,0
34.8559,4,34853429081,2502412,0
34.8585,4,34856003493,2502412,0
34.8611,3,34861063505,73000,1
34.8611,1,34861063505,73000,1
34.8612,4,34861143505,73000,1
34.8612,2,34861143505,73000,1
34.8637,4,34861216505,2502412,0
34.8663,2,34863782511,2502412,0
34.8688,4,34866321517,2502412,0
34.8714,2,34868860523,2502412,0
34.8739,4,34871390529,2502412,0
34.874,2,34873956535,73000,1
34.8765,3,34874027535,2502412,0
34.8767,4,34876593541,73000,1
34.8767,2,34876593541,73000,1
34.8792,3,34876727541,2502412,0
34.8844,4,34881859553,2502412,0
34.8869,3,34884416559,2502412,0
34.8894,1,34886946565,2502412,0
34.8896,3,34889494571,73000,1
34.8921,4,34889565571,2502412,0
34.8946,3,34892104577,2502412,0
34.8975,1,34894955989,2502412,0
34.8976,1,34897485401,73000,1
34.8976,3,34897485995,73000,1
34.9001,4,34897592995,2502412,0
34.9055,3,34903004013,2502412,0
34.9057,4,34905579019,73000,1
34.9057,1,34905579019,73000,1
34.9057,2,34905650019,73000,1
34.9057,1,34905652019,73000,1
34.9058,3,34905750019,73000,1
34.9058,4,34905750019,73000,1
34.9136,3,34911069437,2502412,0
34.9187,2,34916192449,2502412,0
34.9188,3,34918740455,73000,1
34.9213,2,34918811455,2502412,0
34.9239,4,34921359461,2502412,0
34.9293,4,34926794879,2502412,0
34.9318,2,34929324885,2502412,0
34.9344,4,34931854891,2502412,0
34.9369,2,34934393897,2502412,0
34.942,1,34939507909,2502412,0
34.9446,1,34942055321,2502412,0
34.9447,4,34944585327,73000,1
34.9447,3,34944585327,73000,1
34.9472,2,34944656327,2502412,0
34.9497,2,34947194739,2502412,0
34.9498,1,34949760745,73000,1
34.9498,4,34949760745,73000,1
34.9523,4,34949840745,2502412,0
34.9552,4,34952721757,2502412,0
34.9578,2,34955251763,2502412,0
34.9579,4,34957781769,73000,1
34.9579,1,34957781769,73000,1
34.9629,2,34960427775,2502412,0
34.9632,2,34963083187,73000,1
34.9632,4,34963154781,73000,1
34.9632,2,34963156187,73000,1
34.9657,3,34963236187,2502412,0
34.9683,2,34965784193,2502412,0
34.971,2,34970907205,73000,1
34.971,3,34970907205,73000,1
34.9737,2,34973652211,73000,1
34.9762,3,34973732211,2502412,0
34.9788,1,34976289217,2502412,0
34.9839,2,34981394229,2502412,0
34.9864,2,34983932641,2502412,0
34.9865,1,34986471647,73000,1
34.9865,3,34986471647,73000,1
34.9866,4,34986542647,73000,1
34.9866,1,34986544647,73000,1
34.9917,2,34989226653,2502412,0
34.9943,2,34991783065,2502412,0
34.9997,3,34997246077,2502412,0
35.0023,2,34999776083,2502412,0
35.0077,2,35005169101,2502412,0
35.0102,2,35007698513,2502412,0
35.0128,3,35010264519,2502412,0
35.0179,2,35015369531,2502412,0
35.0204,3,35017926537,2502412,0
35.0255,3,35023031549,2502412,0
35.0281,1,35025588555,2502412,0
35.0309,2,35028431561,2502412,0
35.0335,3,35030961567,2502412,0
35.036,3,35033508979,2502412,0
35.0411,1,35038568991,2502412,0
35.0436,1,35041143403,2502412,0
35.0462,3,35043673409,2502412,0
35.0463,3,35046220821,73000,1
35.0463,2,35046221415,73000,1
35.0514,1,35048894421,2502412,0
35.0543,1,35051802433,2502412,0
35.0594,3,35056889445,2502412,0
35.0595,4,35059428451,73000,1
35.0595,2,35059428451,73000,1
35.062,1,35059526451,2502412,0
35.0646,1,35062055863,2502412,0
35.0696,3,35067133875,2502412,0
35.0722,3,35069663287,2502412,0
35.0747,1,35072211293,2502412,0
35.0799,3,35077370305,2502412,0
35.0824,1,35079918311,2502412,0
35.085,3,35082457317,2502412,0
35.0875,1,35085005323,2502412,0
35.0926,1,35090074335,2502412,0
35.0951,1,35092603747,2502412,0
35.0977,3,35095178753,2502412,0
35.1002,2,35097744759,2502412,0
35.1007,1,35100587171,73000,1
35.1035,3,35101000177,2502412,0
35.1061,3,35103556589,2502412,0
35.1086,2,35106113595,2502412,0
35.1137,2,35111182607,2502412,0
35.1163,3,35113757613,2502412,0
35.1188,3,35116305025,2502412,0
35.1213,1,35118844031,2502412,0
35.1239,4,35121374037,2502412,0
35.1264,4,35123903449,2502412,0
35.1315,2,35128972461,2502412,0
35.1343,1,35131842467,2502412,0
35.1369,3,35134381473,2502412,0
35.1394,4,35136920479,2502412,0
35.142,2,35139459485,2502412,0
35.1445,1,35141998491,2502412,0
35.147,2,35144537497,2502412,0
35.1521,4,35149624509,2502412,0
35.1547,3,35152154515,2502412,0
35.1575,2,35154999527,2502412,0
35.16,4,35157538533,2502412,0
35.1602,3,35160086539,73000,1
35.1602,1,35160086539,73000,1
35.1627,1,35160159539,2502412,0
35.1652,4,35162698545,2502412,0
35.1678,2,35165255551,2502412,0
35.1729,3,35170351563,2502412,0
35.1754,4,35172890569,2502412,0
35.1755,4,35175419981,73000,1
35.1755,2,35175420575,73000,1
35.1755,1,35175420575,73000,1
35.1781,3,35175581575,2502412,0
35.1832,3,35180659587,2502412,0
35.1858,2,35183252593,2502412,0
35.1883,4,35185782599,2502412,0
35.1884,2,35188330605,73000,1
35.1884,3,35188330605,73000,1
35.1885,1,35188401605,73000,1
35.191,3,35188472605,2502412,0
35.1935,4,35191002611,2502412,0
35.1961,4,35193595023,2502412,0
35.2012,3,35198691035,2502412,0
35.2044,2,35201866453,2502412,0
35.2069,4,35204423459,2502412,0
35.2095,3,35206962465,2502412,0
35.2146,2,35212049477,2502412,0
35.2171,3,35214615483,2502412,0
35.2197,4,35217154489,2502412,0
35.2198,4,35219683901,73000,1
35.2198,2,35219684495,73000,1
35.2248,1,35222330501,2502412,0
35.2274,3,35224905507,2502412,0
35.2299,3,35227443919,2502412,0
35.2325,1,35229991925,2502412,0
35.2379,2,35235391937,2502412,0
35.2404,1,35237921943,2502412,0
35.243,1,35240451355,2502412,0
35.2431,3,35242981361,73000,1
35.2431,4,35242981361,73000,1
35.2456,2,35243052361,2502412,0
35.2481,3,35245591367,2502412,0
35.2506,3,35248138779,2502412,0
35.2533,1,35250757785,2502412,0
35.2561,4,35253638797,2502412,0
35.2587,2,35256168803,2502412,0
35.2612,3,35258716809,2502412,0
35.2638,2,35261255815,2502412,0
35.2663,1,35263785821,2502412,0
35.2688,2,35266333827,2502412,0
35.2689,3,35268872833,73000,1
35.269,4,35268952833,73000,1
35.269,3,35268952833,73000,1
35.2716,1,35269077833,2502412,0
35.2741,2,35271625839,2502412,0
35.2767,2,35274182251,2502412,0
35.2792,1,35276739257,2502412,0
35.2843,4,35281826269,2502412,0
35.2869,2,35284365275,2502412,0
35.2894,1,35286922281,2502412,0
35.292,2,35289479287,2502412,0
35.2971,4,35294566299,2502412,0
35.2996,3,35297123305,2502412,0
35.3022,4,35299653311,2502412,0
35.3047,1,35302183317,2502412,0
35.3078,3,35305340735,2502412,0
35.3104,1,35307879741,2502412,0
35.3105,1,35310409153,73000,1
35.3105,2,35310409747,73000,1
35.3155,4,35313028753,2502412,0
35.3181,3,35315612759,2502412,0
35.3182,3,35318142171,73000,1
35.3182,1,35318142765,73000,1
35.3207,4,35318222765,2502412,0
35.3208,3,35320770771,73000,1
35.3208,1,35320770771,73000,1
35.3233,2,35320841771,2502412,0
35.326,2,35325964783,73000,1
35.326,4,35325964783,73000,1
35.3286,3,35326062783,2502412,0
35.3337,3,35331230795,2502412,0
35.3363,1,35333760801,2502412,0
35.3391,2,35336612807,2502412,0
35.3442,4,35341699819,2502412,0
35.3443,1,35344274825,73000,1
35.3443,3,35344274825,73000,1
35.3494,2,35346902831,2502412,0
35.352,4,35349450837,2502412,0
35.3545,4,35351980249,2502412,0
35.3574,3,35354852261,2502412,0
35.3575,1,35357391267,73000,1
35.36,4,35357462267,2502412,0
35.3625,2,35360019273,2502412,0
35.3651,4,35362558279,2502412,0
35.3676,3,35365088285,2502412,0
35.3701,4,35367636291,2502412,0
35.3752,3,35372723303,2502412,0
35.3754,2,35375289309,73000,1
35.3754,1,35375289309,73000,1
35.3779,4,35375378309,2502412,0
35.3804,4,35377916721,2502412,0
35.383,3,35380455727,2502412,0
35.388,4,35385533739,2502412,0
35.3906,3,35388117745,2502412,0
35.3908,3,35390683157,73000,1
35.3908,4,35390683751,73000,1
35.3958,2,35393338757,2502412,0
35.3984,4,35395868763,2502412,0
35.4009,2,35398398769,2502412,0
35.4038,1,35401252781,2502412,0
35.4091,3,35406643793,2502412,0
35.4093,2,35409218799,73000,1
35.4093,4,35409218799,73000,1
35.4094,2,35409307799,73000,1
35.4094,4,35409307799,73000,1
35.4119,1,35409378799,2502412,0
35.4144,3,35411917805,2502412,0
35.4196,3,35417076817,2502412,0
35.4221,1,35419606823,2502412,0
35.4272,3,35424711835,2502412,0
35.4297,4,35427241841,2502412,0
35.4299,3,35429816847,73000,1
35.4299,1,35429816847,73000,1
35.4324,2,35429887847,2502412,0
35.4349,4,35432417853,2502412,0
35.4403,4,35437799271,2502412,0
35.4428,1,35440338277,2502412,0
35.4454,2,35442877283,2502412,0
35.4479,3,35445407289,2502412,0
35.4505,4,35447964295,2502412,0
35.453,1,35450494301,2502412,0
35.4559,2,35453348313,2502412,0
35.456,1,35455878319,73000,1
35.4585,4,35455976319,2502412,0
35.4586,2,35458515325,73000,1
35.4586,3,35458515325,73000,1
35.4587,4,35458667325,73000,1
35.4587,1,35458667325,73000,1
35.4638,1,35461322331,2502412,0
35.469,3,35466463343,2502412,0
35.4715,2,35469002349,2502412,0
35.4716,3,35471532355,73000,1
35.4716,1,35471532355,73000,1
35.4717,4,35471603355,73000,1
35.4717,1,35471605355,73000,1
35.4742,3,35471685355,2502412,0
35.4767,1,35474224361,2502412,0
35.4818,3,35479311373,2502412,0
35.4819,3,35481876785,73000,1
35.482,2,35481877379,73000,1
35.4845,1,35481948379,2502412,0
35.487,1,35484495791,2502412,0
35.4895,2,35487025797,2502412,0
35.4946,3,35492130809,2502412,0
35.4972,2,35494696815,2502412,0
35.4997,1,35497244821,2502412,0
35.4999,2,35499810827,73000,1
35.4999,3,35499810827,73000,1
35.5024,3,35499899827,2502412,0
35.5053,2,35502762839,2502412,0
35.5078,4,35505310845,2502412,0
35.5082,4,35508153257,73000,1
35.5082,1,35508153257,73000,1
35.5133,2,35510763263,2502412,0
35.5158,2,35513292675,2502412,0
35.5159,2,35515849087,73000,1
35.5159,3,35515849681,73000,1
35.5159,4,35515849681,73000,1
35.521,3,35518522687,2502412,0
35.5236,3,35521079099,2502412,0
35.5261,2,35523618105,2502412,0
35.5263,2,35526192517,73000,1
35.5263,1,35526193111,73000,1
35.5288,3,35526264111,2502412,0
35.5313,3,35528820523,2502412,0
35.5365,3,35533997535,2502412,0
35.539,2,35536545541,2502412,0
35.5444,2,35541927553,2502412,0
35.547,2,35544456965,2502412,0
35.5495,3,35546995971,2502412,0
35.552,4,35549525977,2502412,0
35.5549,2,35552406989,2502412,0
35.56,4,35557467001,2502412,0
35.5625,2,35560024007,2502412,0
35.5651,3,35562554013,2502412,0
35.5676,4,35565102019,2502412,0
35.5727,2,35570243031,2502412,0
35.5753,3,35572773037,2502412,0
35.5754,2,35575312043,73000,1
35.5754,4,35575312043,73000,1
35.5754,1,35575312043,73000,1
35.5779,3,35575401043,2502412,0
35.5805,3,35577975455,2502412,0
35.5855,3,35583035467,2502412,0
35.5881,2,35585628473,2502412,0
35.5907,3,35588158479,2502412,0
35.5932,4,35590715485,2502412,0
35.5933,4,35593253897,73000,1
35.5959,2,35593352491,2502412,0
35.5984,3,35595927497,2502412,0
35.6038,2,35601338515,2502412,0
35.6064,3,35603895521,2502412,0
35.6089,2,35606443527,2502412,0
35.6115,3,35608973533,2502412,0
35.6119,4,35611824945,73000,1
35.6144,3,35611904945,2502412,0
35.6146,2,35614506951,73000,1
35.6146,1,35614506951,73000,1
35.6171,3,35614586951,2502412,0
35.6222,2,35619655963,2502412,0
35.6247,3,35622221969,2502412,0
35.6273,2,35624769975,2502412,0
35.6298,2,35627317387,2502412,0
35.6349,3,35632440399,2502412,0
35.6375,2,35634970405,2502412,0
35.64,3,35637500411,2502412,0
35.6426,2,35640048417,2502412,0
35.648,4,35645502429,2502412,0
35.6481,2,35648032435,73000,1
35.6481,3,35648032435,73000,1
35.6506,4,35648130435,2502412,0
35.6536,1,35651066447,2502412,0
35.6561,4,35653596453,2502412,0
35.6586,3,35656144459,2502412,0
35.6588,3,35658691871,73000,1
35.6588,4,35658692465,73000,1
35.6638,2,35661302471,2502412,0
35.6664,1,35663877477,2502412,0
35.6665,3,35666416483,73000,1
35.6665,4,35666416483,73000,1
35.669,4,35666496483,2502412,0
35.6715,1,35669026489,2502412,0
35.6741,4,35671556495,2502412,0
35.6766,2,35674086501,2502412,0
35.6817,1,35679155513,2502412,0
35.6842,1,35681702925,2502412,0
35.6868,4,35684250931,2502412,0
35.6869,4,35686789343,73000,1
35.6869,2,35686789937,73000,1
35.6894,1,35686878937,2502412,0
35.6945,1,35692010949,2502412,0
35.6971,2,35694558955,2502412,0
35.7022,1,35699708967,2502412,0
35.7023,2,35702238973,73000,1
35.7051,4,35702626979,2502412,0
35.7077,1,35705201985,2502412,0
35.7128,1,35710261997,2502412,0
35.7132,1,35713122409,73000,1
35.7132,4,35713122409,73000,1
35.7132,3,35713122409,73000,1
35.7132,2,35713122409,73000,1
35.7184,1,35715894415,2502412,0
35.7235,4,35720990427,2502412,0
35.726,2,35723520433,2502412,0
35.7286,4,35726059439,2502412,0
35.7287,1,35728616445,73000,1
35.7288,4,35728714445,73000,1
35.7288,2,35728714445,73000,1
35.7339,2,35731387451,2502412,0
35.7364,2,35733934863,2502412,0
35.7366,2,35736509275,73000,1
35.7391,3,35736580869,2502412,0
35.7416,3,35739137281,2502412,0
35.7417,3,35741675693,73000,1
35.7417,4,35741676287,73000,1
35.7442,1,35741747287,2502412,0
35.7496,3,35747147299,2502412,0
35.7522,2,35749686305,2502412,0
35.7547,3,35752216311,2502412,0
35.7576,1,35755061323,2502412,0
35.7601,2,35757627329,2502412,0
35.7627,1,35760157335,2502412,0
35.7677,1,35765235347,2502412,0
35.7678,1,35767764759,73000,1
35.7678,3,35767765353,73000,1
35.7703,3,35767838353,2502412,0
35.7729,2,35770395359,2502412,0
35.7754,3,35772943365,2502412,0
35.778,3,35775481777,2502412,0
35.7805,2,35778029783,2502412,0
35.7831,1,35780568789,2502412,0
35.7881,2,35785637801,2502412,0
35.7883,1,35788194807,73000,1
35.7883,4,35788194807,73000,1
35.7908,2,35788283807,2502412,0
35.7933,3,35790813813,2502412,0
35.7959,3,35793406225,2502412,0
35.7984,4,35795936231,2502412,0
35.7985,4,35798474643,73000,1
35.7985,1,35798475237,73000,1
35.8011,2,35798573237,2502412,0
35.8039,3,35801427249,2502412,0
35.8041,2,35804020255,73000,1
35.8041,1,35804020255,73000,1
35.8092,3,35806657261,2502412,0
35.8118,2,35809250267,2502412,0
35.8119,3,35811789273,73000,1
35.8119,4,35811789273,73000,1
35.8144,2,35811905273,2502412,0
35.8199,2,35817368285,2502412,0
35.82,2,35819924697,73000,1
35.8226,3,35820068291,2502412,0
35.8276,3,35825146303,2502412,0
35.8302,1,35827703309,2502412,0
35.8303,3,35830251315,73000,1
35.8329,4,35830376315,2502412,0
35.833,1,35832933321,73000,1
35.833,2,35832933321,73000,1
35.8331,1,35833006321,73000,1
35.8356,3,35833113321,2502412,0
35.8382,4,35835652327,2502412,0
35.8407,4,35838181739,2502412,0
35.8458,3,35843268751,2502412,0
35.8483,3,35845834163,2502412,0
35.8512,4,35848677169,2502412,0
35.8566,3,35854088187,2502412,0
35.8591,3,35856617599,2502412,0
35.8617,4,35859156605,2502412,0
35.8642,4,35861686017,2502412,0
35.8643,3,35864243023,73000,1
35.8643,1,35864243023,73000,1
35.8694,1,35866898029,2502412,0
35.8719,4,35869428035,2502412,0
35.8745,3,35871985041,2502412,0
35.877,3,35874532453,2502412,0
35.8796,1,35877080459,2502412,0
35.8822,4,35882140471,73000,1
35.8822,2,35882140471,73000,1
35.8847,4,35882247471,2502412,0
35.8873,2,35884786477,2502412,0
35.8898,1,35887325483,2502412,0
35.8924,3,35889855489,2502412,0
35.8951,1,35894987501,73000,1
35.8951,4,35894987501,73000,1
35.8976,2,35895058501,2502412,0
35.9001,3,35897615507,2502412,0
35.903,4,35900469519,2502412,0
35.9055,2,35903008525,2502412,0
35.9082,2,35908086537,73000,1
35.9082,3,35908086537,73000,1
35.9107,4,35908175537,2502412,0
35.9132,1,35910714543,2502412,0
35.9157,4,35913244549,2502412,0
35.9183,4,35915818961,2502412,0
35.9212,3,35918670373,2502412,0
35.9262,3,35923730385,2502412,0
35.9288,4,35926260391,2502412,0
35.9313,1,35928808397,2502412,0
35.9339,4,35931356403,2502412,0
35.9364,3,35933895409,2502412,0
35.9389,1,35936443415,2502412,0
35.9415,2,35938991421,2502412,0
35.9416,3,35941530427,73000,1
35.9417,2,35941601427,73000,1
35.9417,1,35941601427,73000,1
35.9417,4,35941672427,73000,1
35.9417,1,35941674427,73000,1
35.9443,1,35941763427,2502412,0
35.9468,2,35944302433,2502412,0
35.9494,1,35946868439,2502412,0
35.9523,1,35949756445,2502412,0
35.9552,2,35955149463,73000,1
35.9552,3,35955149463,73000,1
35.9577,1,35955220463,2502412,0
35.9603,4,35957786469,2502412,0
35.9628,2,35960325475,2502412,0
35.9654,2,35962863887,2502412,0
35.9679,2,35965393299,2502412,0
35.9704,1,35967932305,2502412,0
35.9705,4,35970462311,73000,1
35.973,2,35970542311,2502412,0
35.9756,1,35973081317,2502412,0
35.9781,3,35975611323,2502412,0
35.9807,1,35978186329,2502412,0
35.9832,2,35980716335,2502412,0
35.9858,4,35983255341,2502412,0
35.9883,3,35985803347,2502412,0
35.9884,4,35988342353,73000,1
35.9909,1,35988422353,2502412,0
35.9935,2,35990961359,2502412,0
35.996,1,35993527365,2502412,0
35.9986,2,35996057371,2502412,0
36.0011,3,35998596377,2502412,0
36.0039,3,36001441389,2502412,0
36.0065,1,36003998395,2502412,0
36.0066,4,36006528401,73000,1
36.0067,1,36006626401,73000,1
36.0067,2,36006626401,73000,1
36.0092,3,36006706401,2502412,0
36.0143,1,36011802413,2502412,0
36.0168,3,36014332419,2502412,0
36.0194,1,36016862425,2502412,0
36.0195,1,36019391837,73000,1
36.0195,2,36019392431,73000,1
36.022,4,36019472431,2502412,0
36.0248,4,36022332843,2502412,0
36.0274,3,36024871849,2502412,0
36.0299,4,36027419855,2502412,0
36.0325,3,36029949861,2502412,0
36.0351,4,36035045873,73000,1
36.0351,1,36035045873,73000,1
36.0376,3,36035116873,2502412,0
36.0402,3,36037673285,2502412,0
36.0427,4,36040203291,2502412,0
36.0453,4,36042768703,2502412,0
36.0478,3,36045298709,2502412,0
36.0503,3,36047846121,2502412,0
36.0529,1,36050385127,2502412,0
36.0536,4,36053543139,73000,1
36.0562,1,36053659139,2502412,0
36.0587,3,36056189145,2502412,0
36.0613,1,36058773151,2502412,0
36.0638,4,36061330157,2502412,0
36.0639,4,36063868569,73000,1
36.0639,3,36063869163,73000,1
36.064,2,36063940163,73000,1
36.0641,1,36064029163,73000,1
36.0641,4,36064029163,73000,1
36.0666,3,36064127163,2502412,0
36.0692,2,36066657169,2502412,0
36.0717,2,36069222581,2502412,0
36.0718,3,36071770587,73000,1
36.0744,3,36071850587,2502412,0
36.0769,3,36074388999,2502412,0
36.082,1,36079485011,2502412,0
36.0845,2,36082015017,2502412,0
36.087,2,36084544429,2502412,0
36.0872,2,36087127841,73000,1
36.0872,3,36087128435,73000,1
36.0922,4,36089747441,2502412,0
36.0948,1,36092295447,2502412,0
36.095,4,36094906453,73000,1
36.0975,1,36094986453,2502412,0
36.1001,1,36097551865,2502412,0
36.1002,2,36100081871,73000,1
36.1002,3,36100081871,73000,1
36.1055,4,36103024883,2502412,0
36.1081,2,36105554889,2502412,0
36.1106,1,36108102895,2502412,0
36.1107,1,36110641307,73000,1
36.1107,2,36110641901,73000,1
36.1158,4,36113305907,2502412,0
36.1184,4,36115898319,2502412,0
36.1209,2,36118437325,2502412,0
36.121,2,36120975737,73000,1
36.121,4,36120976331,73000,1
36.121,1,36120976331,73000,1
36.1264,2,36123890337,2502412,0
36.129,2,36126482749,2502412,0
36.1291,4,36129057755,73000,1
36.1316,2,36129128755,2502412,0
36.1342,1,36131658761,2502412,0
36.1367,1,36134197173,2502412,0
36.1392,3,36136745179,2502412,0
36.1419,1,36141859191,73000,1
36.1419,2,36141859191,73000,1
36.1445,3,36141984191,2502412,0
36.1496,1,36147080203,2502412,0
36.1497,3,36149637209,73000,1
36.1497,2,36149637209,73000,1
36.1551,1,36152634221,2502412,0
36.158,1,36155522227,2502412,0
36.1632,4,36160663239,2502412,0
36.1633,1,36163193245,73000,1
36.1633,3,36163193245,73000,1
36.1684,4,36165893251,2502412,0
36.1735,4,36170998263,2502412,0
36.176,4,36173527675,2502412,0
36.1786,4,36176057087,2502412,0
36.1837,2,36181162099,2502412,0
36.1862,1,36183692105,2502412,0
36.1888,4,36186258111,2502412,0
36.1913,1,36188788117,2502412,0
36.1964,2,36193884129,2502412,0
36.1989,2,36196431541,2502412,0
36.1991,1,36198997547,73000,1
36.1991,4,36198997547,73000,1
36.1992,2,36199077547,73000,1
36.1993,4,36199202547,73000,1
36.1993,3,36199202547,73000,1
36.2044,1,36201857553,2502412,0
36.2098,4,36207313571,2502412,0
36.2124,1,36209861577,2502412,0
36.2149,2,36212400583,2502412,0
36.22,4,36217496595,2502412,0
36.2225,1,36220044601,2502412,0
36.2251,2,36222574607,2502412,0
36.2255,4,36225444019,73000,1
36.2281,1,36225551019,2502412,0
36.2306,1,36228107431,2502412,0
36.2332,2,36230655437,2502412,0
36.2383,2,36235787449,2502412,0
36.2408,1,36238317455,2502412,0
36.2459,3,36243404467,2502412,0
36.2484,2,36245934473,2502412,0
36.251,4,36248473479,2502412,0
36.2538,1,36251327491,2502412,0
36.2564,3,36253866497,2502412,0
36.2593,3,36259257509,73000,1
36.2593,2,36259257509,73000,1
36.2618,4,36259328509,2502412,0
36.2619,4,36261875921,73000,1
36.2619,1,36261876515,73000,1
36.2645,3,36262028515,2502412,0
36.2671,3,36264557927,2502412,0
36.2722,4,36269662939,2502412,0
36.2723,3,36272210945,73000,1
36.2723,2,36272210945,73000,1
36.2748,4,36272308945,2502412,0
36.2773,4,36274847357,2502412,0
36.2775,2,36277377363,73000,1
36.28,1,36277475363,2502412,0
36.2825,1,36280013775,2502412,0
36.2851,4,36282588781,2502412,0
36.2902,1,36287666793,2502412,0
36.2903,4,36290259799,73000,1
36.2903,3,36290259799,73000,1
36.2954,1,36292896805,2502412,0
36.298,1,36295498217,2502412,0
36.3034,3,36300891235,2502412,0
36.3059,4,36303421241,2502412,0
36.3085,3,36305969247,2502412,0
36.311,1,36308508253,2502412,0
36.3135,3,36311038259,2502412,0
36.3136,1,36313568265,73000,1
36.3161,1,36313641265,2502412,0
36.3187,1,36316197677,2502412,0
36.3212,4,36318745683,2502412,0
36.3238,4,36321275095,2502412,0
36.3263,3,36323823101,2502412,0
36.3265,3,36326388513,73000,1
36.3265,1,36326389107,73000,1
36.3318,4,36329312113,2502412,0
36.3344,3,36331869119,2502412,0
36.337,4,36334453125,2502412,0
36.3395,1,36336992131,2502412,0
36.342,3,36339522137,2502412,0
36.3421,2,36342061143,73000,1
36.3422,1,36342150143,73000,1
36.3422,4,36342150143,73000,1
36.3447,3,36342221143,2502412,0
36.3473,1,36344778149,2502412,0
36.3524,3,36349901161,2502412,0
36.3549,1,36352431167,2502412,0
36.3578,4,36355294179,2502412,0
36.3603,3,36357824185,2502412,0
36.3632,1,36360685191,2502412,0
36.3683,4,36365835203,2502412,0
36.3684,1,36368365209,73000,1
36.3684,3,36368365209,73000,1
36.3709,4,36368436209,2502412,0
36.3735,3,36370984215,2502412,0
36.376,4,36373514221,2502412,0
36.3787,3,36378610233,73000,1
36.3787,1,36378610233,73000,1
36.3812,4,36378744233,2502412,0
36.3864,4,36383894245,2502412,0
36.3915,4,36388999257,2502412,0
36.3941,3,36391565263,2502412,0
36.3966,4,36394095269,2502412,0
36.3991,4,36396624681,2502412,0
36.3992,1,36399154687,73000,1
36.4018,3,36399288687,2502412,0
36.4046,4,36402133699,2502412,0
36.4097,3,36407238711,2502412,0
36.4123,4,36409795717,2502412,0
36.4148,4,36412325129,2502412,0
36.4174,3,36414882135,2502412,0
36.4225,3,36419978147,2502412,0
36.425,4,36422535153,2502412,0
36.4276,4,36425100565,2502412,0
36.4277,3,36427639571,73000,1
36.4303,4,36427764571,2502412,0
36.4331,3,36430642983,2502412,0
36.4382,4,36435720995,2502412,0
36.4408,3,36438296001,2502412,0
36.4459,4,36443419013,2502412,0
36.4486,4,36448524025,73000,1
36.4486,3,36448524025,73000,1
36.4511,1,36448613025,2502412,0
36.454,4,36451476037,2502412,0
36.4591,3,36456563049,2502412,0
36.4616,1,36459120055,2502412,0
36.4645,3,36461963061,2502412,0
36.467,4,36464511067,2502412,0
36.4721,2,36469634079,2502412,0
36.4747,1,36472164085,2502412,0
36.4772,3,36474703091,2502412,0
36.4773,3,36477241503,73000,1
36.4773,2,36477242097,73000,1
36.4798,4,36477322097,2502412,0
36.4824,4,36479851509,2502412,0
36.4849,1,36482381515,2502412,0
36.4876,4,36487540527,73000,1
36.4876,2,36487540527,73000,1
36.4901,1,36487620527,2502412,0
36.4953,4,36492770539,2502412,0
36.4978,3,36495300545,2502412,0
36.5003,1,36497830551,2502412,0
36.5057,3,36503223569,2502412,0
36.5083,1,36505771575,2502412,0
36.5084,3,36508301581,73000,1
36.5084,4,36508301581,73000,1
36.5085,2,36508390581,73000,1
36.5085,3,36508390581,73000,1
36.5085,4,36508390581,73000,1
36.5136,1,36511063587,2502412,0
36.5161,1,36513601999,2502412,0
36.5186,1,36516131411,2502412,0
36.5237,1,36521245423,2502412,0
36.5263,1,36523774835,2502412,0
36.5264,1,36526367247,73000,1
36.5264,4,36526367841,73000,1
36.5315,3,36529040847,2502412,0
36.5341,3,36531579259,2502412,0
36.5395,3,36537005677,2502412,0
36.5421,3,36539562089,2502412,0
36.5472,1,36544667101,2502412,0
36.5497,3,36547197107,2502412,0
36.5522,3,36549744519,2502412,0
36.5548,3,36552282931,2502412,0
36.5602,3,36557675949,2502412,0
36.5627,1,36560241955,2502412,0
36.5682,3,36565677373,2502412,0
36.5707,1,36568207379,2502412,0
36.5759,3,36573357391,2502412,0
36.5784,1,36575914397,2502412,0
36.5786,1,36578479809,73000,1
36.5811,3,36578578403,2502412,0
36.5836,4,36581144409,2502412,0
36.5862,1,36583674415,2502412,0
36.5887,1,36586203827,2502412,0
36.5914,3,36591317839,73000,1
36.5914,2,36591317839,73000,1
36.5915,1,36591415839,73000,1
36.5915,4,36591415839,73000,1
36.5966,4,36594133845,2502412,0
36.6017,2,36599229857,2502412,0
36.6018,4,36601759863,73000,1
36.6018,3,36601759863,73000,1
36.6047,1,36602154869,2502412,0
36.6097,1,36607232881,2502412,0
36.6123,2,36609816887,2502412,0
36.6148,4,36612346893,2502412,0
36.6199,1,36617433905,2502412,0
36.6201,4,36620017911,73000,1
36.6201,2,36620017911,73000,1
36.6226,4,36620097911,2502412,0
36.6277,3,36625175923,2502412,0
36.6302,1,36627723929,2502412,0
36.6328,3,36630289935,2502412,0
36.6358,3,36635680947,73000,1
36.6358,4,36635680947,73000,1
36.6383,1,36635751947,2502412,0
36.6408,1,36638317359,2502412,0
36.6434,2,36640856365,2502412,0
36.6459,3,36643386371,2502412,0
36.651,4,36648482383,2502412,0
36.6535,2,36651012389,2502412,0
36.6564,1,36653857401,2502412,0
36.6589,3,36656423407,2502412,0
36.6615,3,36658952819,2502412,0
36.664,2,36661482825,2502412,0
36.6665,1,36664012831,2502412,0
36.6669,4,36666855837,73000,1
36.6694,1,36666944837,2502412,0
36.672,2,36669501843,2502412,0
36.6745,1,36672040849,2502412,0
36.6771,3,36674570855,2502412,0
36.6796,2,36677109861,2502412,0
36.6822,4,36679675867,2502412,0
36.6849,4,36684780879,73000,1
36.6849,1,36684780879,73000,1
36.6874,2,36684851879,2502412,0
36.6899,3,36687381885,2502412,0
36.6924,3,36689920297,2502412,0
36.695,1,36692495303,2502412,0
36.6951,3,36695025309,73000,1
36.6951,2,36695025309,73000,1
36.6976,1,36695096309,2502412,0
36.6977,4,36697626315,73000,1
36.7002,1,36697697315,2502412,0
36.7031,1,36700623327,2502412,0
36.7057,3,36703198333,2502412,0
36.7108,1,36708303345,2502412,0
36.7134,2,36710851351,2502412,0
36.7159,1,36713381357,2502412,0
36.7184,3,36715920363,2502412,0
36.721,1,36718450369,2502412,0
36.7211,2,36720989375,73000,1
36.7236,1,36721069375,2502412,0
36.7261,4,36723635381,2502412,0
36.7287,3,36726210387,2502412,0
36.7313,1,36728749393,2502412,0
36.7314,2,36731279399,73000,1
36.7339,3,36731350399,2502412,0
36.7364,4,36733925405,2502412,0
36.7393,1,36736785817,2502412,0
36.7418,1,36739324229,2502412,0
36.7444,3,36741863235,2502412,0
36.7495,1,36746950247,2502412,0
36.752,4,36749489253,2502412,0
36.7545,1,36752028259,2502412,0
36.7574,3,36754891271,2502412,0
36.7599,1,36757439277,2502412,0
36.765,1,36762499289,2502412,0
36.7675,4,36765047295,2502412,0
36.7701,3,36767577301,2502412,0
36.7729,1,36770438307,2502412,0
36.7755,3,36773013313,2502412,0
36.7756,4,36775552319,73000,1
36.7757,3,36775623319,73000,1
36.7757,1,36775623319,73000,1
36.7782,1,36775696319,2502412,0
36.7807,4,36778235325,2502412,0
36.7833,3,36780774331,2502412,0
36.7858,1,36783322337,2502412,0
36.7884,2,36785852343,2502412,0
36.7909,1,36788391349,2502412,0
36.7934,3,36790930355,2502412,0
36.796,1,36793460361,2502412,0
36.801,4,36798529373,2502412,0
36.8039,2,36801374385,2502412,0
36.8064,4,36803904391,2502412,0
36.8089,1,36806443397,2502412,0
36.8115,3,36809000403,2502412,0
36.814,4,36811530409,2502412,0
36.8166,4,36814086821,2502412,0
36.8191,2,36816643827,2502412,0
36.8193,1,36819182833,73000,1
36.8218,4,36819262833,2502412,0
36.8243,1,36821792839,2502412,0
36.8244,4,36824331845,73000,1
36.8244,3,36824331845,73000,1
36.8269,1,36824411845,2502412,0
36.8295,2,36826950851,2502412,0
36.832,2,36829498263,2502412,0
36.8371,1,36834630275,2502412,0
36.8397,3,36837178281,2502412,0
36.8425,2,36840029693,2502412,0
36.8451,1,36842568699,2502412,0
36.8476,2,36845098705,2502412,0
36.8502,4,36847664711,2502412,0
36.8506,4,36850527723,73000,1
36.8531,3,36850607723,2502412,0
36.8556,2,36853137729,2502412,0
36.8582,1,36855676735,2502412,0
36.8607,1,36858206147,2502412,0
36.8632,1,36860744559,2502412,0
36.8634,1,36863318971,73000,1
36.8634,2,36863319565,73000,1
36.8659,1,36863399565,2502412,0
36.8684,3,36865929571,2502412,0
36.8738,3,36871328989,2502412,0
36.8764,3,36873876401,2502412,0
36.8789,2,36876424407,2502412,0
36.8815,3,36878963413,2502412,0
36.8816,1,36881502419,73000,1
36.8816,4,36881502419,73000,1
36.8841,2,36881573419,2502412,0
36.8866,1,36884130425,2502412,0
36.8892,3,36886669431,2502412,0
36.8942,1,36891747443,2502412,0
36.8968,2,36894277449,2502412,0
36.8969,1,36896834455,73000,1
36.8969,3,36896834455,73000,1
36.8994,3,36896907455,2502412,0
36.902,1,36899455461,2502412,0
36.9048,3,36902291473,2502412,0
36.9074,2,36904875479,2502412,0
36.9125,3,36909971491,2502412,0
36.915,1,36912501497,2502412,0
36.9175,2,36915031503,2502412,0
36.9201,2,36917587915,2502412,0
36.9252,3,36922710927,2502412,0
36.9277,2,36925240933,2502412,0
36.9303,1,36927770939,2502412,0
36.9328,2,36930309945,2502412,0
36.9354,1,36932857951,2502412,0
36.9379,4,36935396957,2502412,0
36.9404,1,36937926963,2502412,0
36.943,3,36940474969,2502412,0
36.9434,4,36943317381,73000,1
36.9459,2,36943424381,2502412,0
36.9461,4,36945990387,73000,1
36.9461,1,36945990387,73000,1
36.9486,3,36946061387,2502412,0
36.9511,2,36948591393,2502412,0
36.954,3,36951463405,2502412,0
36.9565,4,36953993411,2502412,0
36.9616,4,36959071423,2502412,0
36.9641,2,36961637429,2502412,0
36.9667,3,36964176435,2502412,0
36.9692,1,36966715441,2502412,0
36.9718,4,36969263447,2502412,0
36.9719,4,36971828859,73000,1
36.9744,3,36971900453,2502412,0
36.9773,2,36974752459,2502412,0
36.9798,1,36977282465,2502412,0
36.9823,3,36979830471,2502412,0
36.9825,3,36982422883,73000,1
36.9825,1,36982423477,73000,1
36.9826,2,36982494477,73000,1
36.9851,2,36982610477,2502412,0
36.9877,4,36985212483,2502412,0
36.9928,2,36990317495,2502412,0
36.9953,1,36992847501,2502412,0
36.998,4,36997961513,73000,1
36.998,3,36997961513,73000,1
37.0005,1,36998041513,2502412,0
37.001,2,37000886525,73000,1
37.001,3,37000886525,73000,1
37.0061,1,37003550531,2502412,0
37.0086,4,37006080537,2502412,0
37.0137,1,37011203549,2502412,0
37.0163,4,37013751555,2502412,0
37.0188,2,37016299561,2502412,0
37.0213,4,37018847567,2502412,0
37.0264,1,37023934579,2502412,0
37.029,2,37026482585,2502412,0
37.0316,2,37029047997,2502412,0
37.0341,4,37031578003,2502412,0
37.0366,1,37034108009,2502412,0
37.0367,1,37036646421,73000,1
37.0392,2,37036727015,2502412,0
37.0418,4,37039266021,2502412,0
37.0443,2,37041832027,2502412,0
37.0472,3,37044719439,2502412,0
37.0523,2,37049779451,2502412,0
37.0548,4,37052318457,2502412,0
37.0552,2,37055154469,73000,1
37.0552,3,37055154469,73000,1
37.0578,1,37055261469,2502412,0
37.0603,4,37057791475,2502412,0
37.0628,1,37060339481,2502412,0
37.0679,2,37065417493,2502412,0
37.0705,2,37067964905,2502412,0
37.073,1,37070494911,2502412,0
37.0755,4,37073033917,2502412,0
37.0784,4,37075876923,2502412,0
37.0809,1,37078415929,2502412,0
37.0834,4,37080945935,2502412,0
37.086,1,37083493941,2502412,0
37.0885,4,37086023947,2502412,0
37.0886,2,37088562953,73000,1
37.0912,3,37088651953,2502412,0
37.0937,3,37091181365,2502412,0
37.0962,1,37093711371,2502412,0
37.0987,4,37096241377,2502412,0
37.1013,2,37098789383,2502412,0
37.1041,3,37101643395,2502412,0
37.1067,1,37104191401,2502412,0
37.1092,4,37106730407,2502412,0
37.1118,2,37109269413,2502412,0
37.1144,4,37114356425,73000,1
37.1144,3,37114356425,73000,1
37.1169,1,37114445425,2502412,0
37.1195,4,37116975431,2502412,0
37.122,1,37119514437,2502412,0
37.1246,2,37122071443,2502412,0
37.1271,4,37124601449,2502412,0
37.1297,3,37127176455,2502412,0
37.1322,2,37129715461,2502412,0
37.1323,4,37132245467,73000,1
37.1348,1,37132316467,2502412,0
37.1374,2,37134882473,2502412,0
37.1399,1,37137430479,2502412,0
37.1425,3,37139987485,2502412,0
37.145,4,37142544491,2502412,0
37.1476,2,37145083497,2502412,0
37.1504,2,37147925909,2502412,0
37.1505,1,37150455915,73000,1
37.1534,3,37150868921,2502412,0
37.1559,1,37153416927,2502412,0
37.1585,2,37155964933,2502412,0
37.161,4,37158494939,2502412,0
37.1636,3,37161069945,2502412,0
37.1637,1,37163599951,73000,1
37.1662,2,37163679951,2502412,0
37.1713,4,37168757963,2502412,0
37.1738,1,37171305969,2502412,0
37.1763,4,37173835975,2502412,0
37.1789,4,37176374387,2502412,0
37.1817,3,37179217393,2502412,0
37.1843,2,37181756399,2502412,0
37.1894,3,37186861411,2502412,0
37.1919,1,37189391417,2502412,0
37.1945,4,37191957423,2502412,0
37.197,1,37194487429,2502412,0
37.1995,2,37197017435,2502412,0
37.2021,3,37199556441,2502412,0
37.2049,4,37202401453,2502412,0
37.21,1,37207506465,2502412,0
37.2125,3,37210036471,2502412,0
37.2151,4,37212575477,2502412,0
37.2176,2,37215114483,2502412,0
37.2202,1,37217653489,2502412,0
37.2227,3,37220192495,2502412,0
37.2253,2,37222767501,2502412,0
37.2254,4,37225306507,73000,1
37.2279,3,37225404507,2502412,0
37.2304,1,37227934513,2502412,0
37.233,3,37230500519,2502412,0
37.2355,2,37233039525,2502412,0
37.2381,3,37235596531,2502412,0
37.2406,3,37238134943,2502412,0
37.2407,1,37240664949,73000,1
37.2432,2,37240735949,2502412,0
37.2458,1,37243274955,2502412,0
37.2483,4,37245813961,2502412,0
37.2509,4,37248352373,2502412,0
37.254,2,37251518791,2502412,0
37.2541,2,37254057203,73000,1
37.2541,4,37254057797,73000,1
37.2542,3,37254137797,73000,1
37.2542,4,37254137797,73000,1
37.2543,3,37254235797,73000,1
37.2568,1,37254306797,2502412,0
37.2619,1,37259420809,2502412,0
37.2646,2,37262058815,2502412,0
37.2647,2,37264597227,73000,1
37.2672,1,37264668821,2502412,0
37.2673,3,37267225827,73000,1
37.2673,2,37267225827,73000,1
37.2674,4,37267350827,73000,1
37.2699,1,37267421827,2502412,0
37.2701,1,37270041239,73000,1
37.2726,3,37270121833,2502412,0
37.2777,1,37275208845,2502412,0
37.2803,1,37277756257,2502412,0
37.2807,3,37280635263,73000,1
37.2808,2,37280706263,73000,1
37.2808,3,37280708263,73000,1
37.2834,1,37280851263,2502412,0
37.2861,1,37286019275,73000,1
37.2886,4,37286090275,2502412,0
37.2911,3,37288647281,2502412,0
37.2937,4,37291177287,2502412,0
37.2988,3,37296291299,2502412,0
37.3014,4,37298848305,2502412,0
37.3018,1,37301711317,73000,1
37.3043,3,37301809317,2502412,0
37.3069,3,37304356729,2502412,0
37.3094,4,37306904735,2502412,0
37.3146,3,37312063747,2502412,0
37.3147,4,37314611753,73000,1
37.3172,3,37314736753,2502412,0
37.3198,1,37317266759,2502412,0
37.3223,1,37319796171,2502412,0
37.3274,3,37324856183,2502412,0
37.3299,3,37327421595,2502412,0
37.33,1,37329969601,73000,1
37.33,4,37329969601,73000,1
37.3351,2,37332606607,2502412,0
37.3352,2,37335154019,73000,1
37.3352,3,37335154613,73000,1
37.3378,1,37335261613,2502412,0
37.3405,1,37340402625,73000,1
37.3405,2,37340402625,73000,1
37.3456,4,37343048631,2502412,0
37.3457,1,37345641637,73000,1
37.3457,3,37345641637,73000,1
37.3482,4,37345721637,2502412,0
37.3512,4,37351157649,73000,1
37.3538,4,37351264649,2502412,0
37.3566,4,37354109661,2502412,0
37.3593,4,37359214673,73000,1
37.3593,2,37359214673,73000,1
37.3645,4,37361968679,2502412,0
37.3696,4,37367055691,2502412,0
37.3721,1,37369594697,2502412,0
37.3746,1,37372133109,2502412,0
37.3773,4,37377247121,73000,1
37.3773,3,37377247121,73000,1
37.3798,1,37377318121,2502412,0
37.3853,1,37382753539,2502412,0
37.3878,1,37385345951,2502412,0
37.393,1,37390450963,2502412,0
37.3955,4,37392998969,2502412,0
37.4006,1,37398112981,2502412,0
37.406,4,37403532999,2502412,0
37.4086,1,37406099005,2502412,0
37.4111,1,37408628417,2502412,0
37.4137,3,37411167423,2502412,0
37.4162,4,37413697429,2502412,0
37.4213,1,37418784441,2502412,0
37.4239,3,37421350447,2502412,0
37.424,3,37423915859,73000,1
37.424,4,37423916453,73000,1
37.4241,1,37424005453,73000,1
37.4267,3,37424175453,2502412,0
37.4318,3,37429262465,2502412,0
37.4343,2,37431801471,2502412,0
37.437,4,37436915483,73000,1
37.437,1,37436915483,73000,1
37.4395,3,37437013483,2502412,0
37.4421,1,37439552489,2502412,0
37.4446,2,37442082495,2502412,0
37.4447,2,37444611907,73000,1
37.4447,1,37444612501,73000,1
37.4472,1,37444737501,2502412,0
37.4498,1,37447266913,2502412,0
37.4499,3,37449814919,73000,1
37.4499,4,37449814919,73000,1
37.4553,3,37452793931,2502412,0
37.4581,1,37455636343,2502412,0
37.4607,2,37458184349,2502412,0
37.4658,3,37463262361,2502412,0
37.4683,1,37465810367,2502412,0
37.4709,2,37468349373,2502412,0
37.4734,1,37470897379,2502412,0
37.4785,3,37476011391,2502412,0
37.4786,1,37478559397,73000,1
37.4786,2,37478559397,73000,1
37.4812,3,37478657397,2502412,0
37.4863,2,37483762409,2502412,0
37.4892,3,37486677415,2502412,0
37.4893,2,37489207421,73000,1
37.4893,1,37489207421,73000,1
37.4919,3,37491826427,73000,1
37.4919,4,37491826427,73000,1
37.4921,1,37491987427,73000,1
37.4946,3,37492094427,2502412,0
37.4971,2,37494624433,2502412,0
37.4972,2,37497153845,73000,1
37.4972,3,37497154439,73000,1
37.5023,3,37499773445,2502412,0
37.5027,3,37502636457,73000,1
37.5027,4,37502636457,73000,1
37.5028,3,37502770457,73000,1
37.508,2,37505488463,2502412,0
37.5081,3,37508054469,73000,1
37.5081,1,37508054469,73000,1
37.5132,2,37510709475,2502412,0
37.5183,2,37515841487,2502412,0
37.5235,2,37520955499,2502412,0
37.526,2,37523520911,2502412,0
37.5288,2,37528688923,73000,1
37.5365,2,37533972341,2502412,0
37.5416,2,37539095353,2502412,0
37.5467,2,37544218365,2502412,0
37.5519,2,37549377377,2502412,0
37.5523,2,37552240389,73000,1
37.5523,3,37552240389,73000,1
37.5629,2,37560429813,2502412,0
37.5631,2,37562986225,73000,1
37.5682,2,37565731825,2502412,0
37.5683,2,37568261237,73000,1
37.5708,3,37568332831,2502412,0
37.5734,3,37570889243,2502412,0
37.5785,3,37575994255,2502412,0
37.5811,2,37578596261,2502412,0
37.5862,2,37583683273,2502412,0
37.5887,3,37586222279,2502412,0
37.5916,3,37589065285,2502412,0
37.5941,3,37591603697,2502412,0
37.5992,2,37596744709,2502412,0
37.5994,2,37599301121,73000,1
37.5994,1,37599301715,73000,1
37.6019,3,37599372715,2502412,0
37.6048,3,37602333727,2502412,0
37.6074,3,37604908139,2502412,0
37.6125,2,37609977151,2502412,0
37.615,3,37612507157,2502412,0
37.6176,3,37615090569,2502412,0
37.6201,2,37617620575,2502412,0
37.6252,3,37622698587,2502412,0
37.6278,3,37625290999,2502412,0
37.6304,2,37627848005,2502412,0
37.6354,3,37632917017,2502412,0
37.6379,2,37635447023,2502412,0
37.6405,2,37638039435,2502412,0
37.6456,3,37643144447,2502412,0
37.6482,2,37645683453,2502412,0
37.6507,2,37648230865,2502412,0
37.6536,3,37651066877,2502412,0
37.6561,2,37653596883,2502412,0
37.6591,2,37658987895,73000,1
37.6591,1,37658987895,73000,1
37.6592,3,37659094895,73000,1
37.6592,2,37659094895,73000,1
37.6619,2,37661857901,73000,1
37.6671,3,37664548907,2502412,0
37.6722,3,37669698919,2502412,0
37.6747,3,37672237331,2502412,0
37.6824,3,37679934755,2502412,0
37.6876,3,37685057767,2502412,0
37.6901,3,37687632179,2502412,0
37.693,3,37690475185,2502412,0
37.698,3,37695544197,2502412,0
37.7006,3,37698073609,2502412,0
37.7034,3,37700945621,2502412,0
37.7086,3,37706104633,2502412,0
37.7113,3,37711254645,73000,1
37.7113,4,37711254645,73000,1
37.7138,2,37711325645,2502412,0
37.719,2,37716457657,2502412,0
37.7241,2,37721616669,2502412,0
37.7266,3,37724146675,2502412,0
37.7343,2,37731835099,2502412,0
37.7369,3,37734374105,2502412,0
37.7394,2,37736922111,2502412,0
37.7445,3,37742009123,2502412,0
37.7471,3,37744574535,2502412,0
37.7496,3,37747112947,2502412,0
37.7521,3,37749642359,2502412,0
37.7522,2,37752172365,73000,1
37.7524,2,37752359365,73000,1
37.7553,3,37752781371,2502412,0
37.7578,3,37755319783,2502412,0
37.7633,3,37760783003,2502412,0
37.7658,3,37763321415,2502412,0
37.7684,2,37765878421,2502412,0
37.7735,3,37770983433,2502412,0
37.776,2,37773540439,2502412,0
37.7786,3,37776097445,2502412,0
37.7837,2,37781157457,2502412,0
37.7862,2,37783695869,2502412,0
37.7887,2,37786225281,2502412,0
37.7913,2,37788790693,2502412,0
37.7914,3,37791347699,73000,1
37.7939,2,37791445699,2502412,0
37.7969,2,37794369705,2502412,0
37.8019,3,37799429717,2502412,0
37.8048,2,37802283729,2502412,0
37.8073,3,37804813735,2502412,0
37.8099,2,37807379741,2502412,0
37.815,3,37812475753,2502412,0
37.8176,2,37815077759,2502412,0
37.8227,3,37820155771,2502412,0
37.8252,2,37822685777,2502412,0
37.8254,3,37825296783,73000,1
37.8279,2,37825376783,2502412,0
37.833,2,37830526795,2502412,0
37.8356,3,37833101801,2502412,0
37.8407,2,37838170813,2502412,0
37.8433,3,37840772819,2502412,0
37.8484,2,37845850831,2502412,0
37.8485,2,37848434243,73000,1
37.8485,3,37848434837,73000,1
37.8539,3,37851368849,2502412,0
37.8564,3,37853916261,2502412,0
37.8616,3,37859084273,2502412,0
37.8641,3,37861613685,2502412,0
37.867,2,37864465097,2502412,0
37.8721,3,37869570109,2502412,0
37.8746,2,37872118115,2502412,0
37.8772,2,37874665527,2502412,0
37.8822,2,37879743539,2502412,0
37.8848,3,37882300545,2502412,0
37.8873,3,37884838957,2502412,0
37.8925,2,37889952969,2502412,0
37.895,2,37892500381,2502412,0
37.8978,3,37895343387,2502412,0
37.903,2,37900448399,2502412,0
37.9058,3,37903347411,2502412,0
37.9109,2,37908443423,2502412,0
37.9111,2,37911026835,73000,1
37.9111,3,37911027429,73000,1
37.9112,2,37911125429,73000,1
37.9137,2,37911223429,2502412,0
37.9163,3,37913753435,2502412,0
37.9188,2,37916292441,2502412,0
37.9215,2,37921424453,73000,1
37.9215,3,37921424453,73000,1
37.9292,2,37926725871,2502412,0
37.9344,3,37931848883,2502412,0
37.9369,2,37934378889,2502412,0
37.9394,3,37936935895,2502412,0
37.9421,3,37942076907,73000,1
37.9421,2,37942076907,73000,1
37.9447,3,37942149907,2502412,0
37.9498,3,37947281919,2502412,0
37.9549,3,37952368931,2502412,0
37.9577,3,37955231943,2502412,0
37.9578,3,37957770355,73000,1
37.9578,2,37957770949,73000,1
37.963,3,37960497955,2502412,0
37.9684,3,37965915967,2502412,0
37.971,3,37968454379,2502412,0
37.9787,3,37976160803,2502412,0
37.9812,3,37978699215,2502412,0
37.9863,3,37983813227,2502412,0
37.9889,2,37986406233,2502412,0
37.994,2,37991475245,2502412,0
37.9965,2,37994031657,2502412,0
37.9991,3,37996561663,2502412,0
38.0024,3,38002357681,73000,1
38.0024,2,38002357681,73000,1
38.0101,2,38007641099,2502412,0
38.0127,2,38010179511,2502412,0
38.0128,3,38012727517,73000,1
38.0153,1,38012798517,2502412,0
38.0178,1,38015327929,2502412,0
38.018,2,38017902935,73000,1
38.018,3,38017902935,73000,1
38.0206,1,38020557941,73000,1
38.0206,2,38020557941,73000,1
38.0258,1,38023266947,2502412,0
38.0309,1,38028416959,2502412,0
38.031,3,38030955965,73000,1
38.031,2,38030955965,73000,1
38.0361,1,38033574971,2502412,0
38.0412,1,38038733983,2502412,0
38.0464,1,38043892995,2502412,0
38.0515,1,38049007007,2502412,0
38.057,1,38054463025,2502412,0
38.0621,1,38059568037,2502412,0
38.0672,1,38064727049,2502412,0
38.0727,1,38070181061,2502412,0
38.0804,1,38077887485,2502412,0
38.0855,1,38083010497,2502412,0
38.0881,1,38085575909,2502412,0
38.0906,1,38088114321,2502412,0
38.0957,3,38093183333,2502412,0
38.0982,1,38095731339,2502412,0
38.1008,2,38098288345,2502412,0
38.1065,3,38103994363,2502412,0
38.1091,2,38106569369,2502412,0
38.1116,1,38109099375,2502412,0
38.1118,3,38111683381,73000,1
38.1143,2,38111772381,2502412,0
38.1168,2,38114319793,2502412,0
38.1194,1,38116867799,2502412,0
38.1195,2,38119424805,73000,1
38.122,3,38119513805,2502412,0
38.1246,1,38122061811,2502412,0
38.1271,3,38124609817,2502412,0
38.1322,3,38129732829,2502412,0
38.1348,1,38132289835,2502412,0
38.1399,2,38137385847,2502412,0
38.1424,1,38139933853,2502412,0
38.145,3,38142463859,2502412,0
38.1501,2,38147586871,2502412,0
38.1505,3,38150467883,73000,1
38.1505,1,38150467883,73000,1
38.1506,3,38150565883,73000,1
38.1532,2,38150663883,2502412,0
38.1583,2,38155831895,2502412,0
38.1609,2,38158361307,2502412,0
38.1634,2,38160899719,2502412,0
38.1635,2,38163438131,73000,1
38.166,1,38163509725,2502412,0
38.1662,1,38166084137,73000,1
38.1662,2,38166084731,73000,1
38.1687,1,38166182731,2502412,0
38.1741,1,38171573743,2502412,0
38.1766,3,38174112749,2502412,0
38.1792,1,38176687755,2502412,0
38.1793,3,38179235761,73000,1
38.1818,3,38179333761,2502412,0
38.1844,1,38181917767,2502412,0
38.1845,3,38184456773,73000,1
38.1846,1,38184554773,73000,1
38.1846,3,38184554773,73000,1
38.1872,3,38184670773,2502412,0
38.1923,1,38189757785,2502412,0
38.1948,3,38192332791,2502412,0
38.1999,2,38197419803,2502412,0
38.2025,1,38199985809,2502412,0
38.2057,1,38203152821,2502412,0
38.2082,3,38205682827,2502412,0
38.2132,3,38210742839,2502412,0
38.2158,2,38213290845,2502412,0
38.2183,3,38215829851,2502412,0
38.2209,1,38218368857,2502412,0
38.2234,1,38220898269,2502412,0
38.226,3,38223464275,2502412,0
38.2311,2,38228560287,2502412,0
38.2336,1,38231117293,2502412,0
38.2362,3,38233656299,2502412,0
38.2363,3,38236230711,73000,1
38.2363,2,38236231305,73000,1
38.2413,1,38238832311,2502412,0
38.2439,1,38241406723,2502412,0
38.2465,1,38243963135,2502412,0
38.249,1,38246501547,2502412,0
38.2541,1,38251570559,2502412,0
38.2569,2,38254424571,2502412,0
38.2595,1,38256972577,2502412,0
38.262,2,38259529583,2502412,0
38.2646,3,38262068589,2502412,0
38.2671,1,38264598595,2502412,0
38.2722,1,38269685607,2502412,0
38.2747,2,38272224613,2502412,0
38.2776,2,38275067025,2502412,0
38.2801,3,38277615031,2502412,0
38.2827,3,38280198443,2502412,0
38.2828,1,38282737449,73000,1
38.2829,3,38282835449,73000,1
38.2829,2,38282835449,73000,1
38.2907,3,38288154867,2502412,0
38.2932,2,38290702873,2502412,0
38.2957,1,38293232879,2502412,0
38.2959,3,38295780885,73000,1
38.2984,1,38295914885,2502412,0
38.2985,1,38298453297,73000,1
38.2985,2,38298453891,73000,1
38.3039,3,38301387903,2502412,0
38.3067,3,38304230909,2502412,0
38.3119,2,38309380921,2502412,0
38.3144,3,38311937927,2502412,0
38.3145,2,38314467933,73000,1
38.3145,4,38314467933,73000,1
38.3196,1,38317122939,2502412,0
38.3222,1,38319661351,2502412,0
38.3247,3,38322191357,2502412,0
38.3248,3,38324747769,73000,1
38.3248,1,38324748363,73000,1
38.3299,2,38327367369,2502412,0
38.3324,2,38329896781,2502412,0
38.3349,3,38332444787,2502412,0
38.3375,1,38335010793,2502412,0
38.3401,2,38337558799,2502412,0
38.3402,3,38340088805,73000,1
38.3427,2,38340159805,2502412,0
38.3452,1,38342698811,2502412,0
38.3477,2,38345237817,2502412,0
38.3503,1,38347794823,2502412,0
38.3532,1,38350657835,2502412,0
38.3558,2,38355735847,73000,1
38.3558,3,38355735847,73000,1
38.3584,2,38355860847,2502412,0
38.3609,1,38358390853,2502412,0
38.3634,1,38360920265,2502412,0
38.3686,2,38366070277,2502412,0
38.3711,1,38368618283,2502412,0
38.3713,1,38371183695,73000,1
38.3713,3,38371184289,73000,1
38.3763,2,38373812295,2502412,0
38.3792,2,38376672707,2502412,0
38.3817,2,38379211119,2502412,0
38.3843,1,38381759125,2502412,0
38.3894,1,38386873137,2502412,0
38.3919,2,38389412143,2502412,0
38.3945,1,38391969149,2502412,0
38.3996,2,38397083161,2502412,0
38.4021,1,38399640167,2502412,0
38.4075,2,38405042185,2502412,0
38.408,2,38407966191,73000,1
38.408,1,38407966191,73000,1
38.4132,1,38410657197,2502412,0
38.4182,2,38415735209,2502412,0
38.4184,2,38418327621,73000,1
38.4209,1,38418399215,2502412,0
38.4235,1,38420982627,2502412,0
38.4286,1,38426051639,2502412,0
38.4312,1,38428653051,2502412,0
38.4362,3,38433731063,2502412,0
38.4364,3,38436278475,73000,1
38.4364,2,38436279069,73000,1
38.4389,1,38436395069,2502412,0
38.444,3,38441455081,2502412,0
38.4465,1,38444003087,2502412,0
38.4491,1,38446586499,2502412,0
38.4545,3,38451979517,2502412,0
38.4546,1,38454509523,73000,1
38.4546,2,38454509523,73000,1
38.4571,1,38454643523,2502412,0
38.4622,3,38459739535,2502412,0
38.4648,1,38462314541,2502412,0
38.4675,1,38467437553,73000,1
38.4675,3,38467437553,73000,1
38.4726,3,38470119559,2502412,0
38.4777,3,38475224571,2502412,0
38.4832,1,38480695989,2502412,0
38.4833,1,38483234401,73000,1
38.4833,3,38483234995,73000,1
38.491,1,38488482413,2502412,0
38.4961,1,38493596425,2502412,0
38.4963,1,38496179837,73000,1
38.4963,3,38496180431,73000,1
38.5069,2,38504362861,2502412,0
38.507,1,38506919867,73000,1
38.5095,3,38507044867,2502412,0
38.51,3,38509905873,73000,1
38.51,2,38509976873,73000,1
38.5101,3,38509978873,73000,1
38.5126,3,38510085873,2502412,0
38.5151,2,38512624879,2502412,0
38.5179,2,38517792891,73000,1
38.5179,3,38517792891,73000,1
38.5205,1,38520474897,73000,1
38.5231,2,38520599897,2502412,0
38.5282,3,38525695909,2502412,0
38.5307,2,38528234915,2502412,0
38.5333,2,38530782327,2502412,0
38.536,2,38535896339,73000,1
38.536,3,38535896339,73000,1
38.5385,3,38535976339,2502412,0
38.5436,3,38541063351,2502412,0
38.5487,3,38546213363,2502412,0
38.5489,3,38548814775,73000,1
38.5514,2,38548895369,2502412,0
38.5515,2,38551442781,73000,1
38.554,3,38551514375,2502412,0
38.5595,3,38556997393,2502412,0
38.562,2,38559527399,2502412,0
38.5671,3,38564614411,2502412,0
38.5697,2,38567153417,2502412,0
38.5722,2,38569691829,2502412,0
38.5747,2,38572221241,2502412,0
38.5749,3,38574787247,73000,1
38.5774,3,38574867247,2502412,0
38.5799,2,38577397253,2502412,0
38.5828,2,38580248665,2502412,0
38.5853,3,38582787671,2502412,0
38.5878,3,38585317083,2502412,0
38.5904,2,38587874089,2502412,0
38.5929,2,38590403501,2502412,0
38.598,3,38595508513,2502412,0
38.6006,2,38598074519,2502412,0
38.6035,1,38600964531,2502412,0
38.6085,3,38606042543,2502412,0
38.6111,2,38608581549,2502412,0
38.6139,3,38611442555,2502412,0
38.6165,1,38613981561,2502412,0
38.619,2,38616520567,2502412,0
38.6216,2,38619058979,2502412,0
38.6241,1,38621588985,2502412,0
38.6292,3,38626648997,2502412,0
38.6293,3,38629223409,73000,1
38.6293,1,38629224003,73000,1
38.6318,2,38629340003,2502412,0
38.6345,3,38634445015,73000,1
38.6345,1,38634445015,73000,1
38.637,2,38634543015,2502412,0
38.6422,2,38639702027,2502412,0
38.6474,2,38644861039,2502412,0
38.6525,2,38649966051,2502412,0
38.6553,2,38652820063,2502412,0
38.6604,2,38657916075,2502412,0
38.663,2,38660490487,2502412,0
38.6655,1,38663047493,2502412,0
38.6706,1,38668134505,2502412,0
38.6708,2,38670682511,73000,1
38.6708,3,38670682511,73000,1
38.6733,1,38670789511,2502412,0
38.6784,1,38675903523,2502412,0
38.681,1,38678468935,2502412,0
38.6863,3,38683841947,2502412,0
38.6889,3,38686416359,2502412,0
38.6914,2,38688946365,2502412,0
38.694,1,38691476371,2502412,0
38.6991,1,38696581383,2502412,0
38.7016,2,38699120389,2502412,0
38.7045,3,38701956401,2502412,0
38.707,1,38704522407,2502412,0
38.7121,1,38709600419,2502412,0
38.7122,3,38712139425,73000,1
38.7122,2,38712139425,73000,1
38.7147,2,38712228425,2502412,0
38.7176,1,38715071431,2502412,0
38.7201,1,38717609843,2502412,0
38.7226,1,38720139255,2502412,0
38.7228,2,38722696261,73000,1
38.7228,3,38722696261,73000,1
38.7279,1,38725378267,2502412,0
38.7305,1,38727952679,2502412,0
38.733,2,38730491685,2502412,0
38.7381,1,38735578697,2502412,0
38.7382,1,38738144109,73000,1
38.7382,2,38738144703,73000,1
38.7433,1,38740772709,2502412,0
38.7459,1,38743365121,2502412,0
38.751,2,38748452133,2502412,0
38.7538,1,38751306145,2502412,0
38.7563,3,38753845151,2502412,0
38.7589,3,38756374563,2502412,0
38.7614,1,38758904569,2502412,0
38.7615,3,38761452575,73000,1
38.7615,2,38761452575,73000,1
38.764,1,38761541575,2502412,0
38.7666,3,38764125581,2502412,0
38.7692,1,38766700587,2502412,0
38.7717,3,38769230593,2502412,0
38.7768,2,38774290605,2502412,0
38.7793,1,38776829611,2502412,0
38.7819,3,38779359617,2502412,0
38.7844,3,38781907029,2502412,0
38.7873,1,38784776441,2502412,0
38.7898,2,38787324447,2502412,0
38.7949,3,38792384459,2502412,0
38.7974,3,38794931871,2502412,0
38.7976,3,38797506283,73000,1
38.7976,1,38797506877,73000,1
38.8001,2,38797586877,2502412,0
38.803,3,38800458889,2502412,0
38.8031,3,38802988301,73000,1
38.8056,2,38803068895,2502412,0
38.8081,2,38805607307,2502412,0
38.8106,1,38808146313,2502412,0
38.8132,1,38810693725,2502412,0
38.8158,2,38813268731,2502412,0
38.8212,1,38818687009,2502412,0
38.8237,3,38821226015,2502412,0
38.8263,3,38823764427,2502412,0
38.8288,3,38826302839,2502412,0
38.8314,2,38828859845,2502412,0
38.8339,1,38831389851,2502412,0
38.834,3,38833946857,73000,1
38.8365,2,38834017857,2502412,0
38.8391,1,38836556863,2502412,0
38.8416,3,38839113869,2502412,0
38.8442,1,38841670875,2502412,0
38.8467,2,38844200881,2502412,0
38.8493,3,38846766887,2502412,0
38.8522,2,38852132905,73000,1
38.8522,1,38852132905,73000,1
38.8547,2,38852212905,2502412,0
38.8573,1,38854796911,2502412,0
38.8598,2,38857326917,2502412,0
38.86,1,38859883923,73000,1
38.86,3,38859883923,73000,1
38.8625,2,38859954923,2502412,0
38.8676,2,38865068935,2502412,0
38.8701,3,38867634941,2502412,0
38.8727,3,38870209353,2502412,0
38.8728,2,38872739359,73000,1
38.8753,3,38872810359,2502412,0
38.8779,1,38875376365,2502412,0
38.8804,3,38877906371,2502412,0
38.8806,3,38880480783,73000,1
38.8806,1,38880561377,73000,1
38.8806,2,38880561377,73000,1
38.8832,1,38880677377,2502412,0
38.8857,3,38883234383,2502412,0
38.8911,3,38888607395,2502412,0
38.8913,3,38891208807,73000,1
38.8913,1,38891209401,73000,1
38.894,3,38893927407,73000,1
38.8965,2,38893998407,2502412,0
38.8991,1,38896564413,2502412,0
38.9045,3,38901948431,2502412,0
38.9046,3,38904531843,73000,1
38.9046,2,38904532437,73000,1
38.9071,1,38904621437,2502412,0
38.9122,1,38909681449,2502412,0
38.9147,3,38912238455,2502412,0
38.9173,1,38914777461,2502412,0
38.9198,1,38917333873,2502412,0
38.9203,1,38920185879,73000,1
38.9228,2,38920256879,2502412,0
38.9253,2,38922795291,2502412,0
38.9254,2,38925360703,73000,1
38.9254,3,38925361297,73000,1
38.9279,3,38925434297,2502412,0
38.933,3,38930539309,2502412,0
38.9357,2,38933159315,2502412,0
38.9382,4,38935698321,2502412,0
38.9408,4,38940758333,73000,1
38.9408,1,38940758333,73000,1
38.9433,3,38940829333,2502412,0
38.9459,4,38943422339,2502412,0
38.9485,2,38945961345,2502412,0
38.9538,3,38951345363,2502412,0
38.9564,2,38953884369,2502412,0
38.959,4,38956477375,2502412,0
38.9591,2,38959016381,73000,1
38.9591,3,38959016381,73000,1
38.9616,3,38959114381,2502412,0
38.9618,3,38961688793,73000,1
38.9618,4,38961689387,73000,1
38.9643,3,38961769387,2502412,0
38.9694,3,38966901399,2502412,0
38.9719,2,38969431405,2502412,0
38.9721,3,38971979411,73000,1
38.9721,1,38971979411,73000,1
38.9721,2,38972059411,73000,1
38.9721,4,38972059411,73000,1
38.9746,3,38972139411,2502412,0
38.9798,4,38977271423,2502412,0
38.9823,2,38979837429,2502412,0
38.9849,3,38982367435,2502412,0
38.985,2,38984924441,73000,1
38.9875,4,38985022441,2502412,0
38.9901,4,38987605853,2502412,0
38.993,3,38990448265,2502412,0
38.9981,3,38995553277,2502412,0
39.0006,2,38998092283,2502412,0
39.0034,3,39000937295,2502412,0
39.0036,4,39003485301,73000,1
39.0061,2,39003556301,2502412,0
39.0063,3,39006185307,73000,1
39.0088,2,39006265307,2502412,0
39.0114,4,39008849313,2502412,0
39.0164,3,39013909325,2502412,0
39.019,2,39016466331,2502412,0
39.0215,4,39018996337,2502412,0
39.0243,4,39021839343,2502412,0
39.0269,3,39024369349,2502412,0
39.027,4,39026926355,73000,1
39.0295,2,39027006355,2502412,0
39.032,3,39029545361,2502412,0
39.0321,3,39032074773,73000,1
39.0321,2,39032075367,73000,1
39.0347,3,39032173367,2502412,0
39.0372,1,39034730373,2502412,0
39.0398,2,39037260379,2502412,0
39.0448,2,39042338391,2502412,0
39.0474,3,39044868397,2502412,0
39.0499,1,39047398403,2502412,0
39.0524,4,39049937409,2502412,0
39.0553,1,39052800421,2502412,0
39.0578,1,39055338833,2502412,0
39.0604,3,39057868839,2502412,0
39.0629,4,39060398845,2502412,0
39.0654,2,39062946851,2502412,0
39.0705,2,39068006863,2502412,0
39.073,2,39070545275,2502412,0
39.0756,4,39073075281,2502412,0
39.0781,1,39075605287,2502412,0
39.0807,2,39078153293,2502412,0
39.0808,1,39080701299,73000,1
39.0808,3,39080701299,73000,1
39.0833,4,39080790299,2502412,0
39.0858,1,39083347305,2502412,0
39.086,2,39085877311,73000,1
39.086,3,39085877311,73000,1
39.0885,4,39085957311,2502412,0
39.0936,1,39091053323,2502412,0
39.0964,4,39093895735,2502412,0
39.099,1,39096470741,2502412,0
39.1015,4,39099036747,2502412,0
39.1044,1,39101926759,2502412,0
39.1071,1,39106995771,73000,1
39.1071,4,39106995771,73000,1
39.1096,2,39107075771,2502412,0
39.1122,2,39109668183,2502412,0
39.1147,2,39112215595,2502412,0
39.1173,4,39114754601,2502412,0
39.1198,4,39117284013,2502412,0
39.1249,2,39122362025,2502412,0
39.1254,2,39125277031,73000,1
39.1254,4,39125277031,73000,1
39.1254,3,39125277031,73000,1
39.1279,1,39125366031,2502412,0
39.133,4,39130489043,2502412,0
39.1331,1,39133037049,73000,1
39.1331,2,39133037049,73000,1
39.1356,2,39133110049,2502412,0
39.1382,1,39135649055,2502412,0
39.1432,4,39140709067,2502412,0
39.1457,4,39143238479,2502412,0
39.1483,4,39145776891,2502412,0
39.1508,2,39148306897,2502412,0
39.1537,1,39151178909,2502412,0
39.1588,4,39156274921,2502412,0
39.1613,2,39158804927,2502412,0
39.1639,4,39161361933,2502412,0
39.1664,1,39163891939,2502412,0
39.1689,4,39166430945,2502412,0
39.1715,2,39168969951,2502412,0
39.174,2,39171499363,2502412,0
39.1765,1,39174038369,2502412,0
39.1816,3,39179107381,2502412,0
39.1842,4,39181655387,2502412,0
39.1867,3,39184221393,2502412,0
39.1893,1,39186751399,2502412,0
39.1918,2,39189281405,2502412,0
39.1943,3,39191820411,2502412,0
39.1972,4,39194671823,2502412,0
39.1997,1,39197210829,2502412,0
39.2023,3,39199749835,2502412,0
39.2027,1,39202594847,73000,1
39.2052,2,39202683847,2502412,0
39.2077,3,39205213853,2502412,0
39.2103,4,39207761859,2502412,0
39.2128,4,39210300271,2502412,0
39.2154,3,39212848277,2502412,0
39.2179,2,39215387283,2502412,0
39.2204,4,39217926289,2502412,0
39.223,1,39220465295,2502412,0
39.2255,2,39223031301,2502412,0
39.2259,3,39225874307,73000,1
39.2284,2,39225945307,2502412,0
39.231,1,39228493313,2502412,0
39.2335,4,39231023319,2502412,0
39.2361,1,39233571325,2502412,0
39.2387,2,39236155331,2502412,0
39.2412,2,39238702743,2502412,0
39.2437,4,39241232749,2502412,0
39.2463,3,39243762755,2502412,0
39.2488,1,39246292761,2502412,0
39.2518,1,39251685779,73000,1
39.2518,3,39251685779,73000,1
39.2518,2,39251685779,73000,1
39.2543,4,39251765779,2502412,0
39.2569,1,39254367785,2502412,0
39.257,4,39256951791,73000,1
39.2595,4,39257024791,2502412,0
39.2621,2,39259554797,2502412,0
39.2646,1,39262102803,2502412,0
39.2672,3,39264659809,2502412,0
39.2697,3,39267189221,2502412,0
39.2722,3,39269727633,2502412,0
39.2748,1,39272257639,2502412,0
39.2749,2,39274796645,73000,1
39.2774,4,39274867645,2502412,0
39.2775,4,39277451057,73000,1
39.2775,1,39277451651,73000,1
39.28,3,39277522651,2502412,0
39.2826,2,39280061657,2502412,0
39.2851,1,39282609663,2502412,0
39.2852,2,39285175669,73000,1
39.2852,3,39285175669,73000,1
39.2853,2,39285255669,73000,1
39.2878,4,39285344669,2502412,0
39.2929,1,39290431681,2502412,0
39.2955,1,39292961093,2502412,0
39.298,4,39295527099,2502412,0
39.3009,4,39298369511,2502412,0
39.301,1,39300908517,73000,1
39.3038,4,39301305523,2502412,0
39.3039,3,39303844529,73000,1
39.3065,1,39304014529,2502412,0
39.309,4,39306544535,2502412,0
39.3116,4,39309082947,2502412,0
39.3141,3,39311621953,2502412,0
39.3192,3,39316708965,2502412,0
39.3217,1,39319238971,2502412,0
39.3218,1,39321768383,73000,1
39.3218,3,39321768977,73000,1
39.3244,4,39321857977,2502412,0
39.3269,1,39324387983,2502412,0
39.327,1,39326926395,73000,1
39.327,4,39326926989,73000,1
39.3324,2,39329876401,2502412,0
39.3325,2,39332468813,73000,1
39.3325,1,39332469407,73000,1
39.3351,4,39332594407,2502412,0
39.3402,3,39337654419,2502412,0
39.3403,3,39340273831,73000,1
39.3403,1,39340274425,73000,1
39.3454,4,39342875431,2502412,0
39.3479,4,39345422843,2502412,0
39.3505,2,39347961849,2502412,0
39.3533,2,39350806861,2502412,0
39.3584,4,39355902873,2502412,0
39.361,4,39358450285,2502412,0
39.3611,2,39360980291,73000,1
39.3611,3,39360980291,73000,1
39.3612,2,39361123291,73000,1
39.3612,3,39361123291,73000,1
39.3637,4,39361230291,2502412,0
39.3689,4,39366362303,2502412,0
39.374,4,39371512315,2502412,0
39.3766,4,39374059727,2502412,0
39.3817,4,39379227739,2502412,0
39.387,4,39386934163,73000,1
39.387,2,39386934163,73000,1
39.3895,2,39387023163,2502412,0
39.3946,4,39392119175,2502412,0
39.3972,3,39394649181,2502412,0
39.3997,2,39397179187,2502412,0
39.4029,3,39400354605,2502412,0
39.403,1,39402884611,73000,1
39.4055,4,39402964611,2502412,0
39.408,2,39405503617,2502412,0
39.4106,3,39408087623,2502412,0
39.4157,4,39413183635,2502412,0
39.4182,2,39415713641,2502412,0
39.4208,3,39418279647,2502412,0
39.4259,4,39423384659,2502412,0
39.4284,2,39425923665,2502412,0
39.4286,2,39428480077,73000,1
39.4286,3,39428480671,73000,1
39.4339,4,39431439083,2502412,0
39.4365,3,39434014089,2502412,0
39.4416,4,39439146101,2502412,0
39.4442,3,39441703107,2502412,0
39.4467,2,39444242113,2502412,0
39.4468,3,39446772119,73000,1
39.4494,4,39446870119,2502412,0
39.4519,4,39449417531,2502412,0
39.4548,2,39452280543,2502412,0
39.4599,4,39457349555,2502412,0
39.4624,4,39459932967,2502412,0
39.465,3,39462462973,2502412,0
39.4675,2,39465010979,2502412,0
39.4726,2,39470133991,2502412,0
39.4752,4,39472663997,2502412,0
39.4753,2,39475212003,73000,1
39.4753,3,39475212003,73000,1
39.4804,4,39477858009,2502412,0
39.4829,3,39480433015,2502412,0
39.488,4,39485538027,2502412,0
39.4906,2,39488086033,2502412,0
39.4931,4,39490616039,2502412,0
39.4957,2,39493164045,2502412,0
39.4982,3,39495694051,2502412,0
39.5036,2,39501105069,2502412,0
39.5064,4,39503947481,2502412,0
39.509,1,39506477487,2502412,0
39.5091,4,39509016493,73000,1
39.5091,2,39509016493,73000,1
39.5091,3,39509016493,73000,1
39.5142,1,39511671499,2502412,0
39.5167,1,39514218911,2502412,0
39.5193,4,39516748917,2502412,0
39.5218,1,39519305923,2502412,0
39.5244,4,39521871929,2502412,0
39.5269,1,39524401935,2502412,0
39.532,2,39529488947,2502412,0
39.5345,3,39532045953,2502412,0
39.535,3,39534924959,73000,1
39.535,4,39534924959,73000,1
39.5375,1,39534995959,2502412,0
39.5426,2,39540091971,2502412,0
39.5452,4,39542675977,2502412,0
39.5477,1,39545223983,2502412,0
39.5528,2,39550301995,2502412,0
39.5557,1,39553156007,2502412,0
39.5582,4,39555686013,2502412,0
39.5607,1,39558216019,2502412,0
39.5633,2,39560755025,2502412,0
39.5658,3,39563285031,2502412,0
39.5683,1,39565824037,2502412,0
39.5734,1,39570911049,2502412,0
39.576,4,39573450055,2502412,0
39.5785,2,39575980061,2502412,0
39.5786,1,39578555067,73000,1
39.5786,3,39578555067,73000,1
39.5788,2,39578680067,73000,1
39.5813,4,39578751067,2502412,0
39.5814,4,39581298479,73000,1
39.5814,3,39581299073,73000,1
39.5839,1,39581406073,2502412,0
39.5864,4,39583936079,2502412,0
39.589,1,39586475085,2502412,0
39.5917,1,39591580097,73000,1
39.5917,4,39591580097,73000,1
39.5942,2,39591651097,2502412,0
39.5967,1,39594226103,2502412,0
39.5969,2,39596792109,73000,1
39.5994,4,39596863109,2502412,0
39.602,1,39599474115,2502412,0
39.6077,4,39605180133,2502412,0
39.6102,2,39607719139,2502412,0
39.6128,3,39610276145,2502412,0
39.6153,2,39612824151,2502412,0
39.6204,1,39617884163,2502412,0
39.6229,4,39620414169,2502412,0
39.6255,1,39622971175,2502412,0
39.6256,4,39625510181,73000,1
39.6256,3,39625510181,73000,1
39.6281,1,39625608181,2502412,0
39.6282,2,39628138187,73000,1
39.6282,3,39628138187,73000,1
39.6307,1,39628209187,2502412,0
39.6358,4,39633296199,2502412,0
39.6386,1,39636139205,2502412,0
39.6412,2,39638714211,2502412,0
39.6437,4,39641244217,2502412,0
39.6463,4,39643791629,2502412,0
39.6488,2,39646330635,2502412,0
39.6515,4,39651408647,73000,1
39.6515,1,39651408647,73000,1
39.654,2,39651488647,2502412,0
39.6569,1,39654423659,2502412,0
39.657,2,39656962665,73000,1
39.6572,4,39657078665,73000,1
39.6572,2,39657078665,73000,1
39.6573,1,39657185665,73000,1
39.6573,4,39657185665,73000,1
39.6624,3,39659876671,2502412,0
39.6675,1,39664963683,2502412,0
39.67,3,39667511689,2502412,0
39.6725,3,39670041101,2502412,0
39.6751,1,39672571107,2502412,0
39.6776,1,39675109519,2502412,0
39.6827,3,39680187531,2502412,0
39.6853,1,39682780537,2502412,0
39.6878,3,39685319543,2502412,0
39.6904,1,39687867549,2502412,0
39.6954,1,39692945561,2502412,0
39.698,2,39695493567,2502412,0
39.7005,1,39698023573,2502412,0
39.7034,3,39700859585,2502412,0
39.7085,3,39705982597,2502412,0
39.7089,1,39708861009,73000,1
39.7089,2,39708861009,73000,1
39.7091,1,39708986009,73000,1
39.7091,2,39708986009,73000,1
39.7141,3,39711605015,2502412,0
39.7193,3,39716755027,2502412,0
39.7218,3,39719302439,2502412,0
39.7244,2,39721850445,2502412,0
39.7294,2,39726928457,2502412,0
39.732,3,39729521463,2502412,0
39.7371,4,39734626475,2502412,0
39.7397,2,39737156481,2502412,0
39.7425,3,39740035487,2502412,0
39.7452,3,39745113499,73000,1
39.7452,1,39745113499,73000,1
39.7477,2,39745184499,2502412,0
39.7503,4,39747750505,2502412,0
39.7504,4,39750288917,73000,1
39.7504,2,39750360511,73000,1
39.7558,1,39753296523,2502412,0
39.7583,1,39755834935,2502412,0
39.7609,4,39758364941,2502412,0
39.7634,1,39760894947,2502412,0
39.766,2,39763451953,2502412,0
39.7685,3,39765999959,2502412,0
39.771,2,39768529965,2502412,0
39.7711,4,39771059971,73000,1
39.7737,3,39771157971,2502412,0
39.7762,4,39773687977,2502412,0
39.7787,1,39776226983,2502412,0
39.7813,2,39778819989,2502412,0
39.7839,1,39781349995,2502412,0
39.7864,3,39783898001,2502412,0
39.7889,4,39786428007,2502412,0
39.7916,1,39791506019,73000,1
39.7916,2,39791506019,73000,1
39.7941,4,39791586019,2502412,0
39.7966,4,39794115431,2502412,0
39.7991,4,39796644843,2502412,0
39.7992,4,39799174255,73000,1
39.7992,2,39799174849,73000,1
39.8018,3,39799281849,2502412,0
39.8046,4,39802126861,2502412,0
39.8072,4,39804665273,2502412,0
39.8126,3,39810101285,2502412,0
39.8152,4,39812667291,2502412,0
39.8153,4,39815205703,73000,1
39.8153,1,39815206297,73000,1
39.8178,3,39815286297,2502412,0
39.8203,2,39817816303,2502412,0
39.8254,3,39822939315,2502412,0
39.828,2,39825496321,2502412,0
39.8305,1,39828035327,2502412,0
39.8331,4,39830592333,2502412,0
39.8382,2,39835679345,2502412,0
39.8407,3,39838209351,2502412,0
39.8436,4,39841070357,2502412,0
39.8461,1,39843618363,2502412,0
39.8487,3,39846166369,2502412,0
39.8541,2,39851550387,2502412,0
39.8542,2,39854079799,73000,1
39.8542,1,39854080393,73000,1
39.8567,3,39854160393,2502412,0
39.8592,4,39856708399,2502412,0
39.8618,1,39859274405,2502412,0
39.8669,2,39864352417,2502412,0
39.8694,3,39866882423,2502412,0
39.8695,3,39869429835,73000,1
39.8695,2,39869430429,73000,1
39.8695,1,39869430429,73000,1
39.8696,4,39869501429,73000,1
39.8696,2,39869503429,73000,1
39.8747,4,39872185435,2502412,0
39.8773,1,39874760441,2502412,0
39.8798,4,39877290447,2502412,0
39.8823,4,39879846859,2502412,0
39.8874,2,39884924871,2502412,0
39.89,3,39887454877,2502412,0
39.8925,1,39889984883,2502412,0
39.8951,2,39892550889,2502412,0
39.8976,1,39895107895,2502412,0
39.9001,4,39897637901,2502412,0
39.9055,3,39903021919,2502412,0
39.9057,3,39905587331,73000,1
39.9057,2,39905587925,73000,1
39.9082,4,39905685925,2502412,0
39.9107,1,39908224931,2502412,0
39.9133,3,39910772937,2502412,0
39.9187,4,39916163355,2502412,0
39.9212,2,39918711361,2502412,0
39.9213,2,39921258773,73000,1
39.9213,3,39921259367,73000,1
39.9213,1,39921259367,73000,1
39.9238,2,39921331773,2502412,0
39.9264,4,39923879779,2502412,0
39.9315,4,39928975791,2502412,0
39.934,2,39931523797,2502412,0
39.9366,4,39934089803,2502412,0
39.9391,4,39936637215,2502412,0
39.9392,2,39939176221,73000,1
39.9418,1,39939274221,2502412,0
39.9443,3,39941804227,2502412,0
39.9472,4,39944692233,2502412,0
39.9497,3,39947240239,2502412,0
39.9551,1,39952624257,2502412,0
39.9577,2,39955163263,2502412,0
39.9602,4,39957729269,2502412,0
39.9603,4,39960258681,73000,1
39.9603,1,39960259275,73000,1
39.9628,3,39960330275,2502412,0
39.968,2,39965453287,2502412,0
39.9705,3,39967992293,2502412,0
39.9707,2,39970585299,73000,1
39.9732,1,39970674299,2502412,0
39.9733,3,39973204305,73000,1
39.9733,4,39973204305,73000,1
39.9784,2,39975877311,2502412,0
39.9785,3,39978425317,73000,1
39.9785,1,39978425317,73000,1
39.981,1,39978505317,2502412,0
39.9835,1,39981034729,2502412,0
39.9837,1,39983591141,73000,1
39.9862,2,39983662735,2502412,0
39.9887,2,39986201147,2502412,0
39.9913,4,39988776153,2502412,0
39.9938,1,39991333159,2502412,0
39.9989,2,39996411171,2502412,0
40.0014,1,39998941177,2502412,0
40.0043,4,40001804189,2502412,0
40.0069,2,40004361195,2502412,0
40.0094,3,40006891201,2502412,0
40.0095,4,40009421207,73000,1
40.0095,1,40009421207,73000,1
40.0145,3,40012040213,2502412,0
40.015,3,40014909625,73000,1
40.015,4,40014909625,73000,1
40.0175,2,40015007625,2502412,0
40.02,3,40017537631,2502412,0
40.0202,3,40020121043,73000,1
40.0202,1,40020121637,73000,1
40.0252,2,40022722643,2502412,0
40.0278,2,40025279055,2502412,0
40.0303,2,40027808467,2502412,0
40.0329,3,40030392473,2502412,0
40.038,3,40035470485,2502412,0
40.0405,2,40038009491,2502412,0
40.0431,3,40040593497,2502412,0
40.0432,3,40043158909,73000,1
40.0432,2,40043159503,73000,1
40.0458,4,40043257503,2502412,0
40.0486,4,40046136509,2502412,0
40.0512,2,40048666515,2502412,0
40.0516,1,40051520527,73000,1
40.0541,4,40051600527,2502412,0
40.0567,2,40054157533,2502412,0
40.0592,2,40056695945,2502412,0
40.0618,4,40059252951,2502412,0
40.0643,2,40061791957,2502412,0
40.0669,2,40066851969,73000,1
40.0669,3,40066851969,73000,1
40.0694,4,40066940969,2502412,0
40.0696,4,40069569381,73000,1
40.0722,2,40069694975,2502412,0
40.0773,2,40074835987,2502412,0
40.0825,4,40079958999,2502412,0
40.085,4,40082506411,2502412,0
40.0901,2,40087575423,2502412,0
40.0926,2,40090122835,2502412,0
40.0952,3,40092670841,2502412,0
40.0977,2,40095218847,2502412,0
40.1004,2,40100296859,73000,1
40.1004,4,40100296859,73000,1
40.1008,3,40100727865,73000,1
40.1008,1,40100727865,73000,1
40.1008,4,40100727865,73000,1
40.1059,2,40103418871,2502412,0
40.106,2,40105975283,73000,1
40.106,3,40105975877,73000,1
40.1111,4,40108621883,2502412,0
40.1137,4,40111151295,2502412,0
40.1162,4,40113698707,2502412,0
40.1191,3,40116559119,2502412,0
40.1218,3,40121691131,73000,1
40.1218,4,40121691131,73000,1
40.1218,2,40121691131,73000,1
40.1269,4,40124373137,2502412,0
40.132,3,40129478149,2502412,0
40.1345,4,40132044155,2502412,0
40.1372,4,40137158167,73000,1
40.1372,2,40137158167,73000,1
40.1373,3,40137238167,73000,1
40.1373,4,40137238167,73000,1
40.1424,3,40139884173,2502412,0
40.1425,3,40142440585,73000,1
40.1425,2,40142441179,73000,1
40.1477,4,40145168185,2502412,0
40.1534,3,40150883203,2502412,0
40.156,4,40153449209,2502412,0
40.161,1,40158527221,2502412,0
40.1636,3,40161075227,2502412,0
40.1661,4,40163632233,2502412,0
40.1688,4,40168710245,73000,1
40.1688,3,40168710245,73000,1
40.1713,1,40168808245,2502412,0
40.1764,1,40173940257,2502412,0
40.179,4,40176488263,2502412,0
40.1816,3,40179063269,2502412,0
40.1817,4,40181593275,73000,1
40.1842,4,40181682275,2502412,0
40.1867,1,40184212281,2502412,0
40.1892,1,40186741693,2502412,0
40.1918,4,40189298699,2502412,0
40.1943,3,40191837705,2502412,0
40.1944,3,40194367117,73000,1
40.1944,1,40194367711,73000,1
40.1996,4,40197058717,2502412,0
40.2021,1,40199606723,2502412,0
40.2025,1,40202451735,73000,1
40.2025,3,40202451735,73000,1
40.2026,4,40202531735,73000,1
40.2051,1,40202629735,2502412,0
40.2077,1,40205177147,2502412,0
40.2128,1,40210309159,2502412,0
40.2154,4,40212857165,2502412,0
40.2179,1,40215387171,2502412,0
40.2233,3,40220805183,2502412,0
40.2258,3,40223343595,2502412,0
40.2284,1,40225873601,2502412,0
40.2309,4,40228439607,2502412,0
40.2335,4,40230987019,2502412,0
40.2385,1,40236047031,2502412,0
40.2411,1,40238585443,2502412,0
40.2436,3,40241124449,2502412,0
40.2438,1,40243699455,73000,1
40.2438,4,40243699455,73000,1
40.2463,3,40243770455,2502412,0
40.2514,3,40248857467,2502412,0
40.2545,3,40252006479,2502412,0
40.257,2,40254545485,2502412,0
40.2572,3,40257084491,73000,1
40.2572,4,40257084491,73000,1
40.2598,2,40259766497,73000,1
40.2598,1,40259766497,73000,1
40.2624,3,40259891497,2502412,0
40.2675,3,40265032509,2502412,0
40.2701,2,40267589515,2502412,0
40.2752,3,40272685527,2502412,0
40.2777,1,40275242533,2502412,0
40.2803,3,40277781539,2502412,0
40.2828,2,40280320545,2502412,0
40.2879,1,40285398557,2502412,0
40.2905,4,40287955563,2502412,0
40.293,1,40290494569,2502412,0
40.2955,3,40293033575,2502412,0
40.2981,2,40295572581,2502412,0
40.2982,4,40298120587,73000,1
40.3007,1,40298209587,2502412,0
40.3032,3,40300739593,2502412,0
40.3061,4,40303602605,2502412,0
40.3087,2,40306159611,2502412,0
40.3088,3,40308689617,73000,1
40.3088,1,40308689617,73000,1
40.3138,3,40311326623,2502412,0
40.3164,4,40313892629,2502412,0
40.3189,3,40316431635,2502412,0
40.3215,2,40318961641,2502412,0
40.3219,1,40321858053,73000,1
40.3244,4,40321947053,2502412,0
40.327,4,40324476465,2502412,0
40.3295,2,40327024471,2502412,0
40.3321,3,40329554477,2502412,0
40.3346,1,40332093483,2502412,0
40.3371,4,40334632489,2502412,0
40.3397,1,40337162495,2502412,0
40.3448,1,40342249507,2502412,0
40.3473,2,40344797513,2502412,0
40.3498,3,40347336519,2502412,0
40.3524,2,40349866525,2502412,0
40.3555,4,40353033537,2502412,0
40.3557,4,40355616949,73000,1
40.3557,1,40355617543,73000,1
40.3582,1,40355706543,2502412,0
40.3607,1,40358235955,2502412,0
40.3608,2,40360765961,73000,1
40.3608,3,40360765961,73000,1
40.3634,1,40360881961,2502412,0
40.3659,2,40363420967,2502412,0
40.3685,4,40365959973,2502412,0
40.3735,2,40371028985,2502412,0
40.3761,1,40373576991,2502412,0
40.3786,1,40376106403,2502412,0
40.3812,2,40378663409,2502412,0
40.3837,4,40381193415,2502412,0
40.3863,2,40383759421,2502412,0
40.3864,3,40386298427,73000,1
40.3864,2,40386369427,73000,1
40.3864,1,40386369427,73000,1
40.3889,4,40386440427,2502412,0
40.3916,4,40389086839,2502412,0
40.3967,2,40394191851,2502412,0
40.3992,4,40396721857,2502412,0
40.4018,1,40399260863,2502412,0
40.4046,4,40402123875,2502412,0
40.4097,2,40407201887,2502412,0
40.4123,2,40409758299,2502412,0
40.4148,1,40412306305,2502412,0
40.4173,2,40414836311,2502412,0
40.4199,4,40417366317,2502412,0
40.425,1,40422453329,2502412,0
40.4278,4,40425295741,2502412,0
40.4303,2,40427834747,2502412,0
40.4329,4,40430373753,2502412,0
40.433,2,40432939759,73000,1
40.433,3,40432939759,73000,1
40.4355,4,40433028759,2502412,0
40.4406,1,40438088771,2502412,0
40.4432,1,40440672183,2502412,0
40.4457,4,40443202189,2502412,0
40.4458,4,40445731601,73000,1
40.4458,3,40445732195,73000,1
40.4483,1,40445803195,2502412,0
40.4509,1,40448359607,2502412,0
40.4563,2,40453761625,2502412,0
40.4591,1,40456613631,2502412,0
40.4617,1,40459197043,2502412,0
40.4642,2,40461745049,2502412,0
40.4693,4,40466832061,2502412,0
40.4719,2,40469398067,2502412,0
40.4744,1,40471928073,2502412,0
40.4771,2,40477051085,73000,1
40.4771,4,40477051085,73000,1
40.4797,1,40477158085,2502412,0
40.4848,4,40482263097,2502412,0
40.4873,4,40484819509,2502412,0
40.4899,1,40487367515,2502412,0
40.495,2,40492499527,2502412,0
40.4975,4,40495047533,2502412,0
40.5001,1,40497586539,2502412,0
40.5055,2,40502970557,2502412,0
40.508,1,40505500563,2502412,0
40.5105,4,40508039569,2502412,0
40.5107,2,40510632575,73000,1
40.5132,4,40510721575,2502412,0
40.5158,4,40513250987,2502412,0
40.5183,1,40515780993,2502412,0
40.5208,4,40518337999,2502412,0
40.5235,4,40523452011,73000,1
40.5235,1,40523452011,73000,1
40.5261,2,40523568011,2502412,0
40.5315,2,40529039429,2502412,0
40.5341,1,40531578435,2502412,0
40.5366,4,40534108441,2502412,0
40.5393,4,40539249453,73000,1
40.5393,1,40539249453,73000,1
40.5394,2,40539320453,73000,1
40.5394,4,40539322453,73000,1
40.5471,1,40544578871,2502412,0
40.5522,2,40549701883,2502412,0
40.5523,2,40552231295,73000,1
40.5548,2,40552311889,2502412,0
40.5574,1,40554859895,2502412,0
40.5631,4,40560547913,2502412,0
40.5656,2,40563095919,2502412,0
40.5682,1,40565670925,2502412,0
40.5683,4,40568209931,73000,1
40.5683,3,40568209931,73000,1
40.5733,1,40570828937,2502412,0
40.5734,1,40573358349,73000,1
40.5734,2,40573358943,73000,1
40.576,4,40573447943,2502412,0
40.5761,4,40576049355,73000,1
40.5763,2,40576228949,73000,1
40.5788,1,40576317949,2502412,0
40.5814,4,40578847955,2502412,0
40.5865,4,40583961967,2502412,0
40.589,1,40586536973,2502412,0
40.5916,4,40589066979,2502412,0
40.5942,4,40594153991,73000,1
40.5942,1,40594153991,73000,1
40.5967,2,40594224991,2502412,0
40.6019,1,40599393003,2502412,0
40.6044,2,40601923009,2502412,0
40.6045,4,40604453015,73000,1
40.6072,2,40607090021,73000,1
40.6072,2,40607163021,73000,1
40.6074,1,40607279021,73000,1
40.6128,4,40610339033,2502412,0
40.6179,4,40615417045,2502412,0
40.6205,4,40617955457,2502412,0
40.623,4,40620511869,2502412,0
40.6231,1,40623041875,73000,1
40.6256,2,40623139875,2502412,0
40.6282,2,40625714287,2502412,0
40.6286,1,40628574699,73000,1
40.6312,4,40628654699,2502412,0
40.6337,2,40631184705,2502412,0
40.6362,2,40633723117,2502412,0
40.6388,2,40636279529,2502412,0
40.6439,4,40641393541,2502412,0
40.644,4,40643976953,73000,1
40.6441,2,40643977547,73000,1
40.6491,1,40646632553,2502412,0
40.6517,1,40649170965,2502412,0
40.6545,1,40652033977,2502412,0
40.6596,1,40657129989,2502412,0
40.6625,4,40659981995,2502412,0
40.6626,1,40662557001,73000,1
40.6651,2,40662628001,2502412,0
40.6677,4,40665185007,2502412,0
40.6702,4,40667723419,2502412,0
40.6704,4,40670288831,73000,1
40.6729,2,40670378425,2502412,0
40.6754,2,40672925837,2502412,0
40.678,4,40675491843,2502412,0
40.6807,4,40680587855,73000,1
40.6807,1,40680587855,73000,1
40.6832,2,40680667855,2502412,0
40.6857,4,40683215861,2502412,0
40.6883,3,40685763867,2502412,0
40.6884,2,40688293873,73000,1
40.6909,4,40688391873,2502412,0
40.6935,4,40690975285,2502412,0
40.696,3,40693523291,2502412,0
40.7011,4,40698601303,2502412,0
40.704,3,40701500315,2502412,0
40.7065,2,40704030321,2502412,0
40.7116,4,40709108333,2502412,0
40.7141,3,40711638339,2502412,0
40.7167,2,40714177345,2502412,0
40.7192,4,40716716351,2502412,0
40.7219,3,40721848363,73000,1
40.7219,1,40721848363,73000,1
40.7244,2,40721919363,2502412,0
40.727,3,40724458369,2502412,0
40.7295,4,40726988375,2502412,0
40.732,2,40729518381,2502412,0
40.7325,2,40732378793,73000,1
40.7325,3,40732378793,73000,1
40.7375,4,40735024799,2502412,0
40.7401,3,40737572805,2502412,0
40.7426,3,40740138217,2502412,0
40.7427,3,40742676629,73000,1
40.7428,2,40742677223,73000,1
40.7453,4,40742766223,2502412,0
40.7454,4,40745304635,73000,1
40.748,4,40745448229,2502412,0
40.7531,4,40750562241,2502412,0
40.7559,3,40753425253,2502412,0
40.761,4,40758530265,2502412,0
40.7636,3,40761123271,2502412,0
40.7665,4,40763975277,2502412,0
40.7715,4,40769035289,2502412,0
40.7741,3,40771610295,2502412,0
40.7767,3,40774157707,2502412,0
40.7768,4,40776705713,73000,1
40.7793,2,40776785713,2502412,0
40.7818,3,40779333719,2502412,0
40.787,2,40784456731,2502412,0
40.7895,3,40787031737,2502412,0
40.7946,4,40792145749,2502412,0
40.7972,2,40794675755,2502412,0
40.7973,4,40797232761,73000,1
40.7973,3,40797232761,73000,1
40.7973,1,40797232761,73000,1
40.8024,4,40799905767,2502412,0
40.8025,2,40802435773,73000,1
40.8051,2,40802631773,2502412,0
40.8052,4,40805161779,73000,1
40.8077,3,40805232779,2502412,0
40.8082,3,40808131791,73000,1
40.8107,2,40808211791,2502412,0
40.8133,3,40810786797,2502412,0
40.8158,2,40813334803,2502412,0
40.8209,3,40818421815,2502412,0
40.8235,3,40820987227,2502412,0
40.826,4,40823517233,2502412,0
40.8286,2,40826056239,2502412,0
40.8287,2,40828612651,73000,1
40.8287,4,40828613245,73000,1
40.8312,3,40828684245,2502412,0
40.8337,4,40831214251,2502412,0
40.8366,3,40834146663,2502412,0
40.8417,3,40839224675,2502412,0
40.8443,4,40841754681,2502412,0
40.8468,4,40844284093,2502412,0
40.8493,4,40846840505,2502412,0
40.8519,3,40849370511,2502412,0
40.852,3,40851908923,73000,1
40.857,2,40854528523,2502412,0
40.8599,4,40857382535,2502412,0
40.8625,3,40859966541,2502412,0
40.8626,4,40862505547,73000,1
40.8626,2,40862505547,73000,1
40.868,2,40865472959,2502412,0
40.8705,2,40868011371,2502412,0
40.8706,2,40870549783,73000,1
40.8706,3,40870550377,73000,1
40.8731,4,40870621377,2502412,0
40.8783,4,40875753389,2502412,0
40.8808,2,40878283395,2502412,0
40.8809,4,40880867401,73000,1
40.8809,1,40880867401,73000,1
40.886,2,40883495407,2502412,0
40.8886,3,40886088413,2502412,0
40.8887,2,40888636419,73000,1
40.8887,4,40888636419,73000,1
40.8938,3,40891318425,2502412,0
40.8989,3,40896432437,2502412,0
40.9044,3,40901861455,2502412,0
40.9069,2,40904409461,2502412,0
40.9095,3,40906948467,2502412,0
40.9096,4,40909478473,73000,1
40.9121,2,40909549473,2502412,0
40.9172,3,40914708485,2502412,0
40.9197,2,40917247491,2502412,0
40.9249,2,40922379503,2502412,0
40.9274,2,40924908915,2502412,0
40.93,3,40927447921,2502412,0
40.9325,3,40929977333,2502412,0
40.9326,2,40932543339,73000,1
40.9327,3,40932659339,73000,1
40.9327,2,40932659339,73000,1
40.9353,3,40932793339,2502412,0
40.9433,3,40940803169,2502412,0
40.9484,3,40945926181,2502412,0
40.9539,3,40951373199,2502412,0
40.9564,2,40953930205,2502412,0
40.9566,2,40956477617,73000,1
40.9566,3,40956549211,73000,1
40.9566,4,40956549211,73000,1
40.9618,2,40959294217,2502412,0
40.9669,3,40964381229,2502412,0
40.9698,2,40967260235,2502412,0
40.9723,3,40969790241,2502412,0
40.975,3,40974931253,73000,1
40.975,2,40974931253,73000,1
40.9827,3,40980205671,2502412,0
40.9853,2,40982753677,2502412,0
40.9854,3,40985292683,73000,1
40.9905,2,40988001689,2502412,0
40.9957,3,40993151701,2502412,0
40.9982,2,40995681707,2502412,0
41.0007,1,40998220713,2502412,0
41.0008,1,41000750125,73000,1
41.0034,3,41000894719,2502412,0
41.0035,2,41003424725,73000,1
41.0036,3,41003531725,73000,1
41.0091,2,41006573737,2502412,0
41.0092,3,41009103743,73000,1
41.0092,1,41009103743,73000,1
41.0117,2,41009201743,2502412,0
41.0168,1,41014342755,2502412,0
41.0194,3,41016881761,2502412,0
41.0195,2,41019411767,73000,1
41.022,2,41019527767,2502412,0
41.0246,3,41022057773,2502412,0
41.0271,3,41024605185,2502412,0
41.0296,1,41027135191,2502412,0
41.0348,2,41032249203,2502412,0
41.0373,1,41034788209,2502412,0
41.0402,3,41037666621,2502412,0
41.0403,2,41040196627,73000,1
41.0428,1,41040294627,2502412,0
41.0453,3,41042824633,2502412,0
41.0479,2,41045354639,2502412,0
41.0504,1,41047884645,2502412,0
41.0533,3,41050756657,2502412,0
41.0583,2,41055834669,2502412,0
41.0609,3,41058400675,2502412,0
41.0634,1,41060930681,2502412,0
41.066,3,41063496687,2502412,0
41.0711,2,41068583699,2502412,0
41.0739,3,41071426705,2502412,0
41.0765,2,41073956711,2502412,0
41.079,1,41076495717,2502412,0
41.0815,3,41079043723,2502412,0
41.0817,3,41081582135,73000,1
41.0817,2,41081582729,73000,1
41.0842,2,41081671729,2502412,0
41.0892,3,41086740741,2502412,0
41.0918,1,41089270747,2502412,0
41.0919,1,41091809159,73000,1
41.0919,2,41091809753,73000,1
41.092,3,41091907753,73000,1
41.092,2,41091907753,73000,1
41.0945,3,41092014753,2502412,0
41.097,4,41094544759,2502412,0
41.1022,1,41099658771,2502412,0
41.1047,1,41102188183,2502412,0
41.1075,3,41105033195,2502412,0
41.1101,3,41107580607,2502412,0
41.1102,1,41110119613,73000,1
41.1102,4,41110119613,73000,1
41.1153,3,41112774619,2502412,0
41.1154,3,41115322031,73000,1
41.1154,2,41115322625,73000,1
41.1179,1,41115438625,2502412,0
41.1205,4,41117977631,2502412,0
41.123,3,41120525637,2502412,0
41.1282,1,41125648649,2502412,0
41.1307,4,41128196655,2502412,0
41.1332,1,41130735661,2502412,0
41.1333,1,41133265073,73000,1
41.1333,3,41133265667,73000,1
41.1358,2,41133345667,2502412,0
41.141,4,41138477679,2502412,0
41.1438,2,41141320091,2502412,0
41.1464,3,41143868097,2502412,0
41.1489,3,41146406509,2502412,0
41.1516,2,41151493521,73000,1
41.1541,4,41151564521,2502412,0
41.1566,3,41154103527,2502412,0
41.1567,1,41156633533,73000,1
41.1592,4,41156722533,2502412,0
41.1621,3,41159585545,2502412,0
41.1648,3,41164681557,73000,1
41.1648,2,41164681557,73000,1
41.1673,3,41164761557,2502412,0
41.1698,4,41167309563,2502412,0
41.1699,3,41169839569,73000,1
41.1699,2,41169839569,73000,1
41.1724,3,41169946569,2502412,0
41.1779,4,41175391581,2502412,0
41.1804,3,41177930587,2502412,0
41.1806,3,41180477999,73000,1
41.1806,2,41180478593,73000,1
41.1806,4,41180576593,73000,1
41.1832,4,41180710593,2502412,0
41.1857,3,41183240599,2502412,0
41.1859,3,41185788011,73000,1
41.1859,2,41185788605,73000,1
41.1909,4,41188389611,2502412,0
41.191,4,41190919023,73000,1
41.191,1,41190919617,73000,1
41.1962,3,41193673623,2502412,0
41.1987,4,41196221629,2502412,0
41.2042,3,41201650647,2502412,0
41.2067,4,41204189653,2502412,0
41.2068,3,41206728659,73000,1
41.2093,4,41206826659,2502412,0
41.2119,4,41209365071,2502412,0
41.2144,4,41211903483,2502412,0
41.2169,3,41214442489,2502412,0
41.2171,1,41216990495,73000,1
41.2196,3,41217097495,2502412,0
41.2221,4,41219636501,2502412,0
41.2247,3,41222175507,2502412,0
41.2272,4,41224723513,2502412,0
41.2323,3,41229846525,2502412,0
41.2349,4,41232394531,2502412,0
41.24,3,41237499543,2502412,0
41.2426,3,41240082955,2502412,0
41.2454,4,41242934367,2502412,0
41.2506,3,41248075379,2502412,0
41.2534,4,41250929391,2502412,0
41.2535,4,41253458803,73000,1
41.2561,3,41253602397,2502412,0
41.2612,3,41258698409,2502412,0
41.2638,3,41261263821,2502412,0
41.2689,3,41266350833,2502412,0
41.269,3,41268916245,73000,1
41.269,4,41268916839,73000,1
41.277,3,41274503663,2502412,0
41.2796,3,41277051075,2502412,0
41.2847,3,41282201087,2502412,0
41.2898,3,41287297099,2502412,0
41.2924,3,41289862511,2502412,0
41.2975,3,41295003523,2502412,0
41.3002,4,41300108535,73000,1
41.3027,3,41300188535,2502412,0
41.3081,3,41305617553,2502412,0
41.3107,3,41308200965,2502412,0
41.3158,2,41313314977,2502412,0
41.3184,3,41315871983,2502412,0
41.3235,2,41321012995,2502412,0
41.3261,3,41323552001,2502412,0
41.3312,2,41328675013,2502412,0
41.3363,3,41333771025,2502412,0
41.3388,1,41336337031,2502412,0
41.339,2,41338885037,73000,1
41.3415,3,41338956037,2502412,0
41.3441,1,41341567043,2502412,0
41.3494,3,41346940055,2502412,0
41.352,2,41349506061,2502412,0
41.3549,2,41352378073,2502412,0
41.3599,3,41357447085,2502412,0
41.3625,1,41359977091,2502412,0
41.365,2,41362516097,2502412,0
41.3676,2,41365063509,2502412,0
41.3701,1,41367611515,2502412,0
41.3727,1,41370149927,2502412,0
41.3777,2,41375218939,2502412,0
41.3806,3,41378061945,2502412,0
41.3831,2,41380600951,2502412,0
41.3857,1,41383157957,2502412,0
41.3882,2,41385705963,2502412,0
41.3907,1,41388244969,2502412,0
41.3933,3,41390792975,2502412,0
41.3934,4,41393331981,73000,1
41.3959,2,41393402981,2502412,0
41.3984,1,41395932987,2502412,0
41.401,2,41398462993,2502412,0
41.4011,3,41401001999,73000,1
41.4036,2,41401090999,2502412,0
41.4065,1,41403963011,2502412,0
41.409,2,41406502017,2502412,0
41.4115,1,41409041023,2502412,0
41.4166,1,41414110035,2502412,0
41.4192,1,41416666447,2502412,0
41.4217,2,41419205453,2502412,0
41.4242,4,41421735459,2502412,0
41.4268,3,41424265465,2502412,0
41.4294,2,41426849471,2502412,0
41.4319,1,41429379477,2502412,0
41.4344,4,41431927483,2502412,0
41.4345,3,41434466489,73000,1
41.437,2,41434537489,2502412,0
41.4396,4,41437076495,2502412,0
41.4421,4,41439623907,2502412,0
41.4447,4,41442162319,2502412,0
41.4472,1,41444692325,2502412,0
41.4501,2,41447552737,2502412,0
41.4529,4,41450397749,2502412,0
41.4554,4,41452945161,2502412,0
41.458,4,41455492573,2502412,0
41.4631,2,41460561585,2502412,0
41.4632,1,41463100591,73000,1
41.4632,3,41463100591,73000,1
41.4657,1,41463180591,2502412,0
41.4682,4,41465710597,2502412,0
41.4707,1,41468240603,2502412,0
41.4733,1,41470779015,2502412,0
41.4758,1,41473317427,2502412,0
41.4784,4,41475874433,2502412,0
41.4812,2,41478717439,2502412,0
41.4814,4,41481283445,73000,1
41.4839,1,41481390445,2502412,0
41.4865,2,41483956451,2502412,0
41.489,1,41486504457,2502412,0
41.4916,4,41489061463,2502412,0
41.4941,3,41491609469,2502412,0
41.4966,2,41494139475,2502412,0
41.5017,1,41499217487,2502412,0
41.5018,3,41501765493,73000,1
41.5043,4,41501845493,2502412,0
41.5045,1,41504384499,73000,1
41.507,2,41504455499,2502412,0
41.5098,2,41507318511,2502412,0
41.5149,4,41512432523,2502412,0
41.5175,3,41514962529,2502412,0
41.52,3,41517518941,2502412,0
41.5201,3,41520057353,73000,1
41.5201,2,41520057947,73000,1
41.5227,4,41520164947,2502412,0
41.5277,4,41525233959,2502412,0
41.5303,1,41527790965,2502412,0
41.5328,3,41530338971,2502412,0
41.533,1,41532904977,73000,1
41.533,4,41532904977,73000,1
41.5331,3,41532984977,73000,1
41.5356,2,41533082977,2502412,0
41.5381,2,41535639389,2502412,0
41.5383,2,41538186801,73000,1
41.5383,4,41538187395,73000,1
41.5408,4,41538260395,2502412,0
41.5458,3,41543347407,2502412,0
41.5484,4,41545895413,2502412,0
41.551,3,41548452419,2502412,0
41.5541,1,41551600837,2502412,0
41.5566,1,41554139249,2502412,0
41.5617,1,41559217261,2502412,0
41.5642,2,41561747267,2502412,0
41.5644,3,41564286273,73000,1
41.5644,4,41564286273,73000,1
41.5669,2,41564420273,2502412,0
41.5695,1,41566950279,2502412,0
41.5746,1,41572073291,2502412,0
41.5771,2,41574630297,2502412,0
41.5797,3,41577178303,2502412,0
41.5851,2,41582568721,2502412,0
41.5876,1,41585098727,2502412,0
41.5901,4,41587637733,2502412,0
41.5927,3,41590176739,2502412,0
41.5952,3,41592742151,2502412,0
41.5954,2,41595281157,73000,1
41.5979,4,41595361157,2502412,0
41.6004,1,41597909163,2502412,0
41.6033,3,41600790175,2502412,0
41.6058,1,41603329181,2502412,0
41.6085,4,41608407193,73000,1
41.6085,2,41608407193,73000,1
41.611,4,41608532193,2502412,0
41.6136,1,41611062199,2502412,0
41.6161,3,41613601205,2502412,0
41.6162,1,41616167211,73000,1
41.6188,4,41616292211,2502412,0
41.6213,3,41618822217,2502412,0
41.6239,4,41621370223,2502412,0
41.6264,2,41623909229,2502412,0
41.6315,2,41629005241,2502412,0
41.634,2,41631543653,2502412,0
41.6341,3,41634073659,73000,1
41.6341,1,41634073659,73000,1
41.6367,4,41634153659,2502412,0
41.6418,2,41639258671,2502412,0
41.6443,4,41641842677,2502412,0
41.6495,2,41646956689,2502412,0
41.6496,4,41649504695,73000,1
41.6496,3,41649504695,73000,1
41.6521,1,41649602695,2502412,0
41.6553,1,41652760113,2502412,0
41.6604,2,41657856125,2502412,0
41.6629,2,41660403537,2502412,0
41.6654,4,41662933543,2502412,0
41.668,4,41665462955,2502412,0
41.6681,4,41668001367,73000,1
41.6681,1,41668001961,73000,1
41.6732,2,41670674967,2502412,0
41.6757,1,41673204973,2502412,0
41.6782,1,41675734385,2502412,0
41.6784,4,41678327391,73000,1
41.6809,2,41678425391,2502412,0
41.6835,1,41680964397,2502412,0
41.6863,1,41683825403,2502412,0
41.6865,2,41686382409,73000,1
41.6866,1,41686498409,73000,1
41.6866,3,41686498409,73000,1
41.6917,2,41689207415,2502412,0
41.6942,1,41691746421,2502412,0
41.6993,4,41696806433,2502412,0
41.7019,2,41699372439,2502412,0
41.7047,4,41702235451,2502412,0
41.7073,1,41704765457,2502412,0
41.7123,4,41709825469,2502412,0
41.7149,2,41712427475,2502412,0
41.7175,4,41714966481,2502412,0
41.72,1,41717505487,2502412,0
41.7251,2,41722574499,2502412,0
41.7276,4,41725113505,2502412,0
41.7302,4,41727669917,2502412,0
41.7303,2,41730226923,73000,1
41.7303,1,41730226923,73000,1
41.7354,1,41732908929,2502412,0
41.7379,4,41735438935,2502412,0
41.7431,1,41740588947,2502412,0
41.7456,4,41743118953,2502412,0
41.7482,2,41745666959,2502412,0
41.7483,4,41748205965,73000,1
41.7483,2,41748276965,73000,1
41.7483,3,41748276965,73000,1
41.7509,1,41748374965,2502412,0
41.7538,1,41751255977,2502412,0
41.7592,4,41756682989,2502412,0
41.7618,1,41759248995,2502412,0
41.7644,1,41764354007,73000,1
41.7644,4,41764354007,73000,1
41.7669,2,41764425007,2502412,0
41.7695,4,41766991013,2502412,0
41.772,2,41769521019,2502412,0
41.7771,2,41774644031,2502412,0
41.7797,1,41777183037,2502412,0
41.7822,4,41779713043,2502412,0
41.7873,1,41784827055,2502412,0
41.7902,2,41787688061,2502412,0
41.7903,2,41790244473,73000,1
41.7903,4,41790245067,73000,1
41.7928,1,41790325067,2502412,0
41.7929,4,41792855073,73000,1
41.7955,1,41792962073,2502412,0
41.798,4,41795537079,2502412,0
41.8034,4,41800939097,2502412,0
41.806,1,41803487103,2502412,0
41.8086,4,41806062109,2502412,0
41.8136,2,41811122121,2502412,0
41.8162,1,41813697127,2502412,0
41.8187,2,41816245133,2502412,0
41.8238,4,41821323145,2502412,0
41.8264,1,41823853151,2502412,0
41.829,2,41826455157,2502412,0
41.8315,4,41828985163,2502412,0
41.8366,1,41834063175,2502412,0
41.8392,4,41836656181,2502412,0
41.8393,1,41839195187,73000,1
41.8393,2,41839195187,73000,1
41.8393,1,41839275187,73000,1
41.8395,4,41839445187,73000,1
41.8395,2,41839445187,73000,1
41.8446,2,41842118193,2502412,0
41.8473,1,41847232205,73000,1
41.8473,3,41847232205,73000,1
41.8524,2,41849860211,2502412,0
41.8552,4,41852732223,2502412,0
41.8607,2,41858150235,2502412,0
41.8632,4,41860689241,2502412,0
41.8683,2,41865803253,2502412,0
41.8709,2,41868368665,2502412,0
41.8734,4,41870916671,2502412,0
41.8785,2,41876021683,2502412,0
41.8811,4,41878596689,2502412,0
41.8836,4,41881126101,2502412,0
41.8887,2,41886204113,2502412,0
41.8916,4,41889110119,2502412,0
41.8967,4,41894179131,2502412,0
41.8992,2,41896745137,2502412,0
41.9018,4,41899311143,2502412,0
41.9072,2,41904686161,2502412,0
41.9097,2,41907242573,2502412,0
41.9099,2,41909789985,73000,1
41.9099,4,41909790579,73000,1
41.9124,1,41909879579,2502412,0
41.9175,1,41915038591,2502412,0
41.9227,1,41920152603,2502412,0
41.9252,4,41922700609,2502412,0
41.9277,2,41925230615,2502412,0
41.9328,1,41930326627,2502412,0
41.9354,4,41932856633,2502412,0
41.9379,1,41935386639,2502412,0
41.9404,4,41937916645,2502412,0
41.943,1,41940464651,2502412,0
41.948,2,41945542663,2502412,0
41.9506,4,41948108669,2502412,0
41.9535,1,41950980681,2502412,0
41.956,2,41953519687,2502412,0
41.9587,2,41958597699,73000,1
41.9587,1,41958597699,73000,1
41.9587,4,41958597699,73000,1
41.9612,1,41958670699,2502412,0
41.9641,4,41961549111,2502412,0
41.9666,4,41964087523,2502412,0
41.9691,3,41966626529,2502412,0
41.9717,1,41969165535,2502412,0
41.9742,3,41971695541,2502412,0
41.9793,1,41976764553,2502412,0
41.9818,4,41979294559,2502412,0
41.9843,3,41981833565,2502412,0
41.9869,1,41984372571,2502412,0
41.9894,3,41986920577,2502412,0
41.9895,3,41989476989,73000,1
41.9896,1,41989477583,73000,1
41.9921,2,41989548583,2502412,0
41.9949,4,41992409589,2502412,0
42,1,41997478601,2502412,0
42.0028,2,42000323613,2502412,0
42.0054,2,42002871025,2502412,0
42.0079,1,42005401031,2502412,0
42.0105,4,42007958037,2502412,0
42.013,3,42010524043,2502412,0
42.0156,1,42013054049,2502412,0
42.0181,2,42015584055,2502412,0
42.0182,4,42018123061,73000,1
42.0208,4,42018257061,2502412,0
42.0233,3,42020787067,2502412,0
42.0258,1,42023317073,2502412,0
42.0283,2,42025847079,2502412,0
42.0309,4,42028386085,2502412,0
42.0334,4,42030924497,2502412,0
42.0361,2,42036047509,73000,1
42.0361,1,42036047509,73000,1
42.0386,3,42036118509,2502412,0
42.0412,4,42038675515,2502412,0
42.0463,3,42043825527,2502412,0
42.0489,1,42046355533,2502412,0
42.0514,4,42048885539,2502412,0
42.0515,4,42051414951,73000,1
42.0516,3,42051486545,73000,1
42.0544,2,42051919551,2502412,0
42.0545,1,42054449557,73000,1
42.057,3,42054529557,2502412,0
42.0596,4,42057122563,2502412,0
42.0622,2,42059652569,2502412,0
42.0651,3,42062548981,2502412,0
42.0652,3,42065078393,73000,1
42.0652,1,42065078987,73000,1
42.0677,4,42065185987,2502412,0
42.0702,2,42067715993,2502412,0
42.0704,2,42070317405,73000,1
42.0729,4,42070388999,2502412,0
42.078,2,42075494011,2502412,0
42.0781,2,42078023423,73000,1
42.0781,4,42078024017,73000,1
42.0806,2,42078096423,2502412,0
42.0831,2,42080634835,2502412,0
42.0857,3,42083182841,2502412,0
42.0908,2,42088269853,2502412,0
42.0933,4,42090808859,2502412,0
42.0962,4,42093669865,2502412,0
42.0987,3,42096217871,2502412,0
42.1013,3,42098756283,2502412,0
42.1041,2,42101610295,2502412,0
42.1092,2,42106697307,2502412,0
42.1117,4,42109245313,2502412,0
42.1118,3,42111775319,73000,1
42.1118,1,42111775319,73000,1
42.1144,2,42111855319,2502412,0
42.1169,4,42114403325,2502412,0
42.1221,2,42119553337,2502412,0
42.1222,4,42122083343,73000,1
42.1222,3,42122083343,73000,1
42.1247,2,42122199343,2502412,0
42.1298,2,42127295355,2502412,0
42.1323,2,42129833767,2502412,0
42.1375,2,42134983779,2502412,0
42.14,4,42137522785,2502412,0
42.1426,2,42140052791,2502412,0
42.1451,4,42142609797,2502412,0
42.1502,2,42147741809,2502412,0
42.1503,4,42150271815,73000,1
42.1558,2,42153259827,2502412,0
42.1583,3,42155825833,2502412,0
42.161,3,42160894845,73000,1
42.161,1,42160894845,73000,1
42.1635,2,42160983845,2502412,0
42.1636,4,42163531851,73000,1
42.1636,3,42163531851,73000,1
42.1661,2,42163602851,2502412,0
42.1715,2,42169011269,2502412,0
42.1741,2,42171630681,2502412,0
42.1792,2,42176699693,2502412,0
42.1844,3,42181858705,2502412,0
42.1869,2,42184388711,2502412,0
42.1894,2,42186945123,2502412,0
42.1945,4,42192023135,2502412,0
42.1971,2,42194553141,2502412,0
42.1975,2,42197414147,73000,1
42.1975,3,42197414147,73000,1
42.1976,4,42197494147,73000,1
42.1976,3,42197494147,73000,1
42.2001,3,42197583147,2502412,0
42.2056,3,42203057165,2502412,0
42.2081,4,42205614171,2502412,0
42.2106,3,42208144177,2502412,0
42.2157,2,42213222189,2502412,0
42.2183,4,42215761195,2502412,0
42.2208,3,42218336201,2502412,0
42.2234,4,42220875207,2502412,0
42.2284,2,42225935219,2502412,0
42.231,3,42228465225,2502412,0
42.2335,3,42230994637,2502412,0
42.236,4,42233524643,2502412,0
42.2386,3,42236126649,2502412,0
42.2387,2,42238665655,73000,1
42.2412,4,42238736655,2502412,0
42.2438,4,42241266067,2502412,0
42.2463,4,42243795479,2502412,0
42.2489,4,42246360891,2502412,0
42.2514,3,42248908897,2502412,0
42.2515,1,42251456903,73000,1
42.2569,4,42254417915,2502412,0
42.2595,3,42256947921,2502412,0
42.262,4,42259495927,2502412,0
42.2645,3,42262043933,2502412,0
42.2671,3,42264573345,2502412,0
42.2699,2,42267415757,2502412,0
42.275,4,42272502769,2502412,0
42.2776,3,42275068775,2502412,0
42.2777,3,42277616187,73000,1
42.2777,4,42277616781,73000,1
42.2802,2,42277687781,2502412,0
42.2853,2,42282810793,2502412,0
42.2879,2,42285349205,2502412,0
42.2904,3,42287933211,2502412,0
42.293,2,42290490217,2502412,0
42.2981,4,42295550229,2502412,0
42.3009,3,42298402235,2502412,0
42.3038,3,42301256247,2502412,0
42.3063,2,42303804253,2502412,0
42.3089,2,42306351665,2502412,0
42.3114,3,42308881671,2502412,0
42.3139,4,42311411677,2502412,0
42.319,3,42316489689,2502412,0
42.3216,3,42319055101,2502412,0
42.3241,2,42321585107,2502412,0
42.3242,2,42324150519,73000,1
42.3242,4,42324151113,73000,1
42.3268,3,42324267113,2502412,0
42.3319,3,42329435125,2502412,0
42.3345,4,42331974131,2502412,0
42.3396,2,42337088143,2502412,0
42.3421,3,42339636149,2502412,0
42.3422,3,42342174561,73000,1
42.3447,4,42342246155,2502412,0
42.3473,2,42344785161,2502412,0
42.3498,4,42347315167,2502412,0
42.3524,4,42349871579,2502412,0
42.3552,4,42352725591,2502412,0
42.3553,2,42355255597,73000,1
42.3579,4,42355362597,2502412,0
42.3604,3,42357946603,2502412,0
42.363,4,42360494609,2502412,0
42.3681,3,42365590621,2502412,0
42.3706,2,42368120627,2502412,0
42.3711,3,42370990039,73000,1
42.3711,4,42370990039,73000,1
42.3761,2,42373609045,2502412,0
42.3813,2,42378768057,2502412,0
42.3814,3,42381307063,73000,1
42.3814,4,42381307063,73000,1
42.3839,2,42381423063,2502412,0
42.389,2,42386510075,2502412,0
42.3916,2,42389102487,2502412,0
42.3993,2,42396790911,2502412,0
42.3995,2,42399383323,73000,1
42.402,3,42399517917,2502412,0
42.4024,3,42402360923,73000,1
42.4054,4,42402900929,2502412,0
42.4105,2,42407960941,2502412,0
42.413,3,42410499947,2502412,0
42.4156,2,42413056953,2502412,0
42.4157,3,42415604959,73000,1
42.4157,4,42415604959,73000,1
42.4207,4,42418223965,2502412,0
42.4233,3,42420789971,2502412,0
42.4258,2,42423319977,2502412,0
42.4284,2,42425894389,2502412,0
42.4285,3,42428424395,73000,1
42.431,4,42428504395,2502412,0
42.4336,4,42431069807,2502412,0
42.4361,2,42433635813,2502412,0
42.4387,2,42436174225,2502412,0
42.4388,3,42438704231,73000,1
42.4413,3,42438820231,2502412,0
42.4439,4,42441359237,2502412,0
42.4464,4,42443897649,2502412,0
42.4489,2,42446427655,2502412,0
42.4491,3,42448984661,73000,1
42.4516,2,42449055661,2502412,0
42.4571,4,42454548679,2502412,0
42.4596,4,42457096091,2502412,0
42.4622,2,42459653097,2502412,0
42.4647,4,42462219103,2502412,0
42.4698,3,42467315115,2502412,0
42.4724,2,42469854121,2502412,0
42.4752,4,42472696533,2502412,0
42.4777,2,42475226539,2502412,0
42.4779,4,42477783545,73000,1
42.4779,3,42477783545,73000,1
42.4829,3,42480438551,2502412,0
42.4855,2,42482995557,2502412,0
42.4881,4,42485552563,2502412,0
42.4931,3,42490630575,2502412,0
42.4957,1,42493160581,2502412,0
42.4982,2,42495717587,2502412,0
42.5007,2,42498246999,2502412,0
42.5009,1,42500777005,73000,1
42.5009,4,42500777005,73000,1
42.5066,3,42504050423,2502412,0
42.5091,2,42506589429,2502412,0
42.5116,4,42509119435,2502412,0
42.5142,3,42511676441,2502412,0
42.5167,2,42514215447,2502412,0
42.5218,1,42519293459,2502412,0
42.5243,4,42521823465,2502412,0
42.5269,3,42524371471,2502412,0
42.5294,3,42526909883,2502412,0
42.532,1,42529457889,2502412,0
42.5345,2,42531996895,2502412,0
42.537,4,42534535901,2502412,0
42.5371,2,42537074907,73000,1
42.5397,3,42537154907,2502412,0
42.5422,2,42539684913,2502412,0
42.5447,1,42542223919,2502412,0
42.5473,3,42544789925,2502412,0
42.5498,2,42547319931,2502412,0
42.5524,4,42549858937,2502412,0
42.5552,3,42552721949,2502412,0
42.5578,4,42555251955,2502412,0
42.5579,3,42557781961,73000,1
42.5579,1,42557781961,73000,1
42.5604,2,42557906961,2502412,0
42.563,4,42560499967,2502412,0
42.5656,2,42563056973,2502412,0
42.5707,4,42568161985,2502412,0
42.5732,2,42570700991,2502412,0
42.576,3,42573547003,2502412,0
42.5786,4,42576077009,2502412,0
42.5811,1,42578616015,2502412,0
42.5862,1,42583730027,2502412,0
42.5888,1,42586268439,2502412,0
42.5889,4,42588798445,73000,1
42.5889,3,42588798445,73000,1
42.5914,2,42588869445,2502412,0
42.5965,1,42594001457,2502412,0
42.599,2,42596531463,2502412,0
42.6016,2,42599096875,2502412,0
42.6041,2,42601635287,2502412,0
42.6099,1,42607349711,2502412,0
42.6124,3,42609888717,2502412,0
42.6125,3,42612427129,73000,1
42.6125,4,42612427723,73000,1
42.615,2,42612498723,2502412,0
42.6176,3,42615064729,2502412,0
42.6177,2,42617612735,73000,1
42.6202,1,42617692735,2502412,0
42.6227,1,42620222147,2502412,0
42.6253,3,42622779153,2502412,0
42.6278,1,42625318159,2502412,0
42.633,1,42630468171,2502412,0
42.6331,3,42633007177,73000,1
42.6331,2,42633007177,73000,1
42.6356,2,42633096177,2502412,0
42.6381,1,42635635183,2502412,0
42.6407,1,42638173595,2502412,0
42.6408,1,42640703007,73000,1
42.6433,2,42640792601,2502412,0
42.6459,4,42643412607,2502412,0
42.651,2,42648481619,2502412,0
42.6538,3,42651335631,2502412,0
42.654,2,42653928637,73000,1
42.6565,4,42653999637,2502412,0
42.659,1,42656538643,2502412,0
42.6616,3,42659077649,2502412,0
42.6641,4,42661607655,2502412,0
42.6666,1,42664137661,2502412,0
42.6692,1,42666694073,2502412,0
42.6693,4,42669224079,73000,1
42.6718,1,42669340079,2502412,0
42.672,1,42671887491,73000,1
42.672,3,42671888085,73000,1
42.6745,4,42671986085,2502412,0
42.677,2,42674543091,2502412,0
42.6824,3,42679942509,2502412,0
42.685,1,42682490515,2502412,0
42.6875,4,42685038521,2502412,0
42.6901,1,42687577527,2502412,0
42.6902,2,42690125533,73000,1
42.6927,3,42690232533,2502412,0
42.6953,4,42692780539,2502412,0
42.6978,1,42695310545,2502412,0
42.7004,3,42697876551,2502412,0
42.7058,1,42703296569,2502412,0
42.7083,4,42705835575,2502412,0
42.7112,3,42708678581,2502412,0
42.7137,2,42711217587,2502412,0
42.7164,4,42716304599,73000,1
42.7164,1,42716304599,73000,1
42.7189,2,42716438599,2502412,0
42.7215,3,42718968605,2502412,0
42.724,4,42721516611,2502412,0
42.7291,3,42726594623,2502412,0
42.7292,3,42729142035,73000,1
42.7292,2,42729142629,73000,1
42.7318,4,42729267629,2502412,0
42.7319,3,42731806635,73000,1
42.7344,1,42731877635,2502412,0
42.737,2,42734479641,2502412,0
42.7371,4,42737027647,73000,1
42.7396,1,42737098647,2502412,0
42.7422,2,42739682653,2502412,0
42.7473,1,42744769665,2502412,0
42.7498,1,42747299077,2502412,0
42.7523,1,42749828489,2502412,0
42.7552,2,42752727501,2502412,0
42.7603,1,42757787513,2502412,0
42.7628,4,42760317519,2502412,0
42.7654,1,42762892525,2502412,0
42.7655,1,42765457937,73000,1
42.7655,4,42765458531,73000,1
42.768,2,42765538531,2502412,0
42.7731,2,42770598543,2502412,0
42.7757,1,42773191549,2502412,0
42.7782,3,42775721555,2502412,0
42.7787,2,42778599967,73000,1
42.7787,4,42778599967,73000,1
42.7837,3,42781218973,2502412,0
42.7863,1,42783748979,2502412,0
42.7888,3,42786341985,2502412,0
42.7914,3,42788871397,2502412,0
42.7939,1,42791401403,2502412,0
42.799,3,42796470415,2502412,0
42.8015,4,42799027421,2502412,0
42.8044,3,42801872433,2502412,0
42.8069,1,42804447439,2502412,0
42.8095,2,42806977445,2502412,0
42.8149,1,42812368457,2502412,0
42.8174,3,42814907463,2502412,0
42.8199,4,42817437469,2502412,0
42.8225,3,42819976475,2502412,0
42.825,1,42822506481,2502412,0
42.8276,2,42825054487,2502412,0
42.8277,1,42827584493,73000,1
42.8277,4,42827584493,73000,1
42.8303,3,42830212499,73000,1
42.8303,1,42830212499,73000,1
42.8328,2,42830337499,2502412,0
42.8354,3,42832939505,2502412,0
42.8405,1,42838017517,2502412,0
42.8431,2,42840556523,2502412,0
42.8456,4,42843086529,2502412,0
42.8481,3,42845616535,2502412,0
42.8532,4,42850721547,2502412,0
42.8561,2,42853566559,2502412,0
42.8586,1,42856096565,2502412,0
42.8611,4,42858635571,2502412,0
42.8637,3,42861165577,2502412,0
42.8662,2,42863695583,2502412,0
42.8688,3,42866270589,2502412,0
42.8738,1,42871339601,2502412,0
42.8764,4,42873869607,2502412,0
42.8765,1,42876408613,73000,1
42.8765,3,42876408613,73000,1
42.879,2,42876506613,2502412,0
42.8816,2,42879063025,2502412,0
42.8844,4,42881923437,2502412,0
42.8845,4,42884452849,73000,1
42.8845,2,42884453443,73000,1
42.887,1,42884533443,2502412,0
42.8921,2,42889611455,2502412,0
42.8947,4,42892150461,2502412,0
42.8972,2,42894689467,2502412,0
42.8998,3,42897273473,2502412,0
42.8999,4,42899803479,73000,1
42.8999,1,42899803479,73000,1
42.9024,3,42899892479,2502412,0
42.9052,2,42902737491,2502412,0
42.9053,4,42905276497,73000,1
42.9079,2,42905401497,2502412,0
42.9105,3,42907949503,2502412,0
42.913,2,42910497509,2502412,0
42.9159,4,42913358515,2502412,0
42.9185,2,42918445527,73000,1
42.9185,3,42918445527,73000,1
42.921,1,42918534527,2502412,0
42.9236,1,42921090939,2502412,0
42.9261,4,42923620945,2502412,0
42.9287,4,42926177357,2502412,0
42.9338,3,42931255369,2502412,0
42.9363,3,42933829781,2502412,0
42.9389,1,42936359787,2502412,0
42.9414,4,42938907793,2502412,0
42.9465,2,42943985805,2502412,0
42.949,3,42946542811,2502412,0
42.9516,4,42949081817,2502412,0
42.952,3,42951935829,73000,1
42.952,1,42951935829,73000,1
42.9545,2,42952024829,2502412,0
42.9596,4,42957120841,2502412,0
42.9622,2,42959677847,2502412,0
42.9647,4,42962225853,2502412,0
42.9673,1,42964755859,2502412,0
42.9698,3,42967294865,2502412,0
42.9723,4,42969842871,2502412,0
42.975,3,42974902883,73000,1
42.975,1,42974902883,73000,1
42.9775,1,42974991883,2502412,0
42.98,2,42977521889,2502412,0
42.9826,3,42980060895,2502412,0
42.9851,2,42982626901,2502412,0
42.988,4,42985478313,2502412,0
42.9881,3,42988026319,73000,1
42.9881,1,42988026319,73000,1
42.9931,2,42990627325,2502412,0
42.9957,2,42993183737,2502412,0
42.9983,4,42995749743,2502412,0
43.0008,2,42998342749,2502412,0
43.0014,2,43001278761,73000,1
43.0014,1,43001278761,73000,1
43.0014,4,43001367761,73000,1
43.0014,3,43001367761,73000,1
43.0067,2,43006669179,73000,1
43.0067,4,43006669179,73000,1
43.0119,3,43009351185,2502412,0
43.0144,3,43011880597,2502412,0
43.0174,3,43017334609,73000,1
43.0174,4,43017334609,73000,1
43.0199,2,43017423609,2502412,0
43.025,2,43022537621,2502412,0
43.0276,1,43025067627,2502412,0
43.0301,1,43027597039,2502412,0
43.0326,1,43030126451,2502412,0
43.0328,3,43032692457,73000,1
43.0353,2,43032772457,2502412,0
43.0378,2,43035310869,2502412,0
43.0404,1,43037876875,2502412,0
43.0405,3,43040451881,73000,1
43.0406,1,43040540881,73000,1
43.0406,2,43040540881,73000,1
43.046,3,43045878299,73000,1
43.046,1,43045878299,73000,1
43.051,2,43048497305,2502412,0
43.0539,2,43051387317,2502412,0
43.059,1,43056483329,2502412,0
43.0615,4,43059031335,2502412,0
43.0641,2,43061597341,2502412,0
43.0667,2,43066675353,73000,1
43.0667,1,43066675353,73000,1
43.0692,4,43066746353,2502412,0
43.0718,2,43069321359,2502412,0
43.0744,4,43071860365,2502412,0
43.0795,4,43077001377,2502412,0
43.082,2,43079531383,2502412,0
43.0846,1,43082079389,2502412,0
43.09,1,43087470401,2502412,0
43.0901,2,43090000407,73000,1
43.0901,4,43090000407,73000,1
43.0926,1,43090134407,2502412,0
43.0978,1,43095293419,2502412,0
43.0979,2,43097823425,73000,1
43.1004,1,43097903425,2502412,0
43.1033,1,43100757437,2502412,0
43.1058,4,43103314443,2502412,0
43.1109,1,43108383455,2502412,0
43.1135,1,43110957867,2502412,0
43.116,4,43113505873,2502412,0
43.1185,4,43116035285,2502412,0
43.1239,1,43121435297,2502412,0
43.1241,1,43124045709,73000,1
43.1241,4,43124046303,73000,1
43.1318,2,43129284721,2502412,0
43.1343,2,43131814133,2502412,0
43.1369,4,43134362139,2502412,0
43.137,1,43136910145,73000,1
43.1395,4,43137008145,2502412,0
43.1396,2,43139565151,73000,1
43.1396,3,43139565151,73000,1
43.1421,4,43139636151,2502412,0
43.1423,1,43142193157,73000,1
43.1448,4,43142309157,2502412,0
43.15,2,43147450169,2502412,0
43.1525,4,43149998175,2502412,0
43.1579,4,43155382193,2502412,0
43.1605,2,43157948199,2502412,0
43.1656,4,43163062211,2502412,0
43.1681,2,43165601217,2502412,0
43.1707,1,43168158223,2502412,0
43.1732,1,43170687635,2502412,0
43.1757,2,43173217641,2502412,0
43.1808,4,43178304653,2502412,0
43.1833,4,43180843065,2502412,0
43.1859,1,43183373071,2502412,0
43.1884,2,43185903077,2502412,0
43.1913,1,43188799489,2502412,0
43.1939,2,43193868501,73000,1
43.1939,4,43193868501,73000,1
43.1965,2,43193948501,2502412,0
43.199,1,43196478507,2502412,0
43.2015,1,43199016919,2502412,0
43.202,2,43201933931,73000,1
43.202,4,43201933931,73000,1
43.2045,1,43202031931,2502412,0
43.2071,1,43204633343,2502412,0
43.2097,4,43207172349,2502412,0
43.2148,4,43212268361,2502412,0
43.2173,2,43214816367,2502412,0
43.2175,1,43217382373,73000,1
43.22,4,43217462373,2502412,0
43.2228,4,43220332379,2502412,0
43.2254,2,43222880385,2502412,0
43.2279,4,43225419391,2502412,0
43.2331,1,43230578403,2502412,0
43.2332,4,43233108409,73000,1
43.2332,2,43233108409,73000,1
43.2383,1,43235772415,2502412,0
43.2434,1,43240877427,2502412,0
43.2459,4,43243416433,2502412,0
43.2461,2,43245991439,73000,1
43.2462,4,43246080439,73000,1
43.2462,1,43246080439,73000,1
43.2487,2,43246160439,2502412,0
43.2512,1,43248690445,2502412,0
43.2542,1,43254128463,73000,1
43.2542,2,43254128463,73000,1
43.2567,4,43254217463,2502412,0
43.2593,4,43256791875,2502412,0
43.2644,4,43261878887,2502412,0
43.2645,4,43264471299,73000,1
43.2645,1,43264471893,73000,1
43.2646,2,43264551893,73000,1
43.2672,1,43264676893,2502412,0
43.2697,4,43267206899,2502412,0
43.2722,4,43269745311,2502412,0
43.2773,4,43274832323,2502412,0
43.2799,1,43277371329,2502412,0
43.285,4,43282494341,2502412,0
43.2875,1,43285042347,2502412,0
43.2877,1,43287598759,73000,1
43.2877,4,43287599353,73000,1
43.2907,2,43290648359,73000,1
43.2932,1,43290719359,2502412,0
43.2958,1,43293257771,2502412,0
43.2959,1,43295832183,73000,1
43.2984,4,43295939777,2502412,0
43.301,4,43298487189,2502412,0
43.3064,4,43303880207,2502412,0
43.3089,4,43306427619,2502412,0
43.3115,3,43308966625,2502412,0
43.3166,4,43314080637,2502412,0
43.3191,3,43316610643,2502412,0
43.3217,3,43319158055,2502412,0
43.3245,3,43322001061,2502412,0
43.327,1,43324531067,2502412,0
43.3296,1,43327069479,2502412,0
43.3321,4,43329617485,2502412,0
43.3348,4,43334677497,73000,1
43.3348,3,43334677497,73000,1
43.3373,1,43334766497,2502412,0
43.3398,2,43337341503,2502412,0
43.3424,1,43339916509,2502412,0
43.3425,1,43342454921,73000,1
43.3425,3,43342455515,73000,1
43.3476,2,43345056521,2502412,0
43.3501,4,43347586527,2502412,0
43.3502,2,43350134533,73000,1
43.3527,4,43350214533,2502412,0
43.3552,4,43352743945,2502412,0
43.3581,3,43355588957,2502412,0
43.3606,2,43358145963,2502412,0
43.3608,3,43360684969,73000,1
43.3633,4,43360791969,2502412,0
43.3658,2,43363339975,2502412,0
43.3684,1,43365878981,2502412,0
43.3685,2,43368444987,73000,1
43.3685,4,43368444987,73000,1
43.3736,4,43371081993,2502412,0
43.3761,3,43373620999,2502412,0
43.3787,1,43376160005,2502412,0
43.3812,1,43378725417,2502412,0
43.3863,4,43383830429,2502412,0
43.3889,1,43386360435,2502412,0
43.389,3,43388890441,73000,1
43.389,2,43388890441,73000,1
43.3915,1,43389015441,2502412,0
43.3969,4,43394415453,2502412,0
43.3995,1,43396999459,2502412,0
43.3996,4,43399529465,73000,1
43.3996,2,43399529465,73000,1
43.3997,1,43399627465,73000,1
43.3997,3,43399627465,73000,1
43.4051,3,43402579477,2502412,0
43.4077,3,43405162889,2502412,0
43.4104,4,43410321901,73000,1
43.4104,1,43410321901,73000,1
43.4129,3,43410392901,2502412,0
43.418,3,43415497913,2502412,0
43.4181,3,43418072325,73000,1
43.4207,2,43418161919,2502412,0
43.4232,1,43420691925,2502412,0
43.4257,1,43423239337,2502412,0
43.4311,3,43428630349,2502412,0
43.4337,3,43431177761,2502412,0
43.4362,4,43433725767,2502412,0
43.4388,1,43436255773,2502412,0
43.4413,2,43438785779,2502412,0
43.4438,2,43441315191,2502412,0
43.4463,3,43443845197,2502412,0
43.4515,4,43448977209,2502412,0
43.454,2,43451516215,2502412,0
43.4544,3,43454352227,73000,1
43.4544,1,43454352227,73000,1
43.457,4,43454450227,2502412,0
43.4595,2,43456980233,2502412,0
43.4646,2,43462103245,2502412,0
43.4671,4,43464633251,2502412,0
43.4697,2,43467163257,2502412,0
43.4722,1,43469693263,2502412,0
43.4747,1,43472222675,2502412,0
43.4773,3,43474788681,2502412,0
43.4799,1,43479848693,73000,1
43.4799,4,43479848693,73000,1
43.4824,2,43479946693,2502412,0
43.4826,2,43482485105,73000,1
43.4826,3,43482485699,73000,1
43.4851,2,43482565699,2502412,0
43.4902,4,43487715711,2502412,0
43.4928,2,43490263717,2502412,0
43.4953,2,43492820129,2502412,0
43.4982,1,43495662541,2502412,0
43.5036,1,43501073559,2502412,0
43.5037,1,43503602971,73000,1
43.5037,4,43503603565,73000,1
43.5062,3,43503674565,2502412,0
43.5088,2,43506249571,2502412,0
43.5114,3,43511345583,73000,1
43.5114,4,43511345583,73000,1
43.514,2,43511452583,2502412,0
43.5165,4,43513982589,2502412,0
43.519,2,43516530595,2502412,0
43.5216,1,43519078601,2502412,0
43.5217,3,43521617607,73000,1
43.5242,2,43521697607,2502412,0
43.5267,4,43524236613,2502412,0
43.5296,2,43527115619,2502412,0
43.5322,1,43529654625,2502412,0
43.5373,4,43534759637,2502412,0
43.5398,1,43537289643,2502412,0
43.5423,2,43539828649,2502412,0
43.5449,1,43542385655,2502412,0
43.545,1,43544960067,73000,1
43.5475,3,43545031661,2502412,0
43.5501,4,43547561667,2502412,0
43.5529,2,43550415679,2502412,0
43.5555,4,43552972685,2502412,0
43.5556,3,43555547691,73000,1
43.5581,2,43555627691,2502412,0
43.5607,2,43558157103,2502412,0
43.5632,2,43560686515,2502412,0
43.5657,4,43563225521,2502412,0
43.5683,1,43565755527,2502412,0
43.5708,4,43568312533,2502412,0
43.5734,2,43570869539,2502412,0
43.576,2,43575956551,73000,1
43.576,4,43575956551,73000,1
43.576,1,43575956551,73000,1
43.5786,2,43576108551,2502412,0
43.5811,3,43578638557,2502412,0
43.5837,1,43581168563,2502412,0
43.5862,4,43583698569,2502412,0
43.5913,3,43588794581,2502412,0
43.5939,1,43591351587,2502412,0
43.5964,4,43593881593,2502412,0
43.5989,2,43596411599,2502412,0
43.5994,4,43599281011,73000,1
43.5994,3,43599281011,73000,1
43.6047,1,43602215023,2502412,0
43.6072,2,43604745029,2502412,0
43.6098,2,43607283441,2502412,0
43.6123,2,43609812853,2502412,0
43.6149,4,43612378859,2502412,0
43.615,4,43614917271,73000,1
43.615,2,43614917865,73000,1
43.6151,2,43614997865,73000,1
43.6176,3,43615068865,2502412,0
43.6201,1,43617598871,2502412,0
43.6226,1,43620146283,2502412,0
43.6252,4,43622721289,2502412,0
43.6278,3,43625269295,2502412,0
43.6308,3,43630677713,73000,1
43.6308,1,43630677713,73000,1
43.6333,4,43630766713,2502412,0
43.6359,1,43633359719,2502412,0
43.6384,1,43635889131,2502412,0
43.6435,4,43640958143,2502412,0
43.646,3,43643515149,2502412,0
43.6485,3,43646044561,2502412,0
43.6511,3,43648573973,2502412,0
43.6536,1,43651103979,2502412,0
43.6565,4,43653975991,2502412,0
43.6566,4,43656514403,73000,1
43.6591,3,43656594997,2502412,0
43.6616,1,43659134003,2502412,0
43.6642,1,43661717415,2502412,0
43.6667,4,43664247421,2502412,0
43.6693,2,43666795427,2502412,0
43.6694,4,43669343433,73000,1
43.6694,3,43669343433,73000,1
43.6719,2,43669414433,2502412,0
43.6745,1,43671998439,2502412,0
43.677,1,43674545851,2502412,0
43.6796,2,43677084857,2502412,0
43.6847,1,43682216869,2502412,0
43.6872,3,43684746875,2502412,0
43.6898,2,43687276881,2502412,0
43.6923,4,43689833887,2502412,0
43.6974,1,43694938899,2502412,0
43.7,2,43697477905,2502412,0
43.7028,3,43700320317,2502412,0
43.7057,4,43703165329,2502412,0
43.7058,3,43705695335,73000,1
43.7058,2,43705695335,73000,1
43.7108,4,43708323341,2502412,0
43.7134,2,43710862347,2502412,0
43.7135,2,43713409759,73000,1
43.7135,1,43713410353,73000,1
43.716,3,43713499353,2502412,0
43.7185,1,43716047359,2502412,0
43.7211,4,43718613365,2502412,0
43.7262,2,43723673377,2502412,0
43.7287,3,43726203383,2502412,0
43.7312,1,43728733389,2502412,0
43.7342,1,43731648395,2502412,0
43.7343,3,43734187401,73000,1
43.7343,2,43734187401,73000,1
43.7368,4,43734258401,2502412,0
43.7419,1,43739417413,2502412,0
43.7445,4,43741956419,2502412,0
43.747,4,43744485831,2502412,0
43.7495,1,43747033837,2502412,0
43.7496,4,43749572843,73000,1
43.7497,3,43749652843,73000,1
43.7497,4,43749652843,73000,1
43.7523,2,43749768843,2502412,0
43.7552,1,43752649855,2502412,0
43.7553,2,43755179861,73000,1
43.7578,1,43755268861,2502412,0
43.7604,2,43757852867,2502412,0
43.7655,2,43762948879,2502412,0
43.7656,2,43765496291,73000,1
43.7656,1,43765496885,73000,1
43.7657,1,43765630885,73000,1
43.7658,2,43765719885,73000,1
43.7658,4,43765719885,73000,1
43.7709,4,43768401891,2502412,0
43.7734,4,43770931303,2502412,0
43.776,4,43773487715,2502412,0
43.7811,3,43778565727,2502412,0
43.7837,4,43781176733,2502412,0
43.7862,3,43783706739,2502412,0
43.7913,4,43788775751,2502412,0
43.7914,1,43791323757,73000,1
43.7914,2,43791323757,73000,1
43.7939,3,43791394757,2502412,0
43.7964,4,43793942763,2502412,0
43.8015,3,43799029775,2502412,0
43.8016,2,43801559781,73000,1
43.8045,4,43802008787,2502412,0
43.805,3,43804878199,73000,1
43.8075,4,43804967199,2502412,0
43.81,3,43807515205,2502412,0
43.8125,3,43810044617,2502412,0
43.8151,3,43812592029,2502412,0
43.8178,3,43817688041,73000,1
43.8178,4,43817688041,73000,1
43.8203,4,43817840041,2502412,0
43.8229,3,43820379047,2502412,0
43.828,3,43825484059,2502412,0
43.8305,4,43828032065,2502412,0
43.8307,4,43830597477,73000,1
43.8307,1,43830598071,73000,1
43.8308,3,43830732071,73000,1
43.8308,2,43830732071,73000,1
43.8359,4,43833378077,2502412,0
43.8413,4,43838832089,2502412,0
43.8439,4,43841361501,2502412,0
43.849,4,43846493513,2502412,0
43.8515,3,43849023519,2502412,0
43.857,4,43854461537,2502412,0
43.8595,3,43856991543,2502412,0
43.8646,4,43862105555,2502412,0
43.8672,3,43864662561,2502412,0
43.8697,3,43867191973,2502412,0
43.8698,4,43869766979,73000,1
43.8724,3,43869855979,2502412,0
43.8749,3,43872385391,2502412,0
43.8775,4,43874969397,2502412,0
43.8825,3,43880047409,2502412,0
43.8851,3,43882612821,2502412,0
43.8853,4,43885187827,73000,1
43.8878,1,43885285827,2502412,0
43.8903,4,43887824833,2502412,0
43.8904,4,43890372245,73000,1
43.8904,3,43890372839,73000,1
43.8956,1,43893054845,2502412,0
43.8981,3,43895602851,2502412,0
43.9035,1,43901031869,2502412,0
43.9061,3,43903570875,2502412,0
43.9089,4,43906413287,2502412,0
43.9114,1,43908943293,2502412,0
43.9165,4,43914012305,2502412,0
43.9191,4,43916568717,2502412,0
43.9192,1,43919143723,73000,1
43.9192,3,43919143723,73000,1
43.9217,4,43919232723,2502412,0
43.9268,4,43924292735,2502412,0
43.9294,1,43926894741,2502412,0
43.9295,4,43929460747,73000,1
43.9321,1,43929594747,2502412,0
43.9346,3,43932133753,2502412,0
43.9347,4,43934672759,73000,1
43.9373,3,43934824759,2502412,0
43.9402,4,43937667765,2502412,0
43.9403,1,43940197771,73000,1
43.9428,4,43940295771,2502412,0
43.9479,4,43945355783,2502412,0
43.9504,3,43947885789,2502412,0
43.9505,3,43950424201,73000,1
43.9559,4,43953430807,2502412,0
43.9585,3,43955978813,2502412,0
43.9611,1,43958553819,2502412,0
43.9661,4,43963613831,2502412,0
43.9687,3,43966152837,2502412,0
43.9712,3,43968718249,2502412,0
43.9738,1,43971257255,2502412,0
43.9763,1,43973786667,2502412,0
43.9789,1,43978864679,73000,1
43.9789,4,43978864679,73000,1
43.9815,3,43979007679,2502412,0
43.9816,3,43981573091,73000,1
43.9841,1,43981644685,2502412,0
43.9843,1,43984264097,73000,1
43.9869,4,43984362691,2502412,0
43.9894,3,43986919697,2502412,0
43.9895,4,43989458703,73000,1
43.9946,1,43992095709,2502412,0
43.9971,1,43994625121,2502412,0
43.9997,4,43997173127,2502412,0
43.9998,1,43999703133,73000,1
43.9998,3,43999703133,73000,1
44.0024,3,44002331139,73000,1
44.0052,4,44002744145,2502412,0
44.0078,1,44005310151,2502412,0
44.0132,4,44010727569,2502412,0
44.0158,4,44013274981,2502412,0
44.0159,4,44015840393,73000,1
44.0159,1,44015840987,73000,1
44.021,1,44018468993,2502412,0
44.0235,1,44021034405,2502412,0
44.0287,1,44026148417,2502412,0
44.0288,1,44028767829,73000,1
44.0313,4,44028839423,2502412,0
44.0339,4,44031368835,2502412,0
44.034,3,44033961841,73000,1
44.0366,4,44034068841,2502412,0
44.0421,4,44039558259,2502412,0
44.0446,1,44042088265,2502412,0
44.0497,3,44047202277,2502412,0
44.0523,1,44049759283,2502412,0
44.0576,4,44055125301,2502412,0
44.0578,1,44057709307,73000,1
44.0578,3,44057709307,73000,1
44.0629,4,44060355313,2502412,0
44.068,3,44065487325,2502412,0
44.0705,4,44068044331,2502412,0
44.0731,1,44070574337,2502412,0
44.0756,4,44073122343,2502412,0
44.0807,4,44078200355,2502412,0
44.0833,3,44080757361,2502412,0
44.0834,3,44083322773,73000,1
44.0834,1,44083323367,73000,1
44.0885,2,44085951373,2502412,0
44.091,4,44088481379,2502412,0
44.0935,4,44091028791,2502412,0
44.0937,4,44093612203,73000,1
44.0962,3,44093710797,2502412,0
44.0987,2,44096240803,2502412,0
44.1013,2,44098779215,2502412,0
44.1041,2,44101642227,2502412,0
44.1043,4,44104181233,73000,1
44.1068,1,44104261233,2502412,0
44.1093,3,44106800239,2502412,0
44.1122,2,44109714651,2502412,0
44.1148,3,44112253657,2502412,0
44.1198,1,44117313669,2502412,0
44.1224,1,44119852081,2502412,0
44.1249,2,44122391087,2502412,0
44.1275,3,44124957093,2502412,0
44.13,3,44127504505,2502412,0
44.1325,1,44130034511,2502412,0
44.1376,2,44135121523,2502412,0
44.1402,3,44137660529,2502412,0
44.1427,2,44140199535,2502412,0
44.1431,2,44143042541,73000,1
44.1431,3,44143042541,73000,1
44.1456,1,44143122541,2502412,0
44.1482,4,44145652547,2502412,0
44.1507,4,44148181959,2502412,0
44.1508,2,44150720965,73000,1
44.1562,1,44153647977,2502412,0
44.1587,4,44156186983,2502412,0
44.1612,1,44158734989,2502412,0
44.1638,1,44161300401,2502412,0
44.1663,2,44163830407,2502412,0
44.1689,4,44166360413,2502412,0
44.1714,2,44168899419,2502412,0
44.1739,1,44171447425,2502412,0
44.1765,3,44173995431,2502412,0
44.1766,1,44176525437,73000,1
44.1766,4,44176525437,73000,1
44.1791,2,44176596437,2502412,0
44.1816,3,44179126443,2502412,0
44.1817,2,44181665449,73000,1
44.1817,4,44181665449,73000,1
44.1842,3,44181736449,2502412,0
44.1868,3,44184283861,2502412,0
44.1894,1,44186921867,2502412,0
44.1895,3,44189451873,73000,1
44.1921,2,44189549873,2502412,0
44.1946,3,44192106879,2502412,0
44.1972,1,44194663885,2502412,0
44.1997,2,44197202891,2502412,0
44.2051,3,44202613909,2502412,0
44.2076,2,44205143915,2502412,0
44.2102,1,44207673921,2502412,0
44.2127,3,44210230927,2502412,0
44.2156,1,44213091339,2502412,0
44.2181,4,44215621345,2502412,0
44.2207,3,44218151351,2502412,0
44.2208,2,44220681357,73000,1
44.2233,4,44220752357,2502412,0
44.2258,1,44223291363,2502412,0
44.2284,3,44225893369,2502412,0
44.2309,4,44228441375,2502412,0
44.2335,1,44230989381,2502412,0
44.2336,3,44233519387,73000,1
44.2361,2,44233626387,2502412,0
44.2387,4,44236174393,2502412,0
44.2412,1,44238740399,2502412,0
44.2438,2,44241270405,2502412,0
44.2492,4,44246652417,2502412,0
44.2517,2,44249209423,2502412,0
44.2542,1,44251739429,2502412,0
44.2547,4,44254593441,73000,1
44.2547,3,44254593441,73000,1
44.2572,4,44254666441,2502412,0
44.2623,1,44259762453,2502412,0
44.2648,2,44262292459,2502412,0
44.2673,4,44264831465,2502412,0
44.2699,2,44267415471,2502412,0
44.2725,1,44269954477,2502412,0
44.275,4,44272511483,2502412,0
44.2801,2,44277580495,2502412,0
44.2802,4,44280146501,73000,1
44.2802,1,44280146501,73000,1
44.2828,3,44280280501,2502412,0
44.2829,2,44282828507,73000,1
44.2855,3,44282953507,2502412,0
44.288,3,44285482919,2502412,0
44.2931,4,44290596931,2502412,0
44.2932,4,44293153343,73000,1
44.2932,1,44293153937,73000,1
44.2957,3,44293224937,2502412,0
44.3008,3,44298320949,2502412,0
44.3037,2,44301192961,2502412,0
44.3038,2,44303749373,73000,1
44.3038,3,44303749967,73000,1
44.3089,1,44306395973,2502412,0
44.3115,4,44308970979,2502412,0
44.3169,1,44314370991,2502412,0
44.3195,4,44316954997,2502412,0
44.322,2,44319494003,2502412,0
44.3245,3,44322024009,2502412,0
44.3272,3,44327093021,73000,1
44.3272,1,44327093021,73000,1
44.3297,4,44327191021,2502412,0
44.3323,2,44329775027,2502412,0
44.3324,3,44332314033,73000,1
44.3349,1,44332394033,2502412,0
44.3375,4,44334960039,2502412,0
44.34,1,44337508045,2502412,0
44.3425,2,44340038051,2502412,0
44.3477,3,44345170063,2502412,0
44.3481,2,44348022069,73000,1
44.3481,4,44348022069,73000,1
44.3506,1,44348102069,2502412,0
44.3507,1,44350640481,73000,1
44.3508,1,44350713481,73000,1
44.3536,3,44351117487,2502412,0
44.3562,2,44353656493,2502412,0
44.3563,2,44356185905,73000,1
44.3563,3,44356186499,73000,1
44.3588,4,44356257499,2502412,0
44.3613,1,44358796505,2502412,0
44.3664,2,44363892517,2502412,0
44.3689,2,44366439929,2502412,0
44.3715,4,44369005935,2502412,0
44.374,1,44371535941,2502412,0
44.3766,3,44374083947,2502412,0
44.3791,3,44376622359,2502412,0
44.3792,3,44379151771,73000,1
44.3792,2,44379152365,73000,1
44.3793,3,44379232365,73000,1
44.3818,1,44379303365,2502412,0
44.3843,4,44381833371,2502412,0
44.3845,1,44384390377,73000,1
44.3845,2,44384390377,73000,1
44.387,4,44384506377,2502412,0
44.3921,1,44389620389,2502412,0
44.3923,1,44392185801,73000,1
44.3923,4,44392186395,73000,1
44.3948,1,44392258801,2502412,0
44.3973,4,44394806807,2502412,0
44.4024,4,44399920819,2502412,0
44.4025,1,44402468825,73000,1
44.4054,4,44402881831,2502412,0
44.4081,4,44407986843,73000,1
44.4081,1,44407986843,73000,1
44.4106,4,44408111843,2502412,0
44.4132,3,44410650849,2502412,0
44.4182,2,44415728861,2502412,0
44.4211,3,44418571273,2502412,0
44.4236,4,44421101279,2502412,0
44.4262,3,44423685285,2502412,0
44.4287,3,44426214697,2502412,0
44.4288,2,44428753703,73000,1
44.4313,4,44428824703,2502412,0
44.4315,3,44431381709,73000,1
44.4315,1,44431381709,73000,1
44.434,4,44431488709,2502412,0
44.4341,4,44434018121,73000,1
44.4341,3,44434018715,73000,1
44.4366,2,44434107715,2502412,0
44.4417,2,44439176727,2502412,0
44.4442,4,44441706733,2502412,0
44.4468,4,44444281145,2502412,0
44.4493,4,44446810557,2502412,0
44.4498,2,44449707563,73000,1
44.4523,4,44449805563,2502412,0
44.4552,2,44452686575,2502412,0
44.4603,4,44457800587,2502412,0
44.4628,2,44460339593,2502412,0
44.4654,4,44462869599,2502412,0
44.4679,4,44465417011,2502412,0
44.4704,2,44467947017,2502412,0
44.4755,4,44473025029,2502412,0
44.4781,4,44475554441,2502412,0
44.4806,3,44478120447,2502412,0
44.4807,3,44480649859,73000,1
44.4807,4,44480650453,73000,1
44.4832,2,44480721453,2502412,0
44.4834,2,44483295865,73000,1
44.4859,3,44483439459,2502412,0
44.4885,2,44485996465,2502412,0
44.4936,2,44491074477,2502412,0
44.4961,3,44493613483,2502412,0
44.4986,4,44496143489,2502412,0
44.5012,2,44498709495,2502412,0
44.5066,3,44504120513,2502412,0
44.5067,3,44506676925,73000,1
44.5068,4,44506677519,73000,1
44.5093,4,44506750519,2502412,0
44.5118,2,44509298525,2502412,0
44.5143,2,44511827937,2502412,0
44.517,1,44516896949,73000,1
44.517,3,44516896949,73000,1
44.5195,2,44517003949,2502412,0
44.5199,3,44519873361,73000,1
44.5199,4,44519873361,73000,1
44.525,2,44522519367,2502412,0
44.5276,4,44525085373,2502412,0
44.5301,4,44527614785,2502412,0
44.5303,4,44530189197,73000,1
44.5328,2,44530260791,2502412,0
44.5353,4,44532808797,2502412,0
44.5379,2,44535374803,2502412,0
44.538,2,44537931215,73000,1
44.5405,1,44538038809,2502412,0
44.5431,4,44540568815,2502412,0
44.5456,2,44543116821,2502412,0
44.5507,2,44548221833,2502412,0
44.5539,1,44551397845,2502412,0
44.5564,1,44553927257,2502412,0
44.5565,1,44556456669,73000,1
44.5565,4,44556457263,73000,1
44.5616,2,44559130269,2502412,0
44.5642,2,44561668681,2502412,0
44.5693,2,44566809693,2502412,0
44.5695,1,44569384699,73000,1
44.5695,4,44569384699,73000,1
44.5745,2,44572021705,2502412,0
44.5771,3,44574578711,2502412,0
44.5822,3,44579683723,2502412,0
44.5847,2,44582240729,2502412,0
44.5898,4,44587336741,2502412,0
44.59,4,44589884153,73000,1
44.59,3,44589884747,73000,1
44.59,2,44589973747,73000,1
44.59,1,44589973747,73000,1
44.5926,1,44590053747,2502412,0
44.5951,1,44592583159,2502412,0
44.6002,3,44597652171,2502412,0
44.6027,3,44600181583,2502412,0
44.6056,1,44603098595,2502412,0
44.6081,4,44605628601,2502412,0
44.6082,1,44608167607,73000,1
44.6082,3,44608167607,73000,1
44.6133,2,44610768613,2502412,0
44.6158,4,44613316619,2502412,0
44.6184,2,44615864625,2502412,0
44.6209,4,44618412631,2502412,0
44.6235,2,44620960637,2502412,0
44.6263,4,44623812049,2502412,0
44.6314,3,44628881061,2502412,0
44.6315,4,44631429067,73000,1
44.6315,1,44631429067,73000,1
44.6316,3,44631509067,73000,1
44.6316,2,44631509067,73000,1
44.6367,2,44634245073,2502412,0
44.6419,2,44639359085,2502412,0
44.6444,1,44641907091,2502412,0
44.6469,4,44644437097,2502412,0
44.6471,1,44646985103,73000,1
44.6471,3,44646985103,73000,1
44.6497,4,44649640109,73000,1
44.6497,2,44649640109,73000,1
44.6522,1,44649729109,2502412,0
44.6556,1,44655487009,73000,1
44.6556,4,44655487009,73000,1
44.6581,2,44655612009,2502412,0
44.6607,2,44658159421,2502412,0
44.6608,3,44660689427,73000,1
44.6633,1,44660778427,2502412,0
44.6658,1,44663316839,2502412,0
44.6683,1,44665846251,2502412,0
44.6709,2,44668412257,2502412,0
44.676,1,44673526269,2502412,0
44.6786,2,44676074275,2502412,0
44.6811,1,44678604281,2502412,0
44.6837,2,44681152287,2502412,0
44.6888,2,44686275299,2502412,0
44.6913,1,44688832305,2502412,0
44.6939,4,44691362311,2502412,0
44.699,4,44696458323,2502412,0
44.7015,2,44698988329,2502412,0
44.7044,4,44701860341,2502412,0
44.7069,1,44704390347,2502412,0
44.712,2,44709477359,2502412,0
44.7145,4,44712007365,2502412,0
44.7171,1,44714555371,2502412,0
44.7172,4,44717166377,73000,1
44.7172,2,44717166377,73000,1
44.7198,1,44717273377,2502412,0
44.7223,2,44719839383,2502412,0
44.7278,1,44725266395,2502412,0
44.7279,2,44727850401,73000,1
44.7304,4,44727930401,2502412,0
44.733,1,44730496407,2502412,0
44.7331,1,44733043819,73000,1
44.7356,4,44733142413,2502412,0
44.7382,3,44735672419,2502412,0
44.7383,2,44738256425,73000,1
44.741,3,44740902431,73000,1
44.741,4,44740902431,73000,1
44.7435,1,44741009431,2502412,0
44.7461,2,44743548437,2502412,0
44.7511,3,44748626449,2502412,0
44.754,1,44751498461,2502412,0
44.7565,2,44754037467,2502412,0
44.757,3,44756880473,73000,1
44.757,4,44756880473,73000,1
44.7571,1,44756978473,73000,1
44.7596,2,44757058473,2502412,0
44.7621,2,44759614885,2502412,0
44.7647,4,44762180891,2502412,0
44.7672,2,44764737897,2502412,0
44.7724,2,44769851909,2502412,0
44.7749,4,44772408915,2502412,0
44.775,4,44774938327,73000,1
44.775,3,44774938921,73000,1
44.7751,1,44775027921,73000,1
44.7776,2,44775143921,2502412,0
44.7802,2,44777691333,2502412,0
44.7827,2,44780229745,2502412,0
44.7853,3,44782759751,2502412,0
44.7904,3,44787855763,2502412,0
44.7929,4,44790394769,2502412,0
44.7954,2,44792933775,2502412,0
44.798,4,44795472781,2502412,0
44.8005,2,44798020787,2502412,0
44.8059,4,44803395805,2502412,0
44.8084,3,44805934811,2502412,0
44.811,3,44808464223,2502412,0
44.8135,2,44811039229,2502412,0
44.8161,2,44813568641,2502412,0
44.8162,3,44816107647,73000,1
44.8162,4,44816107647,73000,1
44.8212,1,44818717653,2502412,0
44.8238,3,44821247659,2502412,0
44.8239,1,44823795665,73000,1
44.8239,2,44823795665,73000,1
44.8239,4,44823795665,73000,1
44.8264,1,44823902665,2502412,0
44.8292,3,44826745077,2502412,0
44.8318,1,44829320083,2502412,0
44.8369,3,44834389095,2502412,0
44.8395,1,44836955101,2502412,0
44.8396,1,44839502513,73000,1
44.8396,2,44839503107,73000,1
44.8421,1,44839583107,2502412,0
44.8446,3,44842122113,2502412,0
44.8497,3,44847236125,2502412,0
44.8523,1,44849784131,2502412,0
44.8524,1,44852331543,73000,1
44.8524,4,44852332137,73000,1
44.8549,3,44852403137,2502412,0
44.855,1,44854960143,73000,1
44.858,3,44857900555,73000,1
44.8609,3,44858378561,2502412,0
44.866,2,44863465573,2502412,0
44.8661,2,44865994985,73000,1
44.8661,3,44865995579,73000,1
44.8712,2,44868677585,2502412,0
44.8737,2,44871224997,2502412,0
44.8763,1,44873782003,2502412,0
44.8814,1,44878860015,2502412,0
44.8839,2,44881399021,2502412,0
44.8864,3,44883929027,2502412,0
44.889,3,44886485439,2502412,0
44.8917,3,44891581451,73000,1
44.8917,1,44891581451,73000,1
44.8942,2,44891670451,2502412,0
44.8967,4,44894227457,2502412,0
44.8993,4,44896756869,2502412,0
44.8994,4,44899313281,73000,1
44.8994,2,44899313875,73000,1
44.9047,4,44902229887,2502412,0
44.9073,4,44904768299,2502412,0
44.9098,3,44907325305,2502412,0
44.91,3,44909917717,73000,1
44.9125,4,44909989311,2502412,0
44.915,1,44912528317,2502412,0
44.9176,1,44915120729,2502412,0
44.9177,4,44917659735,73000,1
44.9202,2,44917730735,2502412,0
44.9228,1,44920269741,2502412,0
44.9253,3,44922808747,2502412,0
44.9278,2,44925338753,2502412,0
44.928,2,44927922165,73000,1
44.9305,1,44928020759,2502412,0
44.9359,3,44933402177,2502412,0
44.9385,1,44935995183,2502412,0
44.941,1,44938524595,2502412,0
44.9411,4,44941063601,73000,1
44.9411,2,44941063601,73000,1
44.9412,3,44941152601,73000,1
44.9438,1,44941286601,2502412,0
44.949,1,44946472613,2502412,0
44.9491,3,44949002619,73000,1
44.9545,2,44952008631,2502412,0
44.9571,1,44954547637,2502412,0
44.9596,2,44957086643,2502412,0
44.965,1,44962513061,2502412,0
44.9651,2,44965052067,73000,1
44.9651,4,44965052067,73000,1
44.9677,1,44965150067,2502412,0
44.9678,1,44967679479,73000,1
44.9703,3,44967823073,2502412,0
44.973,3,44972946085,73000,1
44.973,1,44972946085,73000,1
44.9731,2,44973053085,73000,1
44.9757,3,44973196085,2502412,0
44.9808,3,44978310097,2502412,0
44.9833,2,44980840103,2502412,0
44.9885,3,44985963115,2502412,0
44.991,2,44988493121,2502412,0
44.9935,1,44991023127,2502412,0
44.9986,1,44996128139,2502412,0
45.0012,3,44998658145,2502412,0
45.004,4,45001503157,2502412,0
45.0065,1,45004033163,2502412,0
45.0091,2,45006581169,2502412,0
45.0092,1,45009111175,73000,1
45.0092,4,45009111175,73000,1
45.0093,3,45009182175,73000,1
45.0118,2,45009298175,2502412,0
45.0144,4,45011855181,2502412,0
45.0169,4,45014384593,2502412,0
45.0194,4,45016932005,2502412,0
45.022,4,45019479417,2502412,0
45.0271,2,45024557429,2502412,0
45.0296,4,45027114435,2502412,0
45.0322,1,45029653441,2502412,0
45.0326,4,45032504853,73000,1
45.0326,2,45032504853,73000,1
45.0351,4,45032577853,2502412,0
45.0376,3,45035116859,2502412,0
45.0427,1,45040212871,2502412,0
45.0452,2,45042742877,2502412,0
45.0478,4,45045272883,2502412,0
45.0503,4,45047802295,2502412,0
45.0507,2,45050647307,73000,1
45.0507,3,45050647307,73000,1
45.0532,2,45050736307,2502412,0
45.0558,4,45053266313,2502412,0
45.0583,1,45055805319,2502412,0
45.0608,3,45058335325,2502412,0
45.0634,4,45060865331,2502412,0
45.0662,4,45063708337,2502412,0
45.0663,2,45066238343,73000,1
45.0688,4,45066318343,2502412,0
45.0714,1,45068893349,2502412,0
45.0739,4,45071423355,2502412,0
45.0765,1,45073953361,2502412,0
45.079,3,45076483367,2502412,0
45.0815,1,45079013373,2502412,0
45.0841,1,45081614785,2502412,0
45.0867,4,45084153791,2502412,0
45.0892,2,45086692797,2502412,0
45.0917,3,45089222803,2502412,0
45.0918,1,45091752809,73000,1
45.0919,2,45091823809,73000,1
45.0919,4,45091823809,73000,1
45.0945,3,45091948809,2502412,0
45.097,3,45094541221,2502412,0
45.0996,1,45097080227,2502412,0
45.1021,4,45099637233,2502412,0
45.1075,2,45105030251,2502412,0
45.1101,3,45107578257,2502412,0
45.1126,1,45110135263,2502412,0
45.1152,2,45112665269,2502412,0
45.1177,4,45115204275,2502412,0
45.1228,1,45120300287,2502412,0
45.1253,3,45122830293,2502412,0
45.1279,1,45125360299,2502412,0
45.1304,4,45127908305,2502412,0
45.1329,2,45130447311,2502412,0
45.1331,4,45132986317,73000,1
45.1331,3,45132986317,73000,1
45.1332,1,45133084317,73000,1
45.1357,4,45133164317,2502412,0
45.1385,2,45136033729,2502412,0
45.1411,3,45138590735,2502412,0
45.1437,4,45141165741,2502412,0
45.1488,2,45146261753,2502412,0
45.1489,2,45148791165,73000,1
45.1489,3,45148791759,73000,1
45.1514,4,45148880759,2502412,0
45.1542,1,45151743771,2502412,0
45.1593,2,45156830783,2502412,0
45.1619,3,45159369789,2502412,0
45.1644,4,45161899795,2502412,0
45.1669,4,45164429207,2502412,0
45.1698,1,45167290213,2502412,0
45.1723,3,45169838219,2502412,0
45.1749,1,45172377225,2502412,0
45.175,4,45174907231,73000,1
45.1775,2,45174996231,2502412,0
45.18,1,45177526237,2502412,0
45.1826,1,45180091649,2502412,0
45.1851,3,45182639655,2502412,0
45.1852,3,45185169067,73000,1
45.1852,4,45185169661,73000,1
45.1878,1,45185267661,2502412,0
45.1879,2,45187806667,73000,1
45.1904,1,45187895667,2502412,0
45.1929,2,45190443673,2502412,0
45.1955,1,45193000679,2502412,0
45.1981,1,45195584091,2502412,0
45.2035,2,45200977109,2502412,0
45.206,4,45203516115,2502412,0
45.2086,3,45206055121,2502412,0
45.2111,3,45208584533,2502412,0
45.2112,2,45211114539,73000,1
45.2112,1,45211114539,73000,1
45.2163,2,45213778545,2502412,0
45.2188,1,45216317551,2502412,0
45.2213,4,45218847557,2502412,0
45.2239,3,45221395563,2502412,0
45.2264,1,45223934569,2502412,0
45.229,2,45226473575,2502412,0
45.2315,3,45229003581,2502412,0
45.234,4,45231542587,2502412,0
45.2394,4,45236942599,2502412,0
45.242,4,45239472011,2502412,0
45.2445,2,45242029017,2502412,0
45.2446,3,45244559023,73000,1
45.2446,1,45244559023,73000,1
45.2471,1,45244632023,2502412,0
45.2497,3,45247189029,2502412,0
45.2522,2,45249728035,2502412,0
45.2551,3,45252582047,2502412,0
45.2552,4,45255112053,73000,1
45.2577,4,45255185053,2502412,0
45.2602,3,45257715059,2502412,0
45.2627,1,45260245065,2502412,0
45.2628,3,45262775071,73000,1
45.2628,4,45262775071,73000,1
45.2628,2,45262775071,73000,1
45.2654,1,45262873071,2502412,0
45.2709,1,45268362489,2502412,0
45.2734,4,45270892495,2502412,0
45.2759,2,45273431501,2502412,0
45.2785,3,45275961507,2502412,0
45.281,2,45278491513,2502412,0
45.2835,1,45281021519,2502412,0
45.2861,1,45283595931,2502412,0
45.2886,4,45286125937,2502412,0
45.2887,3,45288664943,73000,1
45.2913,1,45288762943,2502412,0
45.2938,4,45291292949,2502412,0
45.2963,2,45293822955,2502412,0
45.2989,2,45296397367,2502412,0
45.3014,1,45298936373,2502412,0
45.3015,1,45301474785,73000,1
45.3015,4,45301475379,73000,1
45.307,3,45304454391,2502412,0
45.3095,2,45306993397,2502412,0
45.312,2,45309540809,2502412,0
45.3146,4,45312070815,2502412,0
45.3171,2,45314636821,2502412,0
45.3222,3,45319714833,2502412,0
45.3247,3,45322244245,2502412,0
45.3273,4,45324801251,2502412,0
45.3298,1,45327331257,2502412,0
45.3324,1,45329860669,2502412,0
45.3325,4,45332426675,73000,1
45.3325,2,45332426675,73000,1
45.335,1,45332506675,2502412,0
45.3401,3,45337566687,2502412,0
45.3429,3,45340409099,2502412,0
45.3454,4,45342939105,2502412,0
45.348,3,45345469111,2502412,0
45.3505,1,45348026117,2502412,0
45.3534,1,45350880129,2502412,0
45.3559,1,45353436541,2502412,0
45.3561,3,45355984547,73000,1
45.3561,4,45355984547,73000,1
45.3561,3,45356057547,73000,1
45.3586,1,45356146547,2502412,0
45.3587,1,45358675959,73000,1
45.3587,2,45358676553,73000,1
45.3589,4,45358783553,73000,1
45.3589,1,45358783553,73000,1
45.3614,4,45358899553,2502412,0
45.3639,4,45361428965,2502412,0
45.369,1,45366542977,2502412,0
45.3716,4,45369072983,2502412,0
45.372,1,45371951989,73000,1
45.372,3,45371951989,73000,1
45.3745,1,45372031989,2502412,0
45.3747,1,45374597401,73000,1
45.3772,1,45374670401,2502412,0
45.3797,4,45377218407,2502412,0
45.3823,1,45379757413,2502412,0
45.3848,1,45382313825,2502412,0
45.385,1,45384879237,73000,1
45.3875,2,45384950831,2502412,0
45.39,4,45387507837,2502412,0
45.3901,4,45390073249,73000,1
45.3901,1,45390073843,73000,1
45.3927,2,45390171843,2502412,0
45.3978,2,45395285855,2502412,0
45.4003,4,45397824861,2502412,0
45.4004,2,45400354867,73000,1
45.4008,2,45400767873,73000,1
45.4034,4,45400856873,2502412,0
45.4059,4,45403422285,2502412,0
45.4085,4,45405978697,2502412,0
45.411,2,45408508703,2502412,0
45.4135,4,45411038709,2502412,0
45.4186,2,45416134721,2502412,0
45.4212,4,45418673727,2502412,0
45.4263,2,45423805739,2502412,0
45.4289,4,45426353745,2502412,0
45.4314,1,45428883751,2502412,0
45.4339,2,45431440757,2502412,0
45.439,1,45436518769,2502412,0
45.4391,4,45439066775,73000,1
45.4391,3,45439066775,73000,1
45.4392,2,45439155775,73000,1
45.4392,4,45439155775,73000,1
45.4394,2,45439289775,73000,1
45.4419,4,45439360775,2502412,0
45.4447,1,45442203187,2502412,0
45.4473,3,45444751193,2502412,0
45.4474,3,45447280605,73000,1
45.4474,2,45447281199,73000,1
45.4499,1,45447370199,2502412,0
45.4524,1,45449899611,2502412,0
45.4525,1,45452438023,73000,1
45.4525,4,45452438617,73000,1
45.4579,1,45455426629,2502412,0
45.458,1,45457965041,73000,1
45.458,3,45457965635,73000,1
45.4631,4,45460638641,2502412,0
45.4657,1,45463168647,2502412,0
45.4683,1,45465752059,2502412,0
45.4733,4,45470812071,2502412,0
45.4762,1,45473691077,2502412,0
45.4787,1,45476229489,2502412,0
45.4813,4,45478786495,2502412,0
45.484,4,45483882507,73000,1
45.484,1,45483882507,73000,1
45.4865,4,45483980507,2502412,0
45.489,3,45486519513,2502412,0
45.4916,4,45489067519,2502412,0
45.4966,3,45494145531,2502412,0
45.4992,1,45496675537,2502412,0
45.5017,1,45499231949,2502412,0
45.5018,4,45501770955,73000,1
45.5019,3,45501841955,73000,1
45.502,2,45501941955,73000,1
45.5021,1,45502021955,73000,1
45.505,3,45502470961,2502412,0
45.5075,1,45505018967,2502412,0
45.5126,3,45510105979,2502412,0
45.5152,3,45512671391,2502412,0
45.5177,4,45515210397,2502412,0
45.5178,4,45517757809,73000,1
45.5178,3,45517758403,73000,1
45.5203,1,45517829403,2502412,0
45.5255,1,45522970415,2502412,0
45.528,3,45525527421,2502412,0
45.5306,1,45528057427,2502412,0
45.5356,3,45533117439,2502412,0
45.5382,4,45535665445,2502412,0
45.5407,1,45538222451,2502412,0
45.5433,3,45540752457,2502412,0
45.5461,4,45543594869,2502412,0
45.5512,1,45548672881,2502412,0
45.5537,3,45551202887,2502412,0
45.5566,1,45554092899,2502412,0
45.5591,4,45556631905,2502412,0
45.5617,3,45559188911,2502412,0
45.5668,3,45564266923,2502412,0
45.5693,1,45566832929,2502412,0
45.5719,4,45569362935,2502412,0
45.572,1,45571946941,73000,1
45.5745,4,45572017941,2502412,0
45.5774,3,45574869947,2502412,0
45.58,4,45577453953,2502412,0
45.5851,3,45582549965,2502412,0
45.5876,3,45585088377,2502412,0
45.5877,4,45587636383,73000,1
45.5877,1,45587636383,73000,1
45.5928,4,45590309389,2502412,0
45.5953,3,45592839395,2502412,0
45.5979,4,45595378401,2502412,0
45.6033,3,45600798419,2502412,0
45.6059,4,45603382425,2502412,0
45.6084,1,45605921431,2502412,0
45.6135,3,45611008443,2502412,0
45.6161,4,45613583449,2502412,0
45.6186,1,45616122455,2502412,0
45.6237,3,45621218467,2502412,0
45.6263,3,45623792879,2502412,0
45.6288,3,45626322291,2502412,0
45.6289,1,45628852297,73000,1
45.6289,4,45628852297,73000,1
45.6315,3,45629004297,2502412,0
45.6366,4,45634091309,2502412,0
45.6392,3,45636666315,2502412,0
45.6442,3,45641735327,2502412,0
45.6468,4,45644265333,2502412,0
45.6497,1,45647152745,2502412,0
45.6523,4,45652239757,73000,1
45.6523,3,45652239757,73000,1
45.6552,1,45652708763,2502412,0
45.6603,1,45657768775,2502412,0
45.6628,2,45660298781,2502412,0
45.6654,2,45662900193,2502412,0
45.6679,1,45665430199,2502412,0
45.668,1,45667959611,73000,1
45.6705,3,45668031205,2502412,0
45.6731,3,45670560617,2502412,0
45.6756,4,45673126623,2502412,0
45.6782,3,45675674629,2502412,0
45.681,4,45678526635,2502412,0
45.6836,3,45681056641,2502412,0
45.6861,2,45683586647,2502412,0
45.6912,4,45688718659,2502412,0
45.6938,1,45691257665,2502412,0
45.6963,2,45693787671,2502412,0
45.6964,4,45696317677,73000,1
45.6964,3,45696317677,73000,1
45.6965,1,45696433677,73000,1
45.6991,2,45696567677,2502412,0
45.6992,4,45699151683,73000,1
45.7017,3,45699231683,2502412,0
45.7046,4,45702094695,2502412,0
45.7071,4,45704624107,2502412,0
45.7097,2,45707154113,2502412,0
45.7123,3,45712250125,73000,1
45.7123,1,45712250125,73000,1
45.7148,4,45712321125,2502412,0
45.7174,2,45714860131,2502412,0
45.7199,4,45717417137,2502412,0
45.7226,4,45722531149,73000,1
45.7226,2,45722531149,73000,1
45.7251,3,45722611149,2502412,0
45.7253,1,45725222155,73000,1
45.7278,4,45725293155,2502412,0
45.7303,3,45727823161,2502412,0
45.7329,4,45730362167,2502412,0
45.7354,4,45732909579,2502412,0
45.738,2,45735457585,2502412,0
45.7381,2,45737986997,73000,1
45.7381,3,45737987591,73000,1
45.7381,3,45738060591,73000,1
45.7406,1,45738131591,2502412,0
45.7432,2,45740670597,2502412,0
45.7457,4,45743218603,2502412,0
45.7483,4,45745748015,2502412,0
45.7511,4,45748626427,2502412,0
45.7516,2,45751489439,73000,1
45.7516,1,45751489439,73000,1
45.7516,3,45751489439,73000,1
45.7566,1,45754108445,2502412,0
45.7568,1,45756682857,73000,1
45.7568,4,45756683451,73000,1
45.7593,2,45756808451,2502412,0
45.7644,2,45761922463,2502412,0
45.767,4,45764461469,2502412,0
45.7695,1,45767009475,2502412,0
45.772,4,45769539481,2502412,0
45.7771,2,45774608493,2502412,0
45.7796,1,45777147499,2502412,0
45.7825,1,45780035505,2502412,0
45.7851,4,45782583511,2502412,0
45.7876,1,45785113517,2502412,0
45.7901,2,45787643523,2502412,0
45.7953,4,45792748535,2502412,0
45.7978,1,45795305541,2502412,0
45.7979,2,45797835547,73000,1
45.7979,3,45797835547,73000,1
45.803,4,45800490553,2502412,0
45.8034,4,45803353565,73000,1
45.8034,1,45803353565,73000,1
45.8086,2,45806080571,2502412,0
45.8137,4,45811167583,2502412,0
45.8162,4,45813714995,2502412,0
45.8187,2,45816245001,2502412,0
45.8213,1,45818802007,2502412,0
45.8264,2,45823907019,2502412,0
45.8289,4,45826437025,2502412,0
45.8315,1,45829021031,2502412,0
45.8366,2,45834090043,2502412,0
45.8391,4,45836620049,2502412,0
45.8417,2,45839150055,2502412,0
45.8418,4,45841680061,73000,1
45.8418,1,45841680061,73000,1
45.8468,2,45844344067,2502412,0
45.8471,4,45846991073,73000,1
45.8496,2,45847071073,2502412,0
45.8497,2,45849654485,73000,1
45.8497,1,45849655079,73000,1
45.8555,2,45852965091,2502412,0
45.8605,4,45858043103,2502412,0
45.8607,4,45860581515,73000,1
45.8607,1,45860582109,73000,1
45.8658,2,45863255115,2502412,0
45.8683,4,45865812121,2502412,0
45.8709,2,45868360127,2502412,0
45.8734,4,45870890133,2502412,0
45.8735,2,45873420139,73000,1
45.876,4,45873536139,2502412,0
45.8786,4,45876110551,2502412,0
45.8811,4,45878639963,2502412,0
45.8866,2,45884066381,2502412,0
45.8867,4,45886650387,73000,1
45.8892,4,45886723387,2502412,0
45.8918,4,45889288799,2502412,0
45.8943,2,45891827805,2502412,0
45.8994,2,45896914817,2502412,0
45.902,4,45899453823,2502412,0
45.9048,2,45902325835,2502412,0
45.9049,4,45904873841,73000,1
45.9074,3,45904944841,2502412,0
45.91,1,45907492847,2502412,0
45.9125,2,45910031853,2502412,0
45.9151,2,45912570265,2502412,0
45.9176,3,45915145271,2502412,0
45.9227,4,45920232283,2502412,0
45.9253,1,45922762289,2502412,0
45.9254,4,45925319295,73000,1
45.9254,2,45925319295,73000,1
45.9279,3,45925435295,2502412,0
45.933,3,45930504307,2502412,0
45.9355,1,45933034313,2502412,0
45.9381,3,45935564319,2502412,0
45.9406,3,45938138731,2502412,0
45.9432,2,45940677737,2502412,0
45.9433,1,45943225743,73000,1
45.9458,2,45943323743,2502412,0
45.9484,4,45945871749,2502412,0
45.9509,1,45948401755,2502412,0
45.951,3,45950940761,73000,1
45.9539,4,45951355767,2502412,0
45.9592,4,45956737185,2502412,0
45.9618,1,45959267191,2502412,0
45.9643,2,45961797197,2502412,0
45.9669,3,45964363203,2502412,0
45.967,1,45966920209,73000,1
45.967,4,45966920209,73000,1
45.9721,2,45969557215,2502412,0
45.9746,3,45972105221,2502412,0
45.9771,4,45974635227,2502412,0
45.9797,3,45977183233,2502412,0
45.9822,2,45979713239,2502412,0
45.9848,4,45982261245,2502412,0
45.9902,3,45987679257,2502412,0
45.9927,1,45990227263,2502412,0
45.9953,2,45992766269,2502412,0
45.9978,1,45995296275,2502412,0
45.9979,1,45997834687,73000,1
45.9979,4,45997835281,73000,1
45.998,2,45997915281,73000,1
45.998,3,45997915281,73000,1
45.9981,1,45998022281,73000,1
46.0006,4,45998138281,2502412,0
46.0035,4,46001046293,2502412,0
46.0061,1,46003576299,2502412,0
46.0062,4,46006115305,73000,1
46.0087,2,46006186305,2502412,0
46.0112,1,46008725311,2502412,0
46.0138,2,46011255317,2502412,0
46.0163,2,46013784729,2502412,0
46.0164,1,46016341735,73000,1
46.0164,3,46016341735,73000,1
46.0189,2,46016412735,2502412,0
46.0214,3,46018942741,2502412,0
46.024,1,46021472747,2502412,0
46.0265,2,46024011753,2502412,0
46.0316,1,46029080765,2502412,0
46.0341,4,46031628771,2502412,0
46.0367,1,46034176777,2502412,0
46.0392,2,46036715783,2502412,0
46.0417,3,46039245789,2502412,0
46.0443,4,46041829795,2502412,0
46.0469,2,46044359801,2502412,0
46.0494,1,46046898807,2502412,0
46.0548,3,46052282825,2502412,0
46.0577,4,46055156003,2502412,0
46.0602,2,46057686009,2502412,0
46.0628,1,46060252015,2502412,0
46.0629,2,46062809021,73000,1
46.0629,3,46062809021,73000,1
46.0654,4,46062889021,2502412,0
46.0705,3,46067967033,2502412,0
46.073,3,46070505445,2502412,0
46.0755,1,46073044451,2502412,0
46.0757,1,46075636863,73000,1
46.0757,4,46075637457,73000,1
46.0782,3,46075717457,2502412,0
46.0808,1,46078283463,2502412,0
46.0858,4,46083343475,2502412,0
46.0884,2,46085891481,2502412,0
46.0888,1,46088743487,73000,1
46.0888,3,46088743487,73000,1
46.0913,2,46088841487,2502412,0
46.0939,4,46091371493,2502412,0
46.0964,2,46093919499,2502412,0
46.099,1,46096458505,2502412,0
46.0991,4,46098997511,73000,1
46.1017,2,46099167511,2502412,0
46.1018,1,46101697517,73000,1
46.1043,3,46101777517,2502412,0
46.1097,2,46107215535,2502412,0
46.1098,3,46109772541,73000,1
46.1098,4,46109772541,73000,1
46.1149,4,46112418547,2502412,0
46.115,2,46114957553,73000,1
46.115,1,46114957553,73000,1
46.1176,2,46115064553,2502412,0
46.1226,2,46120124565,2502412,0
46.1252,2,46122671977,2502412,0
46.1277,4,46125210983,2502412,0
46.1303,3,46127758989,2502412,0
46.1304,2,46130288995,73000,1
46.1304,1,46130288995,73000,1
46.1329,2,46130361995,2502412,0
46.1354,4,46132892001,2502412,0
46.1405,3,46137997013,2502412,0
46.1431,2,46140554019,2502412,0
46.1456,4,46143120025,2502412,0
46.1482,2,46145650031,2502412,0
46.1507,3,46148180037,2502412,0
46.1561,3,46153564055,2502412,0
46.1586,4,46156094061,2502412,0
46.1615,2,46158954473,2502412,0
46.164,3,46161493479,2502412,0
46.1665,4,46164041485,2502412,0
46.1691,3,46166607491,2502412,0
46.1742,2,46171694503,2502412,0
46.1768,4,46174251509,2502412,0
46.1793,2,46176799515,2502412,0
46.1818,3,46179338521,2502412,0
46.1869,2,46184443533,2502412,0
46.1895,4,46186991539,2502412,0
46.1923,3,46189843545,2502412,0
46.1949,2,46192391551,2502412,0
46.2,4,46197505563,2502412,0
46.2029,3,46200359575,2502412,0
46.2054,2,46202907581,2502412,0
46.2079,4,46205437587,2502412,0
46.2081,4,46207993999,73000,1
46.2081,3,46207994593,73000,1
46.2131,3,46210631599,2502412,0
46.2157,2,46213197605,2502412,0
46.2182,1,46215727611,2502412,0
46.2183,1,46218275023,73000,1
46.2183,3,46218275617,73000,1
46.2234,1,46220912623,2502412,0
46.226,2,46223469629,2502412,0
46.2285,4,46226008635,2502412,0
46.2311,2,46228547641,2502412,0
46.2336,3,46231095647,2502412,0
46.2337,2,46233625653,73000,1
46.2362,1,46233714653,2502412,0
46.2363,3,46236253659,73000,1
46.2363,2,46236253659,73000,1
46.2389,4,46236360659,2502412,0
46.244,1,46241483671,2502412,0
46.2465,4,46244022677,2502412,0
46.2491,3,46246561683,2502412,0
46.2516,1,46249127689,2502412,0
46.2517,4,46251657695,73000,1
46.2546,3,46252070701,2502412,0
46.2571,1,46254600707,2502412,0
46.2626,1,46260054719,2502412,0
46.2651,1,46262602131,2502412,0
46.2676,3,46265132137,2502412,0
46.2703,1,46270246149,73000,1
46.2703,2,46270246149,73000,1
46.2703,4,46270246149,73000,1
46.2728,3,46270326149,2502412,0
46.2754,4,46272874155,2502412,0
46.2779,3,46275404161,2502412,0
46.2831,1,46280554173,2502412,0
46.2856,4,46283084179,2502412,0
46.2881,3,46285632185,2502412,0
46.2883,4,46288189191,73000,1
46.2908,3,46288260191,2502412,0
46.2933,1,46290808197,2502412,0
46.2962,1,46293714203,2502412,0
46.3013,3,46298783215,2502412,0
46.3042,1,46301673227,2502412,0
46.3067,4,46304212233,2502412,0
46.3068,3,46306751239,73000,1
46.3093,2,46306831239,2502412,0
46.3119,2,46309369651,2502412,0
46.3144,4,46311908657,2502412,0
46.317,1,46314447663,2502412,0
46.3171,2,46317013669,73000,1
46.3196,2,46317086669,2502412,0
46.3221,4,46319643675,2502412,0
46.3247,1,46322209681,2502412,0
46.3273,4,46324748687,2502412,0
46.3274,1,46327287693,73000,1
46.3274,2,46327287693,73000,1
46.3274,4,46327358693,73000,1
46.33,3,46327447693,2502412,0
46.335,3,46332507705,2502412,0
46.3376,4,46335055711,2502412,0
46.3401,4,46337594123,2502412,0
46.3427,4,46340150535,2502412,0
46.3452,2,46342716541,2502412,0
46.3453,4,46345246547,73000,1
46.3453,3,46345246547,73000,1
46.3479,1,46345389547,2502412,0
46.3505,2,46347955553,2502412,0
46.353,2,46350484965,2502412,0
46.3531,3,46353014971,73000,1
46.3532,1,46353121971,73000,1
46.3557,1,46353194971,2502412,0
46.3582,4,46355724977,2502412,0
46.3611,2,46358569989,2502412,0
46.3636,3,46361117995,2502412,0
46.3666,3,46366499413,73000,1
46.3666,1,46366499413,73000,1
46.3691,2,46366588413,2502412,0
46.3716,4,46369127419,2502412,0
46.3742,3,46371666425,2502412,0
46.3768,2,46374250431,2502412,0
46.3818,1,46379319443,2502412,0
46.3844,3,46381858449,2502412,0
46.3869,4,46384388455,2502412,0
46.3894,2,46386918461,2502412,0
46.3896,1,46389538467,73000,1
46.3921,4,46389618467,2502412,0
46.3922,3,46392148473,73000,1
46.3922,1,46392148473,73000,1
46.3947,2,46392228473,2502412,0
46.3976,4,46395080479,2502412,0
46.4001,2,46397646485,2502412,0
46.4027,4,46400176491,2502412,0
46.4081,4,46405587509,2502412,0
46.4106,2,46408135515,2502412,0
46.4132,3,46410665521,2502412,0
46.4157,3,46413203933,2502412,0
46.4183,4,46415769939,2502412,0
46.4234,4,46420847951,2502412,0
46.4259,2,46423404957,2502412,0
46.426,2,46425943369,73000,1
46.426,3,46425943963,73000,1
46.4285,4,46426032963,2502412,0
46.4337,3,46431173975,2502412,0
46.4362,1,46433712981,2502412,0
46.4387,4,46436242987,2502412,0
46.4413,4,46438808399,2502412,0
46.4414,4,46441337811,73000,1
46.4414,1,46441338405,73000,1
46.4439,3,46441409405,2502412,0
46.4465,4,46443966411,2502412,0
46.4466,4,46446504823,73000,1
46.4466,2,46446505417,73000,1
46.4491,4,46446585417,2502412,0
46.4516,4,46449123829,2502412,0
46.4545,3,46451968841,2502412,0
46.4596,3,46457082853,2502412,0
46.4621,1,46459612859,2502412,0
46.4647,4,46462151865,2502412,0
46.4675,1,46465030277,2502412,0
46.4701,4,46467560283,2502412,0
46.4726,3,46470090289,2502412,0
46.4777,3,46475159301,2502412,0
46.4802,1,46477698307,2502412,0
46.4828,4,46480255313,2502412,0
46.4829,4,46482784725,73000,1
46.4829,1,46482785319,73000,1
46.4854,4,46482857725,2502412,0
46.4879,3,46485387731,2502412,0
46.488,4,46487917737,73000,1
46.488,1,46487917737,73000,1
46.4905,3,46488024737,2502412,0
46.4957,3,46493174749,2502412,0
46.4983,2,46495749755,2502412,0
46.504,3,46501482773,2502412,0
46.5041,2,46504012779,73000,1
46.5041,4,46504012779,73000,1
46.5066,3,46504083779,2502412,0
46.5092,3,46506649191,2502412,0
46.5142,1,46511727203,2502412,0
46.5168,2,46514311209,2502412,0
46.5194,3,46516877215,2502412,0
46.5195,3,46519406627,73000,1
46.5195,1,46519407221,73000,1
46.522,3,46519487221,2502412,0
46.5245,3,46522034633,2502412,0
46.5271,3,46524564045,2502412,0
46.5296,2,46527121051,2502412,0
46.5347,3,46532226063,2502412,0
46.5373,2,46534801069,2502412,0
46.5398,4,46537331075,2502412,0
46.5399,2,46539861081,73000,1
46.5399,3,46539861081,73000,1
46.545,1,46542489087,2502412,0
46.5475,4,46545028093,2502412,0
46.5476,4,46547575505,73000,1
46.5476,1,46547576099,73000,1
46.5502,4,46547683099,2502412,0
46.5528,2,46550320105,2502412,0
46.5554,2,46552849517,2502412,0
46.5582,3,46555685529,2502412,0
46.5607,4,46558242535,2502412,0
46.5633,2,46560790541,2502412,0
46.5658,2,46563319953,2502412,0
46.5659,3,46565849959,73000,1
46.5659,1,46565849959,73000,1
46.566,3,46565922959,73000,1
46.5685,4,46565993959,2502412,0
46.5714,4,46568872371,2502412,0
46.574,2,46571456377,2502412,0
46.5765,4,46573995383,2502412,0
46.5816,4,46579127395,2502412,0
46.5842,2,46581684401,2502412,0
46.5867,4,46584214407,2502412,0
46.5894,2,46589310419,73000,1
46.5894,3,46589310419,73000,1
46.5919,3,46589426419,2502412,0
46.592,4,46591956425,73000,1
46.592,2,46591956425,73000,1
46.5945,3,46592036425,2502412,0
46.5996,3,46597114437,2502412,0
46.6028,1,46600344449,2502412,0
46.6054,1,46602873861,2502412,0
46.6079,3,46605403867,2502412,0
46.608,1,46607933873,73000,1
46.6105,4,46608013873,2502412,0
46.6131,2,46610579879,2502412,0
46.6156,3,46613118885,2502412,0
46.6182,4,46615666891,2502412,0
46.6207,4,46618196303,2502412,0
46.6232,1,46620735309,2502412,0
46.6283,4,46625813321,2502412,0
46.6309,3,46628352327,2502412,0
46.6334,2,46630882333,2502412,0
46.6359,2,46633429745,2502412,0
46.6385,1,46636004751,2502412,0
46.641,4,46638543757,2502412,0
46.6437,2,46643603769,73000,1
46.6437,3,46643603769,73000,1
46.6462,1,46643683769,2502412,0
46.6487,4,46646240775,2502412,0
46.6489,4,46648788187,73000,1
46.6489,2,46648788781,73000,1
46.649,1,46648877781,73000,1
46.649,3,46648877781,73000,1
46.6544,4,46651883793,2502412,0
46.6569,2,46654413799,2502412,0
46.6594,1,46656943805,2502412,0
46.662,2,46659500811,2502412,0
46.6621,1,46662030817,73000,1
46.6621,4,46662030817,73000,1
46.6672,2,46664676823,2502412,0
46.6697,2,46667215235,2502412,0
46.6726,1,46670057647,2502412,0
46.6751,1,46672587059,2502412,0
46.6776,2,46675135065,2502412,0
46.6827,4,46680222077,2502412,0
46.6853,1,46682770083,2502412,0
46.6878,4,46685309089,2502412,0
46.6903,4,46687847501,2502412,0
46.6929,2,46690386507,2502412,0
46.6954,4,46692925513,2502412,0
46.6955,2,46695473519,73000,1
46.698,1,46695544519,2502412,0
46.7006,4,46698074525,2502412,0
46.7034,3,46700930003,2502412,0
46.7063,4,46703766015,2502412,0
46.7089,1,46706386021,2502412,0
46.7114,3,46708916027,2502412,0
46.7139,2,46711446033,2502412,0
46.7166,2,46716506045,73000,1
46.7166,4,46716506045,73000,1
46.7191,3,46716622045,2502412,0
46.7217,1,46719152051,2502412,0
46.7242,3,46721691057,2502412,0
46.7244,2,46724293063,73000,1
46.7269,4,46724364063,2502412,0
46.7294,1,46726903069,2502412,0
46.7319,3,46729442075,2502412,0
46.7345,4,46731972081,2502412,0
46.737,3,46734547087,2502412,0
46.7372,4,46737095093,73000,1
46.7372,3,46737175093,73000,1
46.7372,1,46737175093,73000,1
46.7398,4,46737291093,2502412,0
46.7423,3,46739821099,2502412,0
46.7449,3,46742395511,2502412,0
46.75,4,46747500523,2502412,0
46.7529,4,46750363535,2502412,0
46.753,4,46752892947,73000,1
46.753,1,46752893541,73000,1
46.7555,3,46752982541,2502412,0
46.7582,4,46758078553,73000,1
46.7582,2,46758078553,73000,1
46.7607,3,46758167553,2502412,0
46.7658,3,46763308565,2502412,0
46.771,3,46768449577,2502412,0
46.7735,3,46770987989,2502412,0
46.7764,3,46773857401,2502412,0
46.7814,4,46778944413,2502412,0
46.784,4,46781473825,2502412,0
46.7865,1,46784003831,2502412,0
46.7891,4,46786551837,2502412,0
46.7916,3,46789090843,2502412,0
46.7941,1,46791620849,2502412,0
46.7942,4,46794150855,73000,1
46.7967,1,46794221855,2502412,0
46.7993,1,46796814267,2502412,0
46.8019,3,46799380273,2502412,0
46.8047,3,46802225285,2502412,0
46.8101,3,46807616297,2502412,0
46.8126,2,46810146303,2502412,0
46.8128,2,46812684715,73000,1
46.8128,1,46812685309,73000,1
46.8153,4,46812756309,2502412,0
46.8178,2,46815304315,2502412,0
46.8203,4,46817834321,2502412,0
46.8204,4,46820372733,73000,1
46.8204,2,46820373327,73000,1
46.8255,3,46822992333,2502412,0
46.8281,4,46825558339,2502412,0
46.8306,2,46828097345,2502412,0
46.8308,4,46830690351,73000,1
46.8308,3,46830690351,73000,1
46.8358,1,46833309357,2502412,0
46.8384,3,46835848363,2502412,0
46.8409,2,46838387369,2502412,0
46.8434,1,46840917375,2502412,0
46.8459,3,46843447381,2502412,0
46.8485,4,46845986387,2502412,0
46.8512,1,46851109399,73000,1
46.8513,3,46851189399,73000,1
46.8538,2,46851260399,2502412,0
46.8566,4,46854114411,2502412,0
46.8591,2,46856644417,2502412,0
46.8617,2,46859191829,2502412,0
46.8668,1,46864287841,2502412,0
46.8693,2,46866844847,2502412,0
46.8694,2,46869374259,73000,1
46.8694,4,46869374853,73000,1
46.872,3,46869472853,2502412,0
46.8746,1,46872056859,2502412,0
46.8774,3,46874899271,2502412,0
46.8825,2,46879968283,2502412,0
46.885,3,46882525289,2502412,0
46.8876,1,46885100295,2502412,0
46.8901,2,46887630301,2502412,0
46.8927,4,46890160307,2502412,0
46.8952,3,46892690313,2502412,0
46.8977,4,46895229319,2502412,0
46.9031,4,46900613337,2502412,0
46.9032,3,46903143343,73000,1
46.9032,1,46903143343,73000,1
46.9057,4,46903214343,2502412,0
46.9086,2,46906066349,2502412,0
46.9111,4,46908623355,2502412,0
46.9137,1,46911189361,2502412,0
46.9162,3,46913719367,2502412,0
46.9163,1,46916258373,73000,1
46.9188,2,46916338373,2502412,0
46.9189,3,46918868379,73000,1
46.9189,4,46918868379,73000,1
46.9215,2,46919002379,2502412,0
46.9241,1,46921568385,2502412,0
46.9266,2,46924107391,2502412,0
46.9291,1,46926646397,2502412,0
46.9292,2,46929176403,73000,1
46.9318,1,46929274403,2502412,0
46.9343,3,46931831409,2502412,0
46.9345,3,46934396821,73000,1
46.9345,4,46934397415,73000,1
46.9371,1,46937043421,73000,1
46.9371,3,46937043421,73000,1
46.9396,3,46937132421,2502412,0
46.9422,2,46939662427,2502412,0
46.9447,3,46942228433,2502412,0
46.9498,3,46947333445,2502412,0
46.9524,1,46949872451,2502412,0
46.9528,2,46952717463,73000,1
46.9528,4,46952717463,73000,1
46.9579,3,46955372469,2502412,0
46.9604,1,46957929475,2502412,0
46.963,3,46960459481,2502412,0
46.9655,3,46962997893,2502412,0
46.968,1,46965536899,2502412,0
46.9706,2,46968084905,2502412,0
46.9757,1,46973162917,2502412,0
46.9782,3,46975710923,2502412,0
46.9811,1,46978562335,2502412,0
46.9836,2,46981137341,2502412,0
46.9887,3,46986224353,2502412,0
46.9913,2,46988763359,2502412,0
46.9938,1,46991293365,2502412,0
46.9963,3,46993823371,2502412,0
46.9989,1,46996362377,2502412,0
47.0014,2,46998928383,2502412,0
47.0068,1,47004321401,2502412,0
47.0094,3,47006860407,2502412,0
47.0122,2,47009703413,2502412,0
47.0123,2,47012232825,73000,1
47.0123,3,47012233419,73000,1
47.0149,3,47012358419,2502412,0
47.0174,1,47014888425,2502412,0
47.0225,1,47020011437,2502412,0
47.0251,1,47022549849,2502412,0
47.0252,3,47025106855,73000,1
47.0252,4,47025106855,73000,1
47.0277,1,47025177855,2502412,0
47.0302,1,47027716267,2502412,0
47.0327,2,47030246273,2502412,0
47.0378,1,47035333285,2502412,0
47.0404,2,47037872291,2502412,0
47.0429,1,47040420297,2502412,0
47.0455,1,47042985709,2502412,0
47.0456,2,47045560715,73000,1
47.0481,3,47045631715,2502412,0
47.0507,2,47048170721,2502412,0
47.0508,3,47050700727,73000,1
47.0533,1,47050798727,2502412,0
47.0534,1,47053337139,73000,1
47.0559,2,47053408733,2502412,0
47.0613,2,47058846751,2502412,0
47.0639,1,47061394757,2502412,0
47.0664,1,47063924169,2502412,0
47.069,3,47066481175,2502412,0
47.0715,1,47069038181,2502412,0
47.0716,2,47071568187,73000,1
47.0741,1,47071639187,2502412,0
47.0767,3,47074187193,2502412,0
47.0792,1,47076717199,2502412,0
47.0821,3,47079568611,2502412,0
47.0846,1,47082134617,2502412,0
47.0848,1,47084691029,73000,1
47.0873,3,47084771623,2502412,0
47.0898,3,47087319035,2502412,0
47.0924,1,47089858041,2502412,0
47.0949,3,47092406047,2502412,0
47.095,3,47094935459,73000,1
47.095,2,47094936053,73000,1
47.0975,1,47095034053,2502412,0
47.1029,1,47100400071,2502412,0
47.1055,1,47102983483,2502412,0
47.1081,1,47105575895,2502412,0
47.1111,1,47111002313,73000,1
47.1111,3,47111002313,73000,1
47.1162,1,47113693319,2502412,0
47.1189,1,47118861331,73000,1
47.1189,2,47118861331,73000,1
47.1216,3,47121543337,73000,1
47.1242,4,47121650337,2502412,0
47.1243,4,47124206749,73000,1
47.1268,1,47124314343,2502412,0
47.1319,1,47129446355,2502412,0
47.1345,1,47131975767,2502412,0
47.1371,1,47137071779,73000,1
47.1371,4,47137071779,73000,1
47.1397,2,47137169779,2502412,0
47.1422,1,47139699785,2502412,0
47.1473,4,47144813797,2502412,0
47.1499,2,47147361803,2502412,0
47.15,4,47149918809,73000,1
47.15,1,47149918809,73000,1
47.1526,2,47150096809,2502412,0
47.153,2,47152959821,73000,1
47.153,1,47152959821,73000,1
47.1581,4,47155641827,2502412,0
47.1633,4,47160791839,2502412,0
47.1684,2,47165896851,2502412,0
47.171,4,47168462857,2502412,0
47.1735,2,47170992863,2502412,0
47.1786,4,47176124875,2502412,0
47.1788,2,47178699881,73000,1
47.1813,4,47178806881,2502412,0
47.1817,4,47181676293,73000,1
47.1817,3,47181676293,73000,1
47.1817,1,47181676293,73000,1
47.1868,2,47184286299,2502412,0
47.1893,2,47186824711,2502412,0
47.1945,4,47191974723,2502412,0
47.197,2,47194522729,2502412,0
47.2021,2,47199636741,2502412,0
47.205,4,47202508753,2502412,0
47.2075,2,47205038759,2502412,0
47.2126,4,47210125771,2502412,0
47.2155,4,47213013777,2502412,0
47.2181,4,47215552189,2502412,0
47.2206,2,47218082195,2502412,0
47.2258,4,47223250207,2502412,0
47.2283,2,47225789213,2502412,0
47.2334,2,47230867225,2502412,0
47.236,4,47233451231,2502412,0
47.2386,4,47238565243,73000,1
47.2386,2,47238565243,73000,1
47.2439,1,47243839661,73000,1
47.2439,2,47243839661,73000,1
47.2464,2,47243928661,2502412,0
47.249,4,47246485667,2502412,0
47.2491,2,47249015673,73000,1
47.2493,4,47249194673,73000,1
47.2494,2,47249337673,73000,1
47.2574,4,47254918691,2502412,0
47.26,4,47257466103,2502412,0
47.265,4,47262526115,2502412,0
47.2651,4,47265073527,73000,1
47.2651,2,47265074121,73000,1
47.2703,4,47267783127,2502412,0
47.2754,4,47272942139,2502412,0
47.2831,4,47280639563,2502412,0
47.2886,4,47286066575,2502412,0
47.2911,3,47288632581,2502412,0
47.2962,3,47293719593,2502412,0
47.2988,3,47296267005,2502412,0
47.3013,4,47298815011,2502412,0
47.3018,3,47301687023,73000,1
47.3043,4,47301785023,2502412,0
47.3068,2,47304315029,2502412,0
47.3094,4,47306872035,2502412,0
47.3119,4,47309410447,2502412,0
47.3144,2,47311940453,2502412,0
47.3199,4,47317384871,2502412,0
47.32,4,47319932283,73000,1
47.32,2,47319932877,73000,1
47.3225,3,47320012877,2502412,0
47.3277,2,47325162889,2502412,0
47.3302,3,47327701895,2502412,0
47.3327,3,47330231307,2502412,0
47.3328,3,47332769719,73000,1
47.3353,4,47332841313,2502412,0
47.3379,2,47335407319,2502412,0
47.3405,4,47337955325,2502412,0
47.3456,2,47343105337,2502412,0
47.3482,4,47345653343,2502412,0
47.3507,2,47348183349,2502412,0
47.3561,2,47353558367,2502412,0
47.3562,1,47356097373,73000,1
47.3562,3,47356097373,73000,1
47.3587,2,47356177373,2502412,0
47.3612,4,47358716379,2502412,0
47.3638,4,47361254791,2502412,0
47.3688,4,47366341803,2502412,0
47.3689,4,47368871215,73000,1
47.3689,2,47368871809,73000,1
47.3741,4,47371598815,2502412,0
47.3793,4,47376748827,2502412,0
47.3794,3,47379278833,73000,1
47.3794,2,47379278833,73000,1
47.3845,2,47381951839,2502412,0
47.387,4,47384499845,2502412,0
47.3899,3,47387360257,2502412,0
47.395,2,47392456269,2502412,0
47.3975,4,47395031275,2502412,0
47.4001,4,47397560687,2502412,0
47.4002,2,47400090693,73000,1
47.4002,3,47400090693,73000,1
47.4005,4,47400467699,73000,1
47.4031,2,47400565699,2502412,0
47.4056,2,47403131111,2502412,0
47.4058,2,47405705523,73000,1
47.4083,3,47405840117,2502412,0
47.4134,4,47410936129,2502412,0
47.416,4,47413510541,2502412,0
47.4214,4,47418891959,2502412,0
47.4239,3,47421421965,2502412,0
47.4265,3,47423951377,2502412,0
47.429,4,47426481383,2502412,0
47.4315,2,47429047389,2502412,0
47.4317,2,47431594801,73000,1
47.4342,2,47431667801,2502412,0
47.4367,4,47434197807,2502412,0
47.4392,3,47436727813,2502412,0
47.4418,2,47439266819,2502412,0
47.4443,3,47441823825,2502412,0
47.4469,3,47444371237,2502412,0
47.4494,2,47446910243,2502412,0
47.4519,4,47449440249,2502412,0
47.4573,4,47454815267,2502412,0
47.4599,3,47457354273,2502412,0
47.4624,4,47459893279,2502412,0
47.4649,2,47462432285,2502412,0
47.4675,4,47464962291,2502412,0
47.47,2,47467519297,2502412,0
47.4726,2,47470066709,2502412,0
47.4751,2,47472596121,2502412,0
47.4776,3,47475144127,2502412,0
47.4777,4,47477674133,73000,1
47.4778,3,47477772133,73000,1
47.4778,4,47477772133,73000,1
47.4804,2,47477897133,2502412,0
47.483,2,47480462545,2502412,0
47.4855,3,47483037551,2502412,0
47.4906,2,47488106563,2502412,0
47.4935,3,47490948975,2502412,0
47.496,3,47493532387,2502412,0
47.5011,2,47498646399,2502412,0
47.5013,3,47501194405,73000,1
47.5013,2,47501265405,73000,1
47.5042,2,47501682411,2502412,0
47.5093,4,47506832423,2502412,0
47.5119,2,47509389429,2502412,0
47.517,3,47514485441,2502412,0
47.5195,3,47517014853,2502412,0
47.5196,3,47519562265,73000,1
47.5196,4,47519562859,73000,1
47.5221,2,47519633859,2502412,0
47.525,2,47522485865,2502412,0
47.5301,2,47527581877,2502412,0
47.5326,2,47530129289,2502412,0
47.5328,3,47532722295,73000,1
47.5354,2,47532856295,2502412,0
47.5355,2,47535412707,73000,1
47.5355,4,47535413301,73000,1
47.538,2,47535493301,2502412,0
47.5406,4,47538059307,2502412,0
47.5457,2,47543191319,2502412,0
47.5482,4,47545721325,2502412,0
47.5508,4,47548250737,2502412,0
47.5512,4,47551086749,73000,1
47.5512,3,47551086749,73000,1
47.5562,2,47553714755,2502412,0
47.5588,2,47556262167,2502412,0
47.5614,2,47558854579,2502412,0
47.5665,2,47563977591,2502412,0
47.569,4,47566507597,2502412,0
47.5716,2,47569055603,2502412,0
47.5766,3,47574133615,2502412,0
47.5792,3,47576663027,2502412,0
47.5793,2,47579193033,73000,1
47.5793,4,47579193033,73000,1
47.5818,4,47579300033,2502412,0
47.5843,2,47581830039,2502412,0
47.587,2,47586899051,73000,1
47.587,3,47586899051,73000,1
47.5896,4,47587069051,2502412,0
47.5926,2,47592532063,73000,1
47.5926,3,47592532063,73000,1
47.5977,4,47595151069,2502412,0
47.6002,4,47597689481,2502412,0
47.6031,2,47600552493,2502412,0
47.6082,4,47605657505,2502412,0
47.6107,2,47608205511,2502412,0
47.6132,2,47610743923,2502412,0
47.6184,4,47615884935,2502412,0
47.6209,2,47618423941,2502412,0
47.6264,2,47623850359,2502412,0
47.6289,4,47626425365,2502412,0
47.634,4,47631512377,2502412,0
47.6366,3,47634060383,2502412,0
47.6391,2,47636590389,2502412,0
47.6417,2,47639155801,2502412,0
47.6467,3,47644224813,2502412,0
47.6493,4,47646763819,2502412,0
47.6518,3,47649338825,2502412,0
47.6544,2,47651877831,2502412,0
47.6548,4,47654740843,73000,1
47.6549,2,47654847843,73000,1
47.6549,3,47654847843,73000,1
47.6551,3,47654990843,73000,1
47.6551,4,47654990843,73000,1
47.6653,2,47662821673,2502412,0
47.6705,2,47667998685,2502412,0
47.6706,1,47670546691,73000,1
47.6731,2,47670635691,2502412,0
47.6733,2,47673201103,73000,1
47.6733,3,47673201697,73000,1
47.676,4,47675910703,73000,1
47.6785,2,47676017703,2502412,0
47.6836,2,47681140715,2502412,0
47.6888,2,47686254727,2502412,0
47.6889,2,47688838139,73000,1
47.6914,2,47688945733,2502412,0
47.6969,2,47694363745,2502412,0
47.6994,2,47696911157,2502412,0
47.7024,2,47702358175,73000,1
47.7024,3,47702358175,73000,1
47.7128,2,47710252005,2502412,0
47.7129,2,47712826417,73000,1
47.7181,4,47715554017,2502412,0
47.7232,4,47720650029,2502412,0
47.7286,2,47726085447,2502412,0
47.7311,4,47728633453,2502412,0
47.7313,2,47731199459,73000,1
47.7338,4,47731315459,2502412,0
47.7363,4,47733844871,2502412,0
47.7389,2,47736383877,2502412,0
47.744,2,47741506889,2502412,0
47.7466,4,47744054895,2502412,0
47.7517,2,47749195907,2502412,0
47.7546,4,47752049919,2502412,0
47.7596,4,47757145931,2502412,0
47.7622,2,47759720937,2502412,0
47.7673,4,47764798949,2502412,0
47.7699,2,47767382955,2502412,0
47.7724,4,47769912961,2502412,0
47.7775,2,47774999973,2502412,0
47.7801,4,47777592979,2502412,0
47.7852,4,47782679991,2502412,0
47.7877,2,47785209997,2502412,0
47.7903,4,47787803003,2502412,0
47.7954,2,47792899015,2502412,0
47.7979,4,47795429021,2502412,0
47.8008,2,47798316433,2502412,0
47.8062,2,47803700451,2502412,0
47.8088,4,47806275457,2502412,0
47.8089,2,47808832463,73000,1
47.809,4,47808939463,73000,1
47.809,3,47808939463,73000,1
47.8142,4,47811657469,2502412,0
47.8192,4,47816735481,2502412,0
47.8218,2,47819292487,2502412,0
47.8219,4,47821849493,73000,1
47.8244,2,47821938493,2502412,0
47.827,4,47824468499,2502412,0
47.8299,4,47827357003,2502412,0
47.835,4,47832453015,2502412,0
47.8375,4,47834991427,2502412,0
47.84,2,47837521433,2502412,0
47.8426,4,47840078439,2502412,0
47.8477,2,47845219451,2502412,0
47.8503,4,47847776457,2502412,0
47.8528,2,47850315463,2502412,0
47.8583,4,47855753481,2502412,0
47.8608,2,47858319487,2502412,0
47.8609,2,47860848899,73000,1
47.8635,4,47861001493,2502412,0
47.8662,4,47866079505,73000,1
47.8662,2,47866079505,73000,1
47.8739,2,47871353923,2502412,0
47.879,2,47876485935,2502412,0
47.8815,4,47879033941,2502412,0
47.8841,4,47881563353,2502412,0
47.8892,4,47886668365,2502412,0
47.8917,2,47889225371,2502412,0
47.8943,2,47891772783,2502412,0
47.8968,4,47894311789,2502412,0
47.9022,2,47899693801,2502412,0
47.9051,4,47902547813,2502412,0
47.9076,2,47905122819,2502412,0
47.9102,4,47907652825,2502412,0
47.9153,2,47912757837,2502412,0
47.9179,4,47915350843,2502412,0
47.923,2,47920455855,2502412,0
47.9255,2,47922994267,2502412,0
47.928,4,47925524273,2502412,0
47.9306,2,47928081279,2502412,0
47.9336,2,47933481291,73000,1
47.9336,4,47933481291,73000,1
47.9414,2,47938854709,2502412,0
47.9415,4,47941384715,73000,1
47.944,2,47941518715,2502412,0
47.9491,2,47946596727,2502412,0
47.9545,2,47952025745,2502412,0
47.9571,4,47954573751,2502412,0
47.9622,2,47959732763,2502412,0
47.9623,2,47962262175,73000,1
47.9623,4,47962262769,73000,1
47.9726,2,47970120599,2502412,0
47.9752,4,47972668605,2502412,0
47.9803,2,47977818617,2502412,0
47.9829,4,47980357623,2502412,0
47.988,2,47985453635,2502412,0
47.9905,2,47987992047,2502412,0
47.9931,4,47990549053,2502412,0
47.9956,2,47993079059,2502412,0
48.0007,2,47998202071,2502412,0
48.0035,4,48001044483,2502412,0
48.0064,4,48003889495,2502412,0
48.0089,2,48006437501,2502412,0
48.014,2,48011542513,2502412,0
48.0166,4,48014072519,2502412,0
48.0191,4,48016619931,2502412,0
48.0242,2,48021724943,2502412,0
48.0268,4,48024281949,2502412,0
48.0294,4,48026865361,2502412,0
48.0348,2,48032255779,2502412,0
48.0373,2,48034785191,2502412,0
48.0398,2,48037323603,2502412,0
48.0399,2,48039853015,73000,1
48.0399,4,48039853609,73000,1
48.045,2,48042526615,2502412,0
48.0476,2,48045110027,2502412,0
48.053,2,48050530045,2502412,0
48.0556,4,48053060051,2502412,0
48.0581,2,48055590057,2502412,0
48.0582,2,48058164469,73000,1
48.0607,2,48058245063,2502412,0
48.0633,2,48060774475,2502412,0
48.0658,4,48063304481,2502412,0
48.0684,2,48065870487,2502412,0
48.0709,2,48068426899,2502412,0
48.071,3,48070965905,73000,1
48.0736,4,48071063905,2502412,0
48.0761,2,48073593911,2502412,0
48.0787,4,48076150917,2502412,0
48.0838,2,48081264929,2502412,0
48.0863,2,48083821341,2502412,0
48.0889,4,48086351347,2502412,0
48.0914,4,48088907759,2502412,0
48.0965,2,48094030771,2502412,0
48.0991,4,48096560777,2502412,0
48.1016,2,48099090783,2502412,0
48.1074,4,48104868801,2502412,0
48.1099,2,48107407807,2502412,0
48.1125,4,48109955813,2502412,0
48.1175,2,48115033825,2502412,0
48.1201,2,48117590237,2502412,0
48.1226,4,48120120243,2502412,0
48.1252,2,48122677249,2502412,0
48.1277,4,48125207255,2502412,0
48.1278,2,48127737261,73000,1
48.1304,4,48127907261,2502412,0
48.1329,4,48130445673,2502412,0
48.1331,4,48132984085,73000,1
48.1356,2,48133055679,2502412,0
48.1384,2,48135925685,2502412,0
48.141,2,48138482097,2502412,0
48.1437,2,48143668109,73000,1
48.1463,4,48143775109,2502412,0
48.1514,4,48148898121,2502412,0
48.1568,4,48154309139,2502412,0
48.1594,2,48156857145,2502412,0
48.1619,4,48159423151,2502412,0
48.1645,1,48161953157,2502412,0
48.1646,1,48164482569,73000,1
48.1647,4,48164626163,73000,1
48.1647,2,48164626163,73000,1
48.1672,1,48164724163,2502412,0
48.1673,1,48167262575,73000,1
48.1699,2,48167424169,2502412,0
48.175,2,48172520181,2502412,0
48.1801,4,48177625193,2502412,0
48.1827,1,48180155199,2502412,0
48.1852,2,48182712205,2502412,0
48.1903,1,48187817217,2502412,0
48.1929,4,48190365223,2502412,0
48.1954,1,48192895229,2502412,0
48.1979,2,48195425235,2502412,0
48.2033,1,48200836253,2502412,0
48.2059,4,48203384259,2502412,0
48.2087,2,48206226671,2502412,0
48.2113,1,48208756677,2502412,0
48.2164,2,48213870689,2502412,0
48.2189,1,48216418695,2502412,0
48.2215,4,48218948701,2502412,0
48.224,4,48221514113,2502412,0
48.2266,2,48224062119,2502412,0
48.2291,2,48226591531,2502412,0
48.2292,4,48229121537,73000,1
48.2317,1,48229210537,2502412,0
48.2343,2,48231812543,2502412,0
48.2369,1,48234360549,2502412,0
48.2423,2,48239769561,2502412,0
48.2448,4,48242308567,2502412,0
48.2473,4,48244837979,2502412,0
48.2499,1,48247394985,2502412,0
48.2553,1,48252788003,2502412,0
48.2578,1,48255317415,2502412,0
48.2604,2,48257865421,2502412,0
48.2605,2,48260403833,73000,1
48.2605,4,48260404427,73000,1
48.263,2,48260484427,2502412,0
48.2631,1,48263050433,73000,1
48.2656,2,48263130433,2502412,0
48.2682,1,48265678439,2502412,0
48.2707,2,48268226445,2502412,0
48.2733,2,48270773857,2502412,0
48.2758,1,48273303863,2502412,0
48.2784,4,48275851869,2502412,0
48.2835,1,48280947881,2502412,0
48.2836,4,48283513887,73000,1
48.2836,2,48283513887,73000,1
48.2861,1,48283620887,2502412,0
48.2912,2,48288698899,2502412,0
48.2937,4,48291237905,2502412,0
48.2938,2,48293776911,73000,1
48.2938,1,48293776911,73000,1
48.2964,4,48293874911,2502412,0
48.2989,4,48296413323,2502412,0
48.3043,4,48301842341,2502412,0
48.3071,4,48307001353,73000,1
48.3071,1,48307001353,73000,1
48.3096,2,48307099353,2502412,0
48.3151,2,48312552771,2502412,0
48.3202,4,48317693783,2502412,0
48.3227,2,48320223789,2502412,0
48.3278,4,48325346801,2502412,0
48.328,2,48327903807,73000,1
48.3305,1,48327974807,2502412,0
48.3331,2,48330549813,2502412,0
48.3356,4,48333088819,2502412,0
48.3407,1,48338202831,2502412,0
48.3436,2,48341054837,2502412,0
48.3461,1,48343602843,2502412,0
48.3487,2,48348671855,73000,1
48.3487,4,48348671855,73000,1
48.3513,2,48348814855,2502412,0
48.3539,1,48351433861,2502412,0
48.3565,1,48353963273,2502412,0
48.3619,2,48359401291,2502412,0
48.3644,4,48361940297,2502412,0
48.3646,4,48364478709,73000,1
48.3646,1,48364479303,73000,1
48.3671,2,48364550303,2502412,0
48.3722,4,48369700315,2502412,0
48.3747,2,48372230321,2502412,0
48.3773,2,48374768733,2502412,0
48.3798,1,48377307739,2502412,0
48.3823,4,48379837745,2502412,0
48.3824,4,48382367157,73000,1
48.3824,2,48382367751,73000,1
48.3875,2,48384977757,2502412,0
48.3901,4,48387579763,2502412,0
48.3926,1,48390118769,2502412,0
48.3952,4,48392675775,2502412,0
48.3977,2,48395205781,2502412,0
48.4031,1,48400589799,2502412,0
48.4032,2,48403164805,73000,1
48.4032,4,48403164805,73000,1
48.4057,1,48403244805,2502412,0
48.4059,1,48405810217,73000,1
48.4084,2,48405917811,2502412,0
48.411,4,48408483817,2502412,0
48.4138,2,48411326229,2502412,0
48.419,4,48416458241,2502412,0
48.4215,1,48419015247,2502412,0
48.4241,2,48421554253,2502412,0
48.4291,1,48426623265,2502412,0
48.4317,4,48429153271,2502412,0
48.4318,4,48431754683,73000,1
48.4318,2,48431755277,73000,1
48.4319,1,48431826277,73000,1
48.4345,1,48431960277,2502412,0
48.4346,4,48434526283,73000,1
48.4372,2,48434660283,2502412,0
48.4398,2,48439729295,73000,1
48.4398,1,48439729295,73000,1
48.4452,4,48442714707,2502412,0
48.4477,2,48445244713,2502412,0
48.4503,1,48447783719,2502412,0
48.4507,4,48450664731,73000,1
48.4532,2,48450735731,2502412,0
48.4558,4,48453301737,2502412,0
48.4583,4,48455831149,2502412,0
48.4609,1,48458361155,2502412,0
48.461,2,48460945161,73000,1
48.4635,4,48461016161,2502412,0
48.4661,1,48463564167,2502412,0
48.4686,1,48466147579,2502412,0
48.4712,4,48468686585,2502412,0
48.4737,2,48471216591,2502412,0
48.4738,1,48473746597,73000,1
48.4789,1,48476349603,2502412,0
48.4814,2,48478888609,2502412,0
48.4839,1,48481445615,2502412,0
48.4865,4,48483975621,2502412,0
48.4866,2,48486568627,73000,1
48.4867,4,48486657627,73000,1
48.4867,1,48486657627,73000,1
48.4893,4,48486791627,2502412,0
48.4944,1,48491896639,2502412,0
48.4969,4,48494444645,2502412,0
48.4971,2,48497019651,73000,1
48.4996,4,48497117651,2502412,0
48.5022,1,48499665657,2502412,0
48.5076,4,48505094675,2502412,0
48.5101,1,48507642681,2502412,0
48.5127,4,48510172687,2502412,0
48.5155,1,48513033099,2502412,0
48.5206,1,48518129111,2502412,0
48.5232,4,48520686117,2502412,0
48.5258,1,48523252123,2502412,0
48.5308,4,48528321135,2502412,0
48.5334,1,48530860141,2502412,0
48.5359,2,48533390147,2502412,0
48.536,1,48535929153,73000,1
48.536,3,48535929153,73000,1
48.5385,2,48536036153,2502412,0
48.5436,3,48541105165,2502412,0
48.5461,3,48543643577,2502412,0
48.5466,1,48546486583,73000,1
48.5466,4,48546486583,73000,1
48.5491,3,48546557583,2502412,0
48.5517,2,48549159589,2502412,0
48.5542,2,48551689001,2502412,0
48.5596,4,48557064019,2502412,0
48.5621,3,48559612025,2502412,0
48.5646,4,48562142031,2502412,0
48.5672,2,48564708037,2502412,0
48.5697,2,48567246449,2502412,0
48.5723,4,48569776455,2502412,0
48.5748,3,48572306461,2502412,0
48.5773,1,48574845467,2502412,0
48.5824,1,48579905479,2502412,0
48.5849,4,48582435485,2502412,0
48.5875,2,48584974491,2502412,0
48.5876,2,48587512903,73000,1
48.5876,3,48587513497,73000,1
48.5902,4,48587656497,2502412,0
48.5927,1,48590195503,2502412,0
48.5978,1,48595282515,2502412,0
48.6003,3,48597821521,2502412,0
48.6029,4,48600360527,2502412,0
48.6057,3,48603232539,2502412,0
48.6083,3,48605779951,2502412,0
48.6108,4,48608318957,2502412,0
48.6109,1,48610857963,73000,1
48.6109,2,48610857963,73000,1
48.616,3,48613485969,2502412,0
48.6188,3,48616346381,2502412,0
48.6214,4,48618912387,2502412,0
48.624,3,48621451393,2502412,0
48.629,3,48626547405,2502412,0
48.6316,4,48629113411,2502412,0
48.6342,2,48631661417,2502412,0
48.6367,1,48634200423,2502412,0
48.6394,1,48639287435,73000,1
48.6394,2,48639287435,73000,1
48.6394,4,48639287435,73000,1
48.6419,3,48639358435,2502412,0
48.6444,3,48641914847,2502412,0
48.647,3,48644462259,2502412,0
48.6524,1,48649880271,2502412,0
48.6552,3,48652734283,2502412,0
48.6578,2,48655264289,2502412,0
48.6579,2,48657811701,73000,1
48.6579,1,48657812295,73000,1
48.6604,1,48657885295,2502412,0
48.6629,3,48660415301,2502412,0
48.6631,3,48662980713,73000,1
48.6631,4,48662981307,73000,1
48.6656,2,48663115307,2502412,0
48.6657,3,48665654313,73000,1
48.6657,1,48665654313,73000,1
48.6683,4,48665761313,2502412,0
48.6684,2,48668318319,73000,1
48.671,4,48668470319,2502412,0
48.6735,2,48671009325,2502412,0
48.6786,3,48676069337,2502412,0
48.6811,3,48678598749,2502412,0
48.6836,1,48681137755,2502412,0
48.6862,4,48683685761,2502412,0
48.6863,1,48686251767,73000,1
48.6888,2,48686322767,2502412,0
48.6914,3,48688852773,2502412,0
48.6939,1,48691409779,2502412,0
48.6964,1,48693939191,2502412,0
48.699,3,48696478197,2502412,0
48.6991,2,48699008203,73000,1
48.6991,4,48699008203,73000,1
48.7016,2,48699081203,2502412,0
48.7017,1,48701620209,73000,1
48.7071,4,48704563221,2502412,0
48.7096,2,48707093227,2502412,0
48.7097,2,48709631639,73000,1
48.7097,3,48709632233,73000,1
48.7123,3,48709766233,2502412,0
48.7148,4,48712332239,2502412,0
48.7203,1,48717768251,2502412,0
48.7204,4,48720307257,73000,1
48.7204,3,48720307257,73000,1
48.7229,3,48720405257,2502412,0
48.7254,2,48722935263,2502412,0
48.728,2,48725473675,2502412,0
48.7331,4,48730551687,2502412,0
48.7356,3,48733081693,2502412,0
48.7381,1,48735611699,2502412,0
48.7407,4,48738150705,2502412,0
48.7432,2,48740725711,2502412,0
48.7458,1,48743264717,2502412,0
48.7508,3,48748324729,2502412,0
48.7537,4,48751167735,2502412,0
48.7538,1,48753697741,73000,1
48.7563,1,48753795741,2502412,0
48.7564,3,48756325747,73000,1
48.7592,2,48756738753,2502412,0
48.7618,4,48759277759,2502412,0
48.7669,1,48764382771,2502412,0
48.7694,2,48766921777,2502412,0
48.772,2,48769451189,2502412,0
48.7745,4,48771981195,2502412,0
48.7771,1,48774583201,2502412,0
48.7796,4,48777122207,2502412,0
48.7797,2,48779661213,73000,1
48.7797,3,48779661213,73000,1
48.7823,1,48779750213,2502412,0
48.7848,1,48782297625,2502412,0
48.7873,1,48784827037,2502412,0
48.7899,4,48787357043,2502412,0
48.79,3,48789968049,73000,1
48.7901,4,48790048049,73000,1
48.7901,1,48790048049,73000,1
48.7926,1,48790128049,2502412,0
48.7952,1,48792693461,2502412,0
48.7977,2,48795241467,2502412,0
48.8031,2,48800643485,2502412,0
48.8057,4,48803200491,2502412,0
48.8082,1,48805739497,2502412,0
48.8084,4,48808314503,73000,1
48.8109,2,48808394503,2502412,0
48.8134,2,48810923915,2502412,0
48.816,4,48813453921,2502412,0
48.8185,1,48816028927,2502412,0
48.8211,2,48818576933,2502412,0
48.8239,4,48821419345,2502412,0
48.8266,2,48826488357,73000,1
48.8266,1,48826488357,73000,1
48.8291,4,48826559357,2502412,0
48.8316,3,48829089363,2502412,0
48.8341,3,48831627775,2502412,0
48.8367,1,48834157781,2502412,0
48.8392,1,48836741193,2502412,0
48.8418,3,48839280199,2502412,0
48.8419,4,48841819205,73000,1
48.8445,3,48841962205,2502412,0
48.847,1,48844501211,2502412,0
48.8495,4,48847040217,2502412,0
48.8521,3,48849570223,2502412,0
48.8549,2,48852413229,2502412,0
48.8578,4,48855258241,2502412,0
48.8604,4,48860363253,73000,1
48.8604,1,48860363253,73000,1
48.8629,3,48860434253,2502412,0
48.8655,3,48862963665,2502412,0
48.8656,2,48865511671,73000,1
48.8656,4,48865511671,73000,1
48.8681,4,48865609671,2502412,0
48.8707,2,48868157677,2502412,0
48.8757,4,48873217689,2502412,0
48.8783,3,48875747695,2502412,0
48.8784,3,48878322107,73000,1
48.8784,1,48878322701,73000,1
48.8809,4,48878393701,2502412,0
48.8835,2,48880968707,2502412,0
48.886,3,48883507713,2502412,0
48.8911,3,48888576725,2502412,0
48.8912,3,48891133137,73000,1
48.8912,4,48891133731,73000,1
48.8938,2,48891249731,2502412,0
48.8963,3,48893779737,2502412,0
48.9014,2,48898875749,2502412,0
48.9042,2,48901711761,2502412,0
48.9068,3,48904259767,2502412,0
48.9093,2,48906789773,2502412,0
48.9118,3,48909337779,2502412,0
48.9144,2,48911876785,2502412,0
48.9169,2,48914424197,2502412,0
48.917,1,48916954203,73000,1
48.9195,4,48917043203,2502412,0
48.9197,2,48919591209,73000,1
48.9197,3,48919591209,73000,1
48.9197,4,48919671209,73000,1
48.9197,2,48919671209,73000,1
48.9199,4,48919832209,73000,1
48.9254,3,48922890215,2502412,0
48.9305,3,48927995227,2502412,0
48.933,3,48930542639,2502412,0
48.9332,3,48933081051,73000,1
48.9332,2,48933081645,73000,1
48.9382,3,48935718651,2502412,0
48.9434,3,48940859663,2502412,0
48.9459,2,48943389669,2502412,0
48.951,2,48948521681,2502412,0
48.9536,3,48951051687,2502412,0
48.9567,4,48954236699,2502412,0
48.9593,3,48956766705,2502412,0
48.9644,4,48961871717,2502412,0
48.9645,3,48964410723,73000,1
48.9645,2,48964410723,73000,1
48.967,1,48964490723,2502412,0
48.9696,3,48967065729,2502412,0
48.9746,4,48972134741,2502412,0
48.9772,1,48974664747,2502412,0
48.9797,4,48977194753,2502412,0
48.9798,4,48979751165,73000,1
48.9798,3,48979751759,73000,1
48.9823,2,48979831759,2502412,0
48.9849,3,48982370765,2502412,0
48.985,1,48984918771,73000,1
48.9875,4,48985007771,2502412,0
48.9876,3,48987537777,73000,1
48.9876,2,48987537777,73000,1
48.9901,1,48987608777,2502412,0
48.9927,4,48990147783,2502412,0
48.9928,1,48992731789,73000,1
48.9928,2,48992731789,73000,1
48.9953,4,48992802789,2502412,0
48.9954,1,48995350795,73000,1
48.9979,1,48995423795,2502412,0
49.0006,4,48998052801,2502412,0
49.0031,1,49000591807,2502412,0
49.0035,3,49003445819,73000,1
49.0086,1,49006073825,2502412,0
49.0111,1,49008603237,2502412,0
49.0137,4,49011169243,2502412,0
49.0162,1,49013708249,2502412,0
49.0213,4,49018777261,2502412,0
49.0214,4,49021324673,73000,1
49.0214,2,49021325267,73000,1
49.0239,1,49021405267,2502412,0
49.0264,1,49023934679,2502412,0
49.0319,1,49029379097,2502412,0
49.0344,1,49031926509,2502412,0
49.037,4,49034483515,2502412,0
49.0421,4,49039606527,2502412,0
49.0447,1,49042154533,2502412,0
49.0472,2,49044729539,2502412,0
49.0473,1,49047259545,73000,1
49.0498,3,49047339545,2502412,0
49.0524,4,49049887551,2502412,0
49.0549,3,49052417557,2502412,0
49.0578,2,49055271569,2502412,0
49.0606,4,49058114575,2502412,0
49.0632,3,49060653581,2502412,0
49.0682,3,49065740593,2502412,0
49.0708,1,49068270599,2502412,0
49.0733,4,49070827605,2502412,0
49.0734,1,49073357611,73000,1
49.0734,2,49073357611,73000,1
49.076,3,49073473611,2502412,0
49.0785,3,49076003023,2502412,0
49.081,4,49078533029,2502412,0
49.0861,1,49083611041,2502412,0
49.0887,1,49086167453,2502412,0
49.0912,3,49088697459,2502412,0
49.0937,2,49091236465,2502412,0
49.0963,4,49093766471,2502412,0
49.0988,4,49096331883,2502412,0
49.1014,3,49098861889,2502412,0
49.104,3,49101480895,2502412,0
49.1044,4,49104325907,73000,1
49.1044,1,49104325907,73000,1
49.1069,3,49104396907,2502412,0
49.107,3,49106935319,73000,1
49.107,2,49106935913,73000,1
49.1096,3,49107051913,2502412,0
49.1121,1,49109590919,2502412,0
49.1146,4,49112129925,2502412,0
49.1173,3,49117207937,73000,1
49.1173,2,49117207937,73000,1
49.1198,3,49117341937,2502412,0
49.1199,4,49119871943,73000,1
49.1199,1,49119871943,73000,1
49.1225,3,49119987943,2502412,0
49.1276,1,49125056955,2502412,0
49.1304,3,49127935367,2502412,0
49.133,1,49130474373,2502412,0
49.1355,1,49133012785,2502412,0
49.138,4,49135542791,2502412,0
49.1406,3,49138072797,2502412,0
49.1431,4,49140602803,2502412,0
49.1458,4,49145698815,73000,1
49.1458,3,49145698815,73000,1
49.1483,1,49145796815,2502412,0
49.1508,2,49148326821,2502412,0
49.1537,1,49151162833,2502412,0
49.1562,1,49153692245,2502412,0
49.1587,3,49156231251,2502412,0
49.1616,4,49159101257,2502412,0
49.1617,2,49161640263,73000,1
49.1642,1,49161738263,2502412,0
49.1668,3,49164268269,2502412,0
49.1693,4,49166807275,2502412,0
49.1719,1,49169355281,2502412,0
49.1744,4,49171894287,2502412,0
49.177,4,49174450699,2502412,0
49.1771,4,49176989111,73000,1
49.1771,3,49176989705,73000,1
49.1821,2,49179590711,2502412,0
49.1822,1,49182156717,73000,1
49.1822,4,49182156717,73000,1
49.1848,3,49182308717,2502412,0
49.1849,3,49184838129,73000,1
49.1849,2,49184838723,73000,1
49.19,1,49187511729,2502412,0
49.1951,3,49192625741,2502412,0
49.1977,1,49195200747,2502412,0
49.1978,2,49197748753,73000,1
49.2003,3,49197837753,2502412,0
49.2032,3,49200691765,2502412,0
49.2033,1,49203266771,73000,1
49.2059,3,49203355771,2502412,0
49.2084,3,49205894183,2502412,0
49.2109,4,49208433189,2502412,0
49.2135,4,49210971601,2502412,0
49.216,3,49213519607,2502412,0
49.2187,3,49218588619,73000,1
49.2187,1,49218588619,73000,1
49.2212,4,49218722619,2502412,0
49.2214,4,49221297031,73000,1
49.2215,2,49221467625,73000,1
49.224,3,49221538625,2502412,0
49.2266,4,49224086631,2502412,0
49.2291,3,49226616637,2502412,0
49.2316,4,49229146643,2502412,0
49.2371,1,49234609061,2502412,0
49.2396,3,49237139067,2502412,0
49.2422,4,49239678073,2502412,0
49.2473,1,49244801085,2502412,0
49.2499,3,49247349091,2502412,0
49.2524,4,49249897097,2502412,0
49.2578,4,49255299115,2502412,0
49.2604,1,49257856121,2502412,0
49.2629,3,49260404127,2502412,0
49.2633,4,49263247133,73000,1
49.2658,1,49263336133,2502412,0
49.2684,3,49265884139,2502412,0
49.2709,4,49268414145,2502412,0
49.2734,1,49270944151,2502412,0
49.276,3,49273492157,2502412,0
49.2787,3,49278579169,73000,1
49.2787,1,49278579169,73000,1
49.2812,4,49278686169,2502412,0
49.2837,4,49281233581,2502412,0
49.2863,3,49283799587,2502412,0
49.2864,4,49286338593,73000,1
49.2889,3,49286445593,2502412,0
49.2915,1,49288993599,2502412,0
49.294,1,49291523011,2502412,0
49.2942,3,49294098017,73000,1
49.2967,2,49294187017,2502412,0
49.2992,2,49296725429,2502412,0
49.2993,2,49299263841,73000,1
49.2993,4,49299264435,73000,1
49.3018,1,49299335435,2502412,0
49.3044,1,49301864847,2502412,0
49.3098,1,49307302865,2502412,0
49.3123,1,49309841277,2502412,0
49.3149,1,49312379689,2502412,0
49.3174,3,49314909695,2502412,0
49.3225,1,49320023707,2502412,0
49.3251,2,49322553713,2502412,0
49.3252,2,49325110125,73000,1
49.3252,3,49325110719,73000,1
49.3253,3,49325235719,73000,1
49.3278,1,49325324719,2502412,0
49.3304,2,49327863725,2502412,0
49.3329,1,49330402731,2502412,0
49.3357,1,49333245143,2502412,0
49.3409,1,49338350155,2502412,0
49.3434,2,49340925161,2502412,0
49.346,2,49343454573,2502412,0
49.3485,1,49345984579,2502412,0
49.351,3,49348514585,2502412,0
49.3511,1,49351044591,73000,1
49.3511,4,49351044591,73000,1
49.3565,3,49354014603,2502412,0
49.3591,2,49356553609,2502412,0
49.3616,1,49359119615,2502412,0
49.3642,3,49361676621,2502412,0
49.3646,3,49364519627,73000,1
49.3671,1,49364626627,2502412,0
49.3697,2,49367156633,2502412,0
49.3698,2,49369731045,73000,1
49.3698,1,49369731639,73000,1
49.3699,3,49369829639,73000,1
49.3725,2,49369981639,2502412,0
49.3776,2,49375131651,2502412,0
49.3827,2,49380200663,2502412,0
49.3852,1,49382730669,2502412,0
49.3878,4,49385278675,2502412,0
49.3903,3,49387808681,2502412,0
49.393,3,49392895693,73000,1
49.393,1,49392895693,73000,1
49.3955,2,49392966693,2502412,0
49.3981,4,49395559699,2502412,0
49.4006,2,49398089705,2502412,0
49.406,4,49403473723,2502412,0
49.4085,1,49406039729,2502412,0
49.4111,4,49408587735,2502412,0
49.4136,2,49411126741,2502412,0
49.4162,4,49413656747,2502412,0
49.4187,4,49416186159,2502412,0
49.4212,3,49418716165,2502412,0
49.4213,2,49421246171,73000,1
49.4213,1,49421246171,73000,1
49.4264,2,49423883177,2502412,0
49.4289,3,49426413183,2502412,0
49.429,1,49428952189,73000,1
49.429,4,49428952189,73000,1
49.4315,2,49429032189,2502412,0
49.4341,3,49431562195,2502412,0
49.4346,3,49434485607,73000,1
49.4347,2,49434583607,73000,1
49.4347,3,49434583607,73000,1
49.4398,4,49437283613,2502412,0
49.4423,3,49439840619,2502412,0
49.4449,4,49442370625,2502412,0
49.4475,3,49447457637,73000,1
49.4475,2,49447457637,73000,1
49.4501,4,49447555637,2502412,0
49.4529,4,49450391649,2502412,0
49.458,1,49455532661,2502412,0
49.4606,4,49458098667,2502412,0
49.4633,4,49463221679,73000,1
49.4633,3,49463221679,73000,1
49.4658,1,49463301679,2502412,0
49.4712,1,49468719691,2502412,0
49.4713,1,49471267103,73000,1
49.4713,4,49471267697,73000,1
49.4765,4,49473958703,2502412,0
49.479,2,49476488709,2502412,0
49.4815,2,49479018121,2502412,0
49.4841,4,49481548127,2502412,0
49.4867,4,49486662139,73000,1
49.4867,2,49486662139,73000,1
49.4892,4,49486742139,2502412,0
49.4918,4,49489271551,2502412,0
49.4943,1,49491846557,2502412,0
49.4994,1,49496942569,2502412,0
49.502,4,49499490575,2502412,0
49.5049,3,49502353587,2502412,0
49.5074,1,49504901593,2502412,0
49.5125,3,49509961605,2502412,0
49.515,4,49512509611,2502412,0
49.5175,4,49515039023,2502412,0
49.5176,3,49517569029,73000,1
49.5176,2,49517569029,73000,1
49.5202,4,49517685029,2502412,0
49.5203,1,49520233035,73000,1
49.5229,4,49520349035,2502412,0
49.5254,4,49522878447,2502412,0
49.5279,1,49525435453,2502412,0
49.528,1,49527964865,73000,1
49.528,2,49527965459,73000,1
49.5306,1,49528054459,2502412,0
49.5356,4,49533132471,2502412,0
49.5358,1,49535680477,73000,1
49.5358,3,49535680477,73000,1
49.5383,1,49535753477,2502412,0
49.5411,1,49538595889,2502412,0
49.5436,1,49541143301,2502412,0
49.5462,4,49543673307,2502412,0
49.5487,1,49546221313,2502412,0
49.5514,4,49551281325,73000,1
49.5514,3,49551281325,73000,1
49.5543,1,49551757331,2502412,0
49.5594,1,49556862343,2502412,0
49.5619,1,49559409755,2502412,0
49.5645,4,49561966761,2502412,0
49.5646,1,49564532767,73000,1
49.5672,4,49564675767,2502412,0
49.5697,4,49567223179,2502412,0
49.5751,2,49572632191,2502412,0
49.5753,2,49575215603,73000,1
49.5753,4,49575216197,73000,1
49.5778,1,49575332197,2502412,0
49.583,4,49580473209,2502412,0
49.5831,4,49583020621,73000,1
49.5856,1,49583092215,2502412,0
49.5907,2,49588233227,2502412,0
49.5933,1,49590781233,2502412,0
49.5934,1,49593310645,73000,1
49.5934,2,49593311239,73000,1
49.5959,4,49593382239,2502412,0
49.596,1,49595930245,73000,1
49.5986,4,49596082245,2502412,0
49.6011,4,49598629657,2502412,0
49.6012,4,49601159069,73000,1
49.6038,4,49601321663,2502412,0
49.6067,2,49604166675,2502412,0
49.6092,1,49606714681,2502412,0
49.6118,3,49609262687,2502412,0
49.6144,3,49614367699,73000,1
49.6144,1,49614367699,73000,1
49.6144,4,49614367699,73000,1
49.617,2,49614447699,2502412,0
49.6171,2,49617040111,73000,1
49.6171,3,49617040705,73000,1
49.6196,2,49617129705,2502412,0
49.6222,2,49619659117,2502412,0
49.6247,2,49622215529,2502412,0
49.6248,4,49624772535,73000,1
49.6274,2,49624888535,2502412,0
49.6299,1,49627427541,2502412,0
49.6325,3,49629957547,2502412,0
49.635,1,49632487553,2502412,0
49.6351,3,49635035559,73000,1
49.6402,2,49637699565,2502412,0
49.643,1,49640541977,2502412,0
49.6456,2,49643143983,2502412,0
49.6458,3,49645682989,73000,1
49.6483,1,49645762989,2502412,0
49.6508,2,49648292995,2502412,0
49.6538,1,49653740013,73000,1
49.6538,4,49653740013,73000,1
49.6563,2,49653820013,2502412,0
49.6589,4,49656386019,2502412,0
49.659,2,49658952025,73000,1
49.6616,2,49659059025,2502412,0
49.6641,4,49661616031,2502412,0
49.6667,2,49664164037,2502412,0
49.6717,1,49669233049,2502412,0
49.6747,4,49672157055,2502412,0
49.6748,2,49674687061,73000,1
49.6773,1,49674767061,2502412,0
49.6798,3,49677315067,2502412,0
49.6824,3,49679880479,2502412,0
49.6849,3,49682409891,2502412,0
49.685,4,49684939897,73000,1
49.6875,1,49685037897,2502412,0
49.6901,2,49687585903,2502412,0
49.6902,1,49690115909,73000,1
49.6902,3,49690115909,73000,1
49.6927,1,49690222909,2502412,0
49.6953,2,49692752915,2502412,0
49.6954,1,49695282921,73000,1
49.6979,4,49695362921,2502412,0
49.7033,2,49700773939,2502412,0
49.7059,4,49703357945,2502412,0
49.711,2,49708462957,2502412,0
49.7135,3,49710992963,2502412,0
49.716,1,49713540969,2502412,0
49.7186,4,49716070975,2502412,0
49.7211,4,49718609387,2502412,0
49.7212,4,49721165799,73000,1
49.7237,2,49721246393,2502412,0
49.7263,2,49723775805,2502412,0
49.7288,4,49726305811,2502412,0
49.7289,2,49728844817,73000,1
49.7289,1,49728844817,73000,1
49.7289,3,49728844817,73000,1
49.7314,3,49728924817,2502412,0
49.734,4,49731508823,2502412,0
49.7341,4,49734038235,73000,1
49.7366,4,49734145829,2502412,0
49.7392,4,49736675241,2502412,0
49.7417,3,49739205247,2502412,0
49.7446,4,49742047659,2502412,0
49.7471,1,49744586665,2502412,0
49.7496,1,49747143077,2502412,0
49.755,3,49752536095,2502412,0
49.7576,2,49755066101,2502412,0
49.7601,4,49757596107,2502412,0
49.7627,1,49760162113,2502412,0
49.7628,1,49762718525,73000,1
49.7628,2,49762719119,73000,1
49.7653,3,49762817119,2502412,0
49.7678,4,49765347125,2502412,0
49.7729,1,49770425137,2502412,0
49.7758,3,49773286143,2502412,0
49.7784,3,49775860555,2502412,0
49.7785,1,49778408561,73000,1
49.7785,4,49778408561,73000,1
49.781,2,49778497561,2502412,0
49.7811,3,49781027567,73000,1
49.7836,1,49781098567,2502412,0
49.7838,1,49783717979,73000,1
49.7838,4,49783718573,73000,1
49.7863,2,49783807573,2502412,0
49.7914,3,49788903585,2502412,0
49.794,2,49791460591,2502412,0
49.7965,1,49793999597,2502412,0
49.799,2,49796529603,2502412,0
49.8044,3,49801931621,2502412,0
49.807,2,49804497627,2502412,0
49.8095,1,49807045633,2502412,0
49.8146,3,49812114645,2502412,0
49.8172,1,49814653651,2502412,0
49.8197,3,49817192657,2502412,0
49.8198,3,49819722069,73000,1
49.8198,1,49819722663,73000,1
49.8198,4,49819722663,73000,1
49.8223,2,49819793663,2502412,0
49.8248,2,49822332075,2502412,0
49.825,2,49824906487,73000,1
49.8275,1,49825032081,2502412,0
49.8301,1,49827561493,2502412,0
49.8326,1,49830090905,2502412,0
49.8377,1,49835231917,2502412,0
49.8378,3,49837761923,73000,1
49.8378,2,49837761923,73000,1
49.8403,3,49837834923,2502412,0
49.8429,3,49840418335,2502412,0
49.843,1,49842957341,73000,1
49.8456,3,49843082341,2502412,0
49.8484,1,49845933753,2502412,0
49.851,1,49848490165,2502412,0
49.8564,1,49853874183,2502412,0
49.8589,2,49856404189,2502412,0
49.8614,3,49858934195,2502412,0
49.864,1,49861482201,2502412,0
49.8665,1,49864038613,2502412,0
49.8716,2,49869134625,2502412,0
49.8717,2,49871673037,73000,1
49.8717,3,49871673631,73000,1
49.8743,1,49871753631,2502412,0
49.8768,1,49874292043,2502412,0
49.8823,1,49879755055,2502412,0
49.8848,2,49882303061,2502412,0
49.8873,4,49884842067,2502412,0
49.8899,3,49887372073,2502412,0
49.8924,1,49889911079,2502412,0
49.8949,3,49892441085,2502412,0
49.8975,1,49894971091,2502412,0
49.9028,4,49900346109,2502412,0
49.9029,4,49902875521,73000,1
49.9029,2,49902876115,73000,1
49.9055,4,49902948521,2502412,0
49.908,3,49905487527,2502412,0
49.9106,1,49908071533,2502412,0
49.9157,4,49913176545,2502412,0
49.9182,3,49915706551,2502412,0
49.9208,2,49918254557,2502412,0
49.9233,1,49920793563,2502412,0
49.9258,2,49923332569,2502412,0
49.9284,4,49925862575,2502412,0
49.9309,2,49928392581,2502412,0
49.931,2,49930957993,73000,1
49.9311,4,49931038587,73000,1
49.9311,3,49931038587,73000,1
49.9336,1,49931118587,2502412,0
49.9362,1,49933665999,2502412,0
49.9387,4,49936214005,2502412,0
49.9413,3,49938807011,2502412,0
49.9414,1,49941337017,73000,1
49.9439,4,49941408017,2502412,0
49.9465,2,49943974023,2502412,0
49.9469,2,49946834435,73000,1
49.9469,3,49946834435,73000,1
49.9494,4,49946941435,2502412,0
49.9496,1,49949480441,73000,1
49.955,3,49952459453,2502412,0
49.9575,4,49954989459,2502412,0
49.96,4,49957527871,2502412,0
49.9626,2,49960075877,2502412,0
49.9677,3,49965171889,2502412,0
49.9702,4,49967710895,2502412,0
49.9727,2,49970240901,2502412,0
49.9753,2,49972788313,2502412,0
49.9779,4,49975363319,2502412,0
49.9832,3,49980745331,2502412,0
49.9833,3,49983274743,73000,1
49.9833,2,49983275337,73000,1
49.9859,2,49983364337,2502412,0
49.9884,4,49985921343,2502412,0
49.991,1,49988460349,2502412,0
49.9935,4,49990990355,2502412,0
49.996,1,49993529361,2502412,0
49.9961,2,49996059367,73000,1
49.9986,4,49996130367,2502412,0
50.0013,1,49998750373,2502412,0
50.0014,4,50001280379,73000,1
50.0039,3,50001351379,2502412,0
50.0064,2,50003881385,2502412,0
50.0089,4,50006411391,2502412,0
50.0118,1,50009256403,2502412,0
50.0119,3,50011786409,73000,1
50.0144,1,50011911409,2502412,0
50.017,1,50014458821,2502412,0
50.0195,4,50016988827,2502412,0
50.022,2,50019518833,2502412,0
50.0246,2,50022084245,2502412,0
50.0247,1,50024614251,73000,1
50.0247,3,50024614251,73000,1
50.0248,1,50024703251,73000,1
50.0273,4,50024783251,2502412,0
50.0324,2,50029888263,2502412,0
50.0349,4,50032427269,2502412,0
50.0375,1,50034957275,2502412,0
50.04,2,50037532281,2502412,0
50.0451,1,50042637293,2502412,0
50.0452,1,50045166705,73000,1
50.0452,2,50045167299,73000,1
50.0452,4,50045167299,73000,1
50.0478,4,50045256299,2502412,0
50.0503,4,50047839711,2502412,0
50.0561,2,50053563135,2502412,0
50.0587,4,50056165141,2502412,0
50.0612,1,50058695147,2502412,0
50.0663,2,50063764159,2502412,0
50.0688,3,50066330165,2502412,0
50.0714,1,50068860171,2502412,0
50.0739,4,50071408177,2502412,0
50.0764,4,50073946589,2502412,0
50.0815,3,50079015601,2502412,0
50.0844,2,50081858607,2502412,0
50.0869,4,50084406613,2502412,0
50.0894,2,50086945619,2502412,0
50.092,4,50089475625,2502412,0
50.0945,1,50092005631,2502412,0
50.097,4,50094535637,2502412,0
50.0996,4,50097074049,2502412,0
50.0997,4,50099612461,73000,1
50.0997,3,50099613055,73000,1
50.1026,1,50102520067,73000,1
50.1026,2,50102520067,73000,1
50.1051,3,50102645067,2502412,0
50.1077,1,50105229073,2502412,0
50.1103,2,50107768079,2502412,0
50.1128,2,50110324491,2502412,0
50.1129,4,50112854497,73000,1
50.1154,3,50112925497,2502412,0
50.118,1,50115482503,2502412,0
50.1205,3,50118012509,2502412,0
50.1231,2,50120569515,2502412,0
50.1256,1,50123117521,2502412,0
50.1257,2,50125665527,73000,1
50.1282,2,50125738527,2502412,0
50.1308,2,50128267939,2502412,0
50.1333,3,50130815945,2502412,0
50.1359,2,50133354951,2502412,0
50.1384,1,50135902957,2502412,0
50.1409,3,50138432963,2502412,0
50.1411,1,50140989969,73000,1
50.1411,2,50140989969,73000,1
50.1462,3,50143662975,2502412,0
50.1487,4,50146192981,2502412,0
50.1512,3,50148722987,2502412,0
50.1541,1,50151565399,2502412,0
50.1569,1,50154401411,2502412,0
50.1595,4,50156949417,2502412,0
50.162,2,50159479423,2502412,0
50.1645,2,50162008835,2502412,0
50.1696,3,50167131847,2502412,0
50.1697,3,50169661259,73000,1
50.1697,1,50169661853,73000,1
50.1722,4,50169732853,2502412,0
50.1748,2,50172271859,2502412,0
50.1773,2,50174828271,2502412,0
50.1775,3,50177394277,73000,1
50.18,4,50177492277,2502412,0
50.1825,3,50180022283,2502412,0
50.1854,4,50182883289,2502412,0
50.1879,2,50185413295,2502412,0
50.1905,4,50187961301,2502412,0
50.193,2,50190491307,2502412,0
50.1931,4,50193021313,73000,1
50.1931,3,50193021313,73000,1
50.1932,1,50193092313,73000,1
50.1932,3,50193094313,73000,1
50.1983,2,50195794319,2502412,0
50.2008,2,50198341731,2502412,0
50.2038,2,50203761749,73000,1
50.2038,4,50203761749,73000,1
50.2064,3,50203877749,2502412,0
50.2089,2,50206416755,2502412,0
50.214,3,50211494767,2502412,0
50.2141,3,50214033179,73000,1
50.2141,1,50214033773,73000,1
50.2166,2,50214140773,2502412,0
50.2192,2,50216670185,2502412,0
50.2243,2,50221757197,2502412,0
50.2268,4,50224341203,2502412,0
50.2294,4,50226879615,2502412,0
50.2319,3,50229436621,2502412,0
50.232,2,50231966627,73000,1
50.2345,2,50232046627,2502412,0
50.2371,4,50234585633,2502412,0
50.2396,2,50237115639,2502412,0
50.2422,3,50239717645,2502412,0
50.2473,4,50244786657,2502412,0
50.2474,4,50247325069,73000,1
50.2474,2,50247325663,73000,1
50.2499,4,50247398069,2502412,0
50.2501,2,50250000075,73000,1
50.2501,3,50250000075,73000,1
50.253,4,50250488081,2502412,0
50.2531,4,50253035493,73000,1
50.2531,3,50253036087,73000,1
50.2532,3,50253161087,73000,1
50.2537,4,50253628003,73000,1
50.2537,1,50253628003,73000,1
50.2614,2,50258857421,2502412,0
50.2639,2,50261413833,2502412,0
50.269,2,50266500845,2502412,0
50.2715,2,50269039257,2502412,0
50.2767,2,50274171269,2502412,0
50.2792,4,50276737275,2502412,0
50.2844,2,50281878287,2502412,0
50.2869,4,50284444293,2502412,0
50.2874,2,50287296299,73000,1
50.2925,4,50289996305,2502412,0
50.2976,4,50295128317,2502412,0
50.3028,2,50300251329,2502412,0
50.3056,4,50303105341,2502412,0
50.3081,4,50305634753,2502412,0
50.3107,4,50308182165,2502412,0
50.3133,4,50313269177,73000,1
50.3133,2,50313269177,73000,1
50.3135,2,50313439177,73000,1
50.3135,3,50313439177,73000,1
50.3186,2,50316058183,2502412,0
50.3187,2,50318596595,73000,1
50.3187,4,50318597189,73000,1
50.3214,2,50321351195,73000,1
50.3214,3,50321351195,73000,1
50.3343,4,50331837437,2502412,0
50.3369,4,50334393849,2502412,0
50.3394,1,50336923855,2502412,0
50.3445,1,50342010867,2502412,0
50.3471,4,50344603873,2502412,0
50.3522,2,50349672885,2502412,0
50.3523,2,50352220297,73000,1
50.3548,1,50352291891,2502412,0
50.3573,4,50354821897,2502412,0
50.3631,4,50360608321,2502412,0
50.3656,1,50363138327,2502412,0
50.3682,1,50365676739,2502412,0
50.3707,2,50368206745,2502412,0
50.3758,2,50373293757,2502412,0
50.3783,4,50375823763,2502412,0
50.3809,1,50378389769,2502412,0
50.381,1,50380955181,73000,1
50.381,2,50380955775,73000,1
50.3861,4,50383583781,2502412,0
50.3886,4,50386140193,2502412,0
50.3915,4,50388992199,2502412,0
50.3916,1,50391576205,73000,1
50.3942,4,50391674205,2502412,0
50.3967,2,50394231211,2502412,0
50.3969,4,50396779217,73000,1
50.3969,1,50396779217,73000,1
50.3969,4,50396859217,73000,1
50.3995,2,50396948217,2502412,0
50.4049,2,50402422235,2502412,0
50.4075,1,50404952241,2502412,0
50.41,1,50407499653,2502412,0
50.4151,2,50412613665,2502412,0
50.4177,1,50415161671,2502412,0
50.4202,2,50417727677,2502412,0
50.4203,2,50420257089,73000,1
50.4229,1,50420400683,2502412,0
50.4254,4,50422939689,2502412,0
50.4305,2,50428026701,2502412,0
50.4331,4,50430574707,2502412,0
50.4356,4,50433104119,2502412,0
50.4381,1,50435634125,2502412,0
50.4433,4,50440757137,2502412,0
50.4458,2,50443287143,2502412,0
50.4483,2,50445825555,2502412,0
50.4509,1,50448382561,2502412,0
50.451,4,50450921567,73000,1
50.4511,1,50450992567,73000,1
50.4536,2,50451072567,2502412,0
50.4564,4,50453908579,2502412,0
50.4566,4,50456518991,73000,1
50.4566,2,50456519585,73000,1
50.462,4,50459541591,2502412,0
50.4622,4,50462080003,73000,1
50.4647,1,50462160597,2502412,0
50.4672,1,50464690009,2502412,0
50.4723,4,50469813021,2502412,0
50.4749,4,50472351433,2502412,0
50.475,1,50474890439,73000,1
50.475,2,50474890439,73000,1
50.4775,4,50474961439,2502412,0
50.4826,2,50480066451,2502412,0
50.4851,4,50482623457,2502412,0
50.4877,2,50485198463,2502412,0
50.4902,4,50487728469,2502412,0
50.4956,4,50493110481,2502412,0
50.4982,2,50495649487,2502412,0
50.5007,1,50498197493,2502412,0
50.5008,4,50500727499,73000,1
50.5062,2,50503724511,2502412,0
50.5088,2,50506262923,2502412,0
50.5113,1,50508792929,2502412,0
50.5139,2,50511349935,2502412,0
50.5189,1,50516445947,2502412,0
50.5215,2,50518993953,2502412,0
50.524,2,50521532365,2502412,0
50.5241,3,50524071371,73000,1
50.5241,4,50524071371,73000,1
50.5267,2,50524169371,2502412,0
50.5292,1,50526708377,2502412,0
50.5343,1,50531822389,2502412,0
50.5369,2,50534361395,2502412,0
50.542,2,50539493407,2502412,0
50.5445,1,50542041413,2502412,0
50.5471,2,50544571419,2502412,0
50.5522,4,50549694431,2502412,0
50.5523,2,50552233437,73000,1
50.5548,1,50552304437,2502412,0
50.5553,4,50555203449,73000,1
50.5554,1,50555292449,73000,1
50.5554,2,50555292449,73000,1
50.5579,2,50555435449,2502412,0
50.5633,2,50560808461,2502412,0
50.5658,1,50563338467,2502412,0
50.5684,1,50565885879,2502412,0
50.571,1,50568460291,2502412,0
50.576,2,50573520303,2502412,0
50.5786,2,50576049715,2502412,0
50.5811,1,50578579721,2502412,0
50.5836,4,50581127727,2502412,0
50.5862,4,50583702139,2502412,0
50.5887,2,50586241145,2502412,0
50.5888,1,50588771151,73000,1
50.5914,1,50588869151,2502412,0
50.5939,1,50591407563,2502412,0
50.5968,4,50594259569,2502412,0
50.5993,2,50596834575,2502412,0
50.6019,1,50599364581,2502412,0
50.6073,4,50604793599,2502412,0
50.6099,2,50607359605,2502412,0
50.6124,1,50609889611,2502412,0
50.6175,1,50614994623,2502412,0
50.6176,2,50617542629,73000,1
50.6176,4,50617542629,73000,1
50.6227,1,50620206635,2502412,0
50.6252,2,50622736641,2502412,0
50.6278,2,50625302053,2502412,0
50.6329,1,50630416065,2502412,0
50.6355,2,50632964071,2502412,0
50.638,4,50635512077,2502412,0
50.6381,2,50638060083,73000,1
50.6382,1,50638140083,73000,1
50.6382,2,50638140083,73000,1
50.6408,4,50638265083,2502412,0
50.6435,4,50643379095,73000,1
50.6435,1,50643379095,73000,1
50.646,4,50643452095,2502412,0
50.6485,4,50646017507,2502412,0
50.6539,1,50651419525,2502412,0
50.6565,4,50654003531,2502412,0
50.6616,1,50659090543,2502412,0
50.6641,4,50661638549,2502412,0
50.667,4,50664525961,2502412,0
50.6721,1,50669612973,2502412,0
50.6747,1,50672160385,2502412,0
50.6772,4,50674708391,2502412,0
50.6773,2,50677256397,73000,1
50.6799,4,50677381397,2502412,0
50.6824,1,50679929403,2502412,0
50.685,4,50682459409,2502412,0
50.69,1,50687528421,2502412,0
50.6926,1,50690084833,2502412,0
50.698,4,50695520251,2502412,0
50.7006,1,50698059257,2502412,0
50.7034,1,50700922269,2502412,0
50.706,4,50703452275,2502412,0
50.7085,1,50705991281,2502412,0
50.7136,4,50711069293,2502412,0
50.7161,1,50713617299,2502412,0
50.7187,1,50716209711,2502412,0
50.7213,4,50718766717,2502412,0
50.724,4,50723916729,73000,1
50.724,1,50723916729,73000,1
50.7291,1,50726607735,2502412,0
50.7316,1,50729137147,2502412,0
50.7367,2,50734197159,2502412,0
50.7392,4,50736727165,2502412,0
50.7418,4,50739283577,2502412,0
50.7444,1,50741849583,2502412,0
50.7445,2,50744379589,73000,1
50.747,2,50744452589,2502412,0
50.7495,1,50746982595,2502412,0
50.7521,1,50749548007,2502412,0
50.7546,4,50752087013,2502412,0
50.7574,1,50754923025,2502412,0
50.7576,4,50757489031,73000,1
50.7576,2,50757489031,73000,1
50.7601,4,50757562031,2502412,0
50.7626,1,50760137037,2502412,0
50.7628,1,50762738449,73000,1
50.7653,4,50762810043,2502412,0
50.7707,2,50768227461,2502412,0
50.7733,4,50770775467,2502412,0
50.7759,2,50773350473,2502412,0
50.7809,1,50778419485,2502412,0
50.7835,4,50780967491,2502412,0
50.786,2,50783497497,2502412,0
50.7886,1,50786072503,2502412,0
50.7937,1,50791150515,2502412,0
50.7962,2,50793698521,2502412,0
50.7987,4,50796228527,2502412,0
50.7991,4,50799071533,73000,1
50.7991,1,50799071533,73000,1
50.8017,1,50799196533,2502412,0
50.8021,2,50802032545,73000,1
50.8047,1,50802220545,2502412,0
50.8048,4,50804759551,73000,1
50.8073,2,50804839551,2502412,0
50.8125,1,50809962563,2502412,0
50.815,2,50812510569,2502412,0
50.8201,1,50817624581,2502412,0
50.8227,2,50820208587,2502412,0
50.8252,1,50822738593,2502412,0
50.8254,4,50825277599,73000,1
50.8279,2,50825348599,2502412,0
50.8304,1,50827896605,2502412,0
50.8329,2,50830444611,2502412,0
50.8355,1,50832974617,2502412,0
50.838,1,50835522029,2502412,0
50.8431,2,50840591041,2502412,0
50.8456,1,50843139047,2502412,0
50.8482,2,50845678053,2502412,0
50.8507,1,50848235059,2502412,0
50.8533,2,50850765065,2502412,0
50.8537,1,50853637077,73000,1
50.8563,2,50853780077,2502412,0
50.8588,2,50856318489,2502412,0
50.8614,2,50858847901,2502412,0
50.8665,1,50863988913,2502412,0
50.869,2,50866536919,2502412,0
50.8744,1,50871945337,2502412,0
50.877,4,50874502343,2502412,0
50.8771,1,50877059349,73000,1
50.8771,2,50877059349,73000,1
50.8822,4,50879705355,2502412,0
50.8847,4,50882243767,2502412,0
50.8899,1,50887357779,2502412,0
50.8924,1,50889905191,2502412,0
50.8949,4,50892435197,2502412,0
50.8975,4,50894973609,2502412,0
50.9,1,50897512615,2502412,0
50.9057,1,50903191633,2502412,0
50.9082,4,50905739639,2502412,0
50.9108,2,50908278645,2502412,0
50.9109,2,50910808057,73000,1
50.9109,1,50910808651,73000,1
50.916,4,50913490657,2502412,0
50.9186,2,50916056663,2502412,0
50.9211,4,50918586669,2502412,0
50.9236,2,50921125675,2502412,0
50.9262,2,50923673087,2502412,0
50.9287,1,50926203093,2502412,0
50.9338,2,50931263105,2502412,0
50.9364,4,50933856111,2502412,0
50.9365,2,50936395117,73000,1
50.9365,1,50936395117,73000,1
50.9365,4,50936475117,73000,1
50.9365,2,50936475117,73000,1
50.9417,4,50939148123,2502412,0
50.9468,4,50944325135,2502412,0
50.9494,1,50946873141,2502412,0
50.9548,1,50952311159,2502412,0
50.9573,4,50954841165,2502412,0
50.9599,4,50957370577,2502412,0
50.965,1,50962475589,2502412,0
50.9675,2,50965023595,2502412,0
50.9701,4,50967553601,2502412,0
50.9705,4,50970441013,73000,1
50.973,1,50970512013,2502412,0
50.9756,2,50973087019,2502412,0
50.9781,1,50975626025,2502412,0
50.9807,2,50978174031,2502412,0
50.9808,1,50980704037,73000,1
50.9833,4,50980775037,2502412,0
50.9858,4,50983304449,2502412,0
50.9884,4,50985869861,2502412,0
50.9909,2,50988399867,2502412,0
50.991,4,50990938873,73000,1
50.991,1,50990938873,73000,1
50.9911,2,50991045873,73000,1
50.9962,2,50993693879,2502412,0
50.9964,4,50996304885,73000,1
50.9989,2,50996393885,2502412,0
51.0014,2,50998932297,2502412,0
51.0072,2,51004683315,2502412,0
51.0097,2,51007221727,2502412,0
51.0123,2,51009751139,2502412,0
51.0173,4,51014847151,2502412,0
51.0199,2,51017422157,2502412,0
51.0225,4,51019952163,2502412,0
51.025,3,51022491169,2502412,0
51.0251,2,51025030175,73000,1
51.0276,4,51025101175,2502412,0
51.0301,1,51027640181,2502412,0
51.0327,4,51030170187,2502412,0
51.0353,1,51032754193,2502412,0
51.0354,1,51035292605,73000,1
51.0354,4,51035293199,73000,1
51.0354,3,51035293199,73000,1
51.0404,2,51037921205,2502412,0
51.043,1,51040451211,2502412,0
51.0455,1,51042980623,2502412,0
51.048,2,51045510629,2502412,0
51.0505,3,51048040635,2502412,0
51.0531,3,51050570047,2502412,0
51.0559,1,51053424059,2502412,0
51.0585,3,51055981065,2502412,0
51.0586,1,51058511071,73000,1
51.0611,2,51058591071,2502412,0
51.0636,2,51061138483,2502412,0
51.0662,1,51063668489,2502412,0
51.0687,1,51066215901,2502412,0
51.0713,4,51068754907,2502412,0
51.0738,3,51071293913,2502412,0
51.0767,4,51074172325,2502412,0
51.0768,3,51076702331,73000,1
51.0768,2,51076702331,73000,1
51.0793,4,51076773331,2502412,0
51.0818,4,51079302743,2502412,0
51.0869,1,51084371755,2502412,0
51.0895,4,51086991761,2502412,0
51.092,3,51089521767,2502412,0
51.0946,1,51092051773,2502412,0
51.0947,1,51094653185,73000,1
51.0972,2,51094724779,2502412,0
51.0998,4,51097263785,2502412,0
51.1023,3,51099793791,2502412,0
51.1052,2,51102656803,2502412,0
51.1082,3,51108083815,73000,1
51.1082,1,51108083815,73000,1
51.1107,4,51108163815,2502412,0
51.1132,2,51110738821,2502412,0
51.1159,4,51115852833,73000,1
51.1159,3,51115852833,73000,1
51.1184,2,51115923833,2502412,0
51.121,2,51118462245,2502412,0
51.1235,3,51121028251,2502412,0
51.1286,4,51126106263,2502412,0
51.1311,2,51128636269,2502412,0
51.1337,3,51131184275,2502412,0
51.1363,2,51133759281,2502412,0
51.1388,4,51136298287,2502412,0
51.1439,3,51141403299,2502412,0
51.1464,1,51143942305,2502412,0
51.149,2,51146472311,2502412,0
51.1515,4,51149002317,2502412,0
51.1519,2,51151865329,73000,1
51.1519,1,51151865329,73000,1
51.152,3,51151954329,73000,1
51.1545,1,51152043329,2502412,0
51.1571,4,51154582335,2502412,0
51.1596,2,51157121341,2502412,0
51.1622,2,51159659753,2502412,0
51.1623,4,51162216759,73000,1
51.1623,1,51162216759,73000,1
51.1648,1,51162314759,2502412,0
51.1699,2,51167392771,2502412,0
51.1725,1,51169949777,2502412,0
51.175,3,51172479783,2502412,0
51.1779,2,51175394195,2502412,0
51.183,3,51180463207,2502412,0
51.1831,2,51182993213,73000,1
51.1831,1,51182993213,73000,1
51.1856,3,51183064213,2502412,0
51.1881,4,51185594219,2502412,0
51.1907,1,51188169225,2502412,0
51.1932,3,51190708231,2502412,0
51.1983,3,51195786243,2502412,0
51.2008,4,51198343249,2502412,0
51.2034,1,51200873255,2502412,0
51.2062,3,51203736267,2502412,0
51.2091,2,51206579273,2502412,0
51.2116,1,51209109279,2502412,0
51.2117,3,51211675285,73000,1
51.2143,4,51211764285,2502412,0
51.2168,2,51214303291,2502412,0
51.2193,1,51216833297,2502412,0
51.2219,2,51219390303,2502412,0
51.2244,4,51221920309,2502412,0
51.227,4,51224449721,2502412,0
51.2295,1,51226997727,2502412,0
51.2346,2,51232111739,2502412,0
51.2371,3,51234641745,2502412,0
51.2397,4,51237171751,2502412,0
51.2422,3,51239701757,2502412,0
51.2448,1,51242267763,2502412,0
51.2473,4,51244806769,2502412,0
51.2474,3,51247354775,73000,1
51.2474,2,51247354775,73000,1
51.2499,4,51247425775,2502412,0
51.2553,3,51252827793,2502412,0
51.2579,4,51255375799,2502412,0
51.2604,1,51257905805,2502412,0
51.2629,3,51260444811,2502412,0
51.2655,2,51262983817,2502412,0
51.268,4,51265513823,2502412,0
51.2705,3,51268043829,2502412,0
51.2707,4,51270600835,73000,1
51.2707,2,51270600835,73000,1
51.2708,3,51270680835,73000,1
51.2733,1,51270778835,2502412,0
51.2758,1,51273326247,2502412,0
51.2784,2,51275928253,2502412,0
51.2813,2,51278806665,2502412,0
51.2814,1,51281336671,73000,1
51.2839,4,51281416671,2502412,0
51.284,4,51283955083,73000,1
51.284,2,51283955677,73000,1
51.2865,3,51284044677,2502412,0
51.2917,1,51289203689,2502412,0
51.2918,1,51291742101,73000,1
51.2918,3,51291742695,73000,1
51.2969,1,51294424701,2502412,0
51.2995,2,51296954707,2502412,0
51.2996,2,51299484119,73000,1
51.2996,4,51299484713,73000,1
51.305,1,51302463725,2502412,0
51.3051,2,51304993731,73000,1
51.3051,3,51304993731,73000,1
51.3102,4,51307702737,2502412,0
51.313,1,51310545743,2502412,0
51.3182,4,51315677755,2502412,0
51.3207,3,51318225761,2502412,0
51.3233,1,51320764767,2502412,0
51.3284,4,51325851779,2502412,0
51.3309,1,51328399785,2502412,0
51.3334,3,51330938791,2502412,0
51.336,3,51333468203,2502412,0
51.3411,2,51338573215,2502412,0
51.3436,3,51341103221,2502412,0
51.3461,4,51343642227,2502412,0
51.3487,1,51346181233,2502412,0
51.3512,2,51348711239,2502412,0
51.3513,2,51351258651,73000,1
51.3513,3,51351259245,73000,1
51.3514,2,51351348245,73000,1
51.3542,1,51351734251,2502412,0
51.3543,4,51354264257,73000,1
51.3543,3,51354264257,73000,1
51.3569,3,51354371257,2502412,0
51.3594,3,51356900669,2502412,0
51.362,1,51359457675,2502412,0
51.3645,3,51361996681,2502412,0
51.3696,1,51367101693,2502412,0
51.3722,3,51369658699,2502412,0
51.3747,4,51372224705,2502412,0
51.3773,3,51374781711,2502412,0
51.3827,1,51380163723,2502412,0
51.3852,1,51382693135,2502412,0
51.3853,3,51385232141,73000,1
51.3853,4,51385232141,73000,1
51.3879,1,51385375141,2502412,0
51.3929,2,51390435153,2502412,0
51.3955,3,51392965159,2502412,0
51.398,3,51395521571,2502412,0
51.4006,3,51398059983,2502412,0
51.4007,1,51400589989,73000,1
51.406,2,51403542001,2502412,0
51.4086,3,51406099007,2502412,0
51.4111,4,51408629013,2502412,0
51.414,2,51411481019,2502412,0
51.4165,4,51414020025,2502412,0
51.4192,2,51419143037,73000,1
51.4192,3,51419143037,73000,1
51.4217,1,51419241037,2502412,0
51.4243,4,51421771043,2502412,0
51.4244,4,51424300455,73000,1
51.4244,1,51424301049,73000,1
51.4245,4,51424444049,73000,1
51.427,1,51424524049,2502412,0
51.4272,1,51427116461,73000,1
51.4272,2,51427117055,73000,1
51.4323,3,51429763061,2502412,0
51.4348,3,51432292473,2502412,0
51.4399,3,51437424485,2502412,0
51.4425,3,51439989897,2502412,0
51.4426,1,51442528903,73000,1
51.4426,2,51442528903,73000,1
51.4477,3,51445165909,2502412,0
51.4503,3,51447767321,2502412,0
51.4556,4,51453142339,2502412,0
51.4582,3,51455690345,2502412,0
51.4607,4,51458238351,2502412,0
51.4633,3,51460786357,2502412,0
51.4684,4,51465873369,2502412,0
51.4709,3,51468412375,2502412,0
51.4735,1,51470987381,2502412,0
51.476,4,51473544387,2502412,0
51.4811,4,51478604399,2502412,0
51.4836,3,51481143405,2502412,0
51.4865,4,51483994817,2502412,0
51.4891,1,51486560823,2502412,0
51.4916,3,51489108829,2502412,0
51.4967,4,51494204841,2502412,0
51.4993,1,51496761847,2502412,0
51.5018,3,51499336853,2502412,0
51.5023,4,51502181865,73000,1
51.5048,2,51502252865,2502412,0
51.5073,1,51504782871,2502412,0
51.5074,2,51507312877,73000,1
51.5074,4,51507312877,73000,1
51.5099,1,51507383877,2502412,0
51.5124,3,51509922883,2502412,0
51.5126,1,51512524889,73000,1
51.5151,1,51512597889,2502412,0
51.518,2,51515467895,2502412,0
51.5205,2,51517997307,2502412,0
51.523,3,51520527313,2502412,0
51.5232,3,51523083725,73000,1
51.5232,1,51523084319,73000,1
51.5257,4,51523173319,2502412,0
51.5282,2,51525703325,2502412,0
51.5333,2,51530763337,2502412,0
51.5358,4,51533338343,2502412,0
51.5384,2,51535904349,2502412,0
51.541,4,51538461355,2502412,0
51.546,1,51543539367,2502412,0
51.5462,4,51546087373,73000,1
51.5462,3,51546087373,73000,1
51.5463,1,51546194373,73000,1
51.5463,2,51546194373,73000,1
51.5464,3,51546310373,73000,1
51.5489,2,51546408373,2502412,0
51.5515,2,51548991785,2502412,0
51.5516,2,51551530197,73000,1
51.5516,1,51551530791,73000,1
51.5544,4,51551925797,2502412,0
51.557,4,51554518209,2502412,0
51.5621,4,51559623221,2502412,0
51.5647,2,51562180227,2502412,0
51.5698,3,51567294239,2502412,0
51.5723,4,51569824245,2502412,0
51.5749,3,51572354251,2502412,0
51.575,3,51574910663,73000,1
51.5775,2,51574991257,2502412,0
51.5777,3,51577593263,73000,1
51.5777,4,51577593263,73000,1
51.5777,2,51577673263,73000,1
51.5803,1,51577834263,2502412,0
51.5859,1,51585853687,73000,1
51.5859,2,51585853687,73000,1
51.5884,4,51585942687,2502412,0
51.5935,3,51591029699,2502412,0
51.5961,4,51593577705,2502412,0
51.6012,4,51598682717,2502412,0
51.604,2,51601536729,2502412,0
51.6066,1,51604066735,2502412,0
51.6091,3,51606596741,2502412,0
51.6092,4,51609162747,73000,1
51.6117,1,51609233747,2502412,0
51.6118,3,51611772753,73000,1
51.6118,2,51611772753,73000,1
51.6143,3,51611845753,2502412,0
51.6169,2,51614402759,2502412,0
51.6197,3,51617245765,2502412,0
51.6249,1,51622359777,2502412,0
51.625,1,51624916189,73000,1
51.625,2,51624916783,73000,1
51.6275,3,51624996783,2502412,0
51.6276,3,51627571195,73000,1
51.6276,4,51627571789,73000,1
51.6327,4,51630199795,2502412,0
51.6353,4,51632810207,2502412,0
51.6404,1,51637888219,2502412,0
51.6429,1,51640417631,2502412,0
51.6455,2,51642974637,2502412,0
51.648,3,51645531643,2502412,0
51.6481,4,51648070649,73000,1
51.6506,3,51648141649,2502412,0
51.6535,1,51651013661,2502412,0
51.656,2,51653543667,2502412,0
51.6586,3,51656073673,2502412,0
51.6611,2,51658630679,2502412,0
51.6662,1,51663717691,2502412,0
51.6663,2,51666256697,73000,1
51.6663,3,51666256697,73000,1
51.6688,4,51666327697,2502412,0
51.6714,3,51668857703,2502412,0
51.6739,3,51671405115,2502412,0
51.6764,1,51673944121,2502412,0
51.679,4,51676483127,2502412,0
51.6815,3,51679022133,2502412,0
51.6866,3,51684100145,2502412,0
51.6892,1,51686675151,2502412,0
51.692,3,51689526563,2502412,0
51.6946,4,51692065569,2502412,0
51.6971,1,51694595575,2502412,0
51.6996,1,51697124987,2502412,0
51.7022,3,51699654993,2502412,0
51.7023,4,51702202999,73000,1
51.7023,2,51702202999,73000,1
51.7048,3,51702291999,2502412,0
51.7102,1,51707703017,2502412,0
51.7128,3,51710269023,2502412,0
51.7153,4,51712799029,2502412,0
51.7179,3,51715356035,2502412,0
51.7204,4,51717904041,2502412,0
51.7232,1,51720747047,2502412,0
51.7284,3,51725897059,2502412,0
51.7309,1,51728427065,2502412,0
51.7335,4,51730957071,2502412,0
51.736,2,51733487077,2502412,0
51.7361,4,51736062083,73000,1
51.7386,1,51736142083,2502412,0
51.7412,1,51738680495,2502412,0
51.7413,2,51741219501,73000,1
51.7413,3,51741219501,73000,1
51.7438,1,51741344501,2502412,0
51.7489,1,51746422513,2502412,0
51.7515,3,51748952519,2502412,0
51.7543,1,51751842531,2502412,0
51.7545,3,51754399537,73000,1
51.7545,4,51754399537,73000,1
51.7595,1,51757045543,2502412,0
51.7596,1,51759574955,73000,1
51.7596,2,51759575549,73000,1
51.7648,3,51762338555,2502412,0
51.77,1,51767470567,2502412,0
51.7751,3,51772566579,2502412,0
51.7776,4,51775123585,2502412,0
51.7827,1,51780192597,2502412,0
51.7853,3,51782749603,2502412,0
51.7904,4,51787854615,2502412,0
51.7932,2,51790724027,2502412,0
51.7958,1,51793254033,2502412,0
51.7983,2,51795784039,2502412,0
51.8008,2,51798313451,2502412,0
51.8009,3,51800843457,73000,1
51.8034,1,51800914457,2502412,0
51.8035,2,51803453463,73000,1
51.8064,4,51803866469,2502412,0
51.8089,1,51806414475,2502412,0
51.809,4,51808971481,73000,1
51.809,3,51808971481,73000,1
51.8092,1,51809078481,73000,1
51.8092,4,51809078481,73000,1
51.8118,2,51811688487,73000,1
51.8118,1,51811688487,73000,1
51.8143,1,51811761487,2502412,0
51.8168,1,51814290899,2502412,0
51.8193,4,51816829905,2502412,0
51.8219,4,51819413317,2502412,0
51.8248,1,51822265323,2502412,0
51.8298,4,51827334335,2502412,0
51.8324,1,51829945341,2502412,0
51.835,4,51832484347,2502412,0
51.8351,1,51835050353,73000,1
51.8376,3,51835130353,2502412,0
51.8378,4,51837687359,73000,1
51.8378,2,51837687359,73000,1
51.8429,3,51840351365,2502412,0
51.8454,2,51842935371,2502412,0
51.8505,3,51848022383,2502412,0
51.8509,1,51850867395,73000,1
51.8509,4,51850867395,73000,1
51.8534,2,51850947395,2502412,0
51.856,2,51853512807,2502412,0
51.8561,3,51856042813,73000,1
51.8587,2,51856167813,2502412,0
51.8613,2,51858751225,2502412,0
51.8664,2,51863874237,2502412,0
51.8665,2,51866430649,73000,1
51.869,3,51866511243,2502412,0
51.8716,3,51869076655,2502412,0
51.8767,3,51874154667,2502412,0
51.8793,3,51876765079,2502412,0
51.8843,4,51881843091,2502412,0
51.8869,1,51884391097,2502412,0
51.887,4,51886921103,73000,1
51.887,2,51886921103,73000,1
51.8921,3,51889567109,2502412,0
51.8949,1,51892418521,2502412,0
51.895,3,51894966527,73000,1
51.895,4,51894966527,73000,1
51.8976,1,51895073527,2502412,0
51.903,1,51900475545,2502412,0
51.9055,1,51903022957,2502412,0
51.9081,1,51905561369,2502412,0
51.9106,2,51908091375,2502412,0
51.9131,3,51910621381,2502412,0
51.9132,1,51913169387,73000,1
51.9158,2,51913276387,2502412,0
51.9183,3,51915815393,2502412,0
51.9208,3,51918344805,2502412,0
51.9234,3,51920874217,2502412,0
51.9262,3,51923726223,2502412,0
51.9288,2,51926265229,2502412,0
51.9339,3,51931388241,2502412,0
51.934,4,51933936247,73000,1
51.934,1,51933936247,73000,1
51.9365,2,51934034247,2502412,0
51.9391,2,51936599659,2502412,0
51.9392,2,51939138071,73000,1
51.9392,3,51939138665,73000,1
51.9394,1,51939335665,73000,1
51.9419,2,51939415665,2502412,0
51.9445,2,51941963077,2502412,0
51.9496,2,51947095089,2502412,0
51.9521,3,51949625095,2502412,0
51.9576,2,51955063113,2502412,0
51.9601,3,51957593119,2502412,0
51.9652,1,51962698131,2502412,0
51.9678,3,51965255137,2502412,0
51.9703,2,51967812143,2502412,0
51.9728,1,51970342149,2502412,0
51.9779,2,51975429161,2502412,0
51.9781,2,51977994573,73000,1
51.9781,3,51977995167,73000,1
51.9806,1,51978111167,2502412,0
51.9857,1,51983189179,2502412,0
51.9883,2,51985791185,2502412,0
51.9884,3,51988321191,73000,1
51.9909,2,51988410191,2502412,0
51.9935,1,51990949197,2502412,0
51.996,1,51993514609,2502412,0
51.9964,2,51996366021,73000,1
51.999,1,51996518021,2502412,0
51.9991,1,51999065433,73000,1
51.9992,2,51999137027,73000,1
51.9992,4,51999137027,73000,1
51.9993,1,51999217027,73000,1
52.0047,2,52002196039,2502412,0
52.0048,3,52004744045,73000,1
52.0073,3,52004833045,2502412,0
52.0099,2,52007417051,2502412,0
52.015,3,52012540063,2502412,0
52.0152,2,52015106069,73000,1
52.0178,3,52015249069,2502412,0
52.0228,2,52020309081,2502412,0
52.0253,3,52022839087,2502412,0
52.0279,1,52025369093,2502412,0
52.0309,1,52030805105,73000,1
52.0309,2,52030805105,73000,1
52.0334,3,52030885105,2502412,0
52.036,3,52033450517,2502412,0
52.0411,3,52038555529,2502412,0
52.0436,3,52041111941,2502412,0
52.0462,3,52043668353,2502412,0
52.0463,2,52046207359,73000,1
52.0488,3,52046323359,2502412,0
52.0514,1,52048853365,2502412,0
52.0542,1,52051698377,2502412,0
52.0593,3,52056830389,2502412,0
52.0595,1,52059405395,73000,1
52.0595,4,52059405395,73000,1
52.0595,2,52059405395,73000,1
52.0621,3,52062060401,73000,1
52.0621,1,52062060401,73000,1
52.0672,1,52064715407,2502412,0
52.0723,3,52069838419,2502412,0
52.0749,1,52072368425,2502412,0
52.08,3,52077518437,2502412,0
52.0826,3,52080056849,2502412,0
52.0851,1,52082595855,2502412,0
52.0902,1,52087673867,2502412,0
52.0927,3,52090203873,2502412,0
52.0952,3,52092733285,2502412,0
52.0978,1,52095263291,2502412,0
52.1006,3,52098141703,2502412,0
52.1032,1,52100680709,2502412,0
52.1086,3,52106118727,2502412,0
52.1112,1,52108693733,2502412,0
52.1113,1,52111250145,73000,1
52.1139,3,52111348739,2502412,0
52.1164,2,52113923745,2502412,0
52.1215,3,52119010757,2502412,0
52.1241,2,52121576763,2502412,0
52.1292,3,52126672775,2502412,0
52.1296,2,52129551781,73000,1
52.1296,1,52129551781,73000,1
52.1321,3,52129622781,2502412,0
52.1347,3,52132170193,2502412,0
52.1398,3,52137266205,2502412,0
52.1424,3,52139858617,2502412,0
52.1474,3,52144927629,2502412,0
52.15,2,52147493635,2502412,0
52.1528,3,52150329647,2502412,0
52.1579,1,52155425659,2502412,0
52.158,3,52157964665,73000,1
52.158,2,52157964665,73000,1
52.1607,3,52160673671,73000,1
52.1607,1,52160673671,73000,1
52.1659,2,52163400677,2502412,0
52.1736,2,52171089101,2502412,0
52.1761,1,52173619107,2502412,0
52.1787,2,52176185113,2502412,0
52.1788,1,52178715119,73000,1
52.1789,2,52178840119,73000,1
52.1789,1,52178840119,73000,1
52.1814,3,52178920119,2502412,0
52.1866,3,52184079131,2502412,0
52.1917,3,52189175143,2502412,0
52.1968,2,52194298155,2502412,0
52.1993,3,52196837161,2502412,0
52.2022,1,52199688573,2502412,0
52.2023,2,52202218579,73000,1
52.2076,3,52205143591,2502412,0
52.2102,1,52207691597,2502412,0
52.2128,1,52210293009,2502412,0
52.2154,1,52215371021,73000,1
52.2154,3,52215371021,73000,1
52.218,1,52215487021,2502412,0
52.2205,1,52218034433,2502412,0
52.2256,2,52223103445,2502412,0
52.2282,1,52225651451,2502412,0
52.2336,2,52231095869,2502412,0
52.2361,3,52233625875,2502412,0
52.2387,1,52236182881,2502412,0
52.2412,3,52238739887,2502412,0
52.2463,3,52243826899,2502412,0
52.2489,2,52246365905,2502412,0
52.2514,1,52248922911,2502412,0
52.2543,3,52251785923,2502412,0
52.2594,2,52256881935,2502412,0
52.2619,1,52259411941,2502412,0
52.2645,1,52261950353,2502412,0
52.267,2,52264507359,2502412,0
52.2695,3,52267037365,2502412,0
52.2747,2,52272160377,2502412,0
52.2772,2,52274689789,2502412,0
52.2797,1,52277219795,2502412,0
52.2823,2,52279758801,2502412,0
52.2848,3,52282306807,2502412,0
52.2873,2,52284836813,2502412,0
52.2899,1,52287366819,2502412,0
52.2949,2,52292435831,2502412,0
52.2975,1,52295001837,2502412,0
52.3001,4,52297549843,2502412,0
52.3002,3,52300097849,73000,1
52.3027,2,52300177849,2502412,0
52.3034,2,52303335267,73000,1
52.3034,4,52303335267,73000,1
52.3034,1,52303335267,73000,1
52.3085,2,52305963273,2502412,0
52.3086,4,52308538279,73000,1
52.3086,3,52308538279,73000,1
52.3111,2,52308627279,2502412,0
52.3137,2,52311156691,2502412,0
52.3188,2,52316297703,2502412,0
52.3189,1,52318845709,73000,1
52.3189,4,52318845709,73000,1
52.3215,3,52318961709,2502412,0
52.3216,2,52321500715,73000,1
52.3241,2,52321598715,2502412,0
52.3267,3,52324173721,2502412,0
52.3292,2,52326703727,2502412,0
52.3343,2,52331844739,2502412,0
52.3372,3,52334687745,2502412,0
52.3397,2,52337226751,2502412,0
52.3448,1,52342304763,2502412,0
52.3474,3,52344888769,2502412,0
52.3499,1,52347427775,2502412,0
52.35,2,52349957781,73000,1
52.3528,3,52350343787,2502412,0
52.3554,1,52352891793,2502412,0
52.3579,1,52355430205,2502412,0
52.3605,3,52357969211,2502412,0
52.3606,3,52360498623,73000,1
52.3606,2,52360499217,73000,1
52.3631,1,52360570217,2502412,0
52.3683,1,52365756229,2502412,0
52.3708,1,52368294641,2502412,0
52.376,3,52373453653,2502412,0
52.381,1,52378513665,2502412,0
52.3835,4,52381043671,2502412,0
52.3861,1,52383573677,2502412,0
52.3886,2,52386121683,2502412,0
52.3912,1,52388651689,2502412,0
52.3937,1,52391181101,2502412,0
52.3988,3,52396277113,2502412,0
52.3989,2,52398825119,73000,1
52.3989,4,52398825119,73000,1
52.399,1,52398896119,73000,1
52.399,2,52398898119,73000,1
52.4015,3,52398987119,2502412,0
52.4016,2,52401526125,73000,1
52.4017,1,52401597125,73000,1
52.4042,3,52401670125,2502412,0
52.407,2,52404521537,2502412,0
52.41,4,52407473549,2502412,0
52.4125,3,52410003555,2502412,0
52.4127,4,52412578561,73000,1
52.4127,2,52412578561,73000,1
52.4152,3,52412649561,2502412,0
52.4177,1,52415179567,2502412,0
52.4202,4,52417709573,2502412,0
52.4228,3,52420248579,2502412,0
52.4278,1,52425335591,2502412,0
52.4304,3,52427883597,2502412,0
52.4329,4,52430422603,2502412,0
52.4331,3,52432988609,73000,1
52.4331,1,52432988609,73000,1
52.4356,4,52433068609,2502412,0
52.441,2,52438504621,2502412,0
52.4436,3,52441079627,2502412,0
52.4437,4,52443609633,73000,1
52.4437,1,52443609633,73000,1
52.4438,2,52443734633,73000,1
52.4463,3,52443823633,2502412,0
52.4489,3,52446371045,2502412,0
52.4516,4,52451503057,73000,1
52.4544,3,52451916063,2502412,0
52.4569,2,52454446069,2502412,0
52.462,1,52459533081,2502412,0
52.4646,2,52462090087,2502412,0
52.4671,3,52464620093,2502412,0
52.4697,2,52467186099,2502412,0
52.4722,1,52469725105,2502412,0
52.4773,3,52474785117,2502412,0
52.4798,1,52477324123,2502412,0
52.4824,3,52479863129,2502412,0
52.4849,2,52482402135,2502412,0
52.4874,4,52484932141,2502412,0
52.49,2,52487498147,2502412,0
52.4925,1,52490028153,2502412,0
52.4926,2,52492567159,73000,1
52.4927,1,52492647159,73000,1
52.4927,3,52492647159,73000,1
52.4952,3,52492720159,2502412,0
52.4978,4,52495259165,2502412,0
52.498,3,52497897171,73000,1
52.498,1,52497897171,73000,1
52.5006,4,52500507177,73000,1
52.5035,2,52500958183,2502412,0
52.5089,2,52506412195,2502412,0
52.5115,3,52508951201,2502412,0
52.5166,4,52514056213,2502412,0
52.5191,2,52516613219,2502412,0
52.5216,3,52519143225,2502412,0
52.5268,4,52524248237,2502412,0
52.5269,3,52526805243,73000,1
52.5269,2,52526805243,73000,1
52.532,1,52529451249,2502412,0
52.5345,4,52531990255,2502412,0
52.537,3,52534520261,2502412,0
52.5396,3,52537076673,2502412,0
52.5424,1,52539919679,2502412,0
52.5475,4,52545006691,2502412,0
52.5477,1,52547617697,73000,1
52.5477,3,52547617697,73000,1
52.5502,2,52547697697,2502412,0
52.5506,4,52550542709,73000,1
52.5507,2,52550622709,73000,1
52.5507,4,52550622709,73000,1
52.5508,3,52550729709,73000,1
52.5508,4,52550729709,73000,1
52.5533,4,52550836709,2502412,0
52.5584,1,52555905721,2502412,0
52.561,4,52558507727,2502412,0
52.5611,1,52561046733,73000,1
52.5636,2,52561135733,2502412,0
52.5662,3,52563683739,2502412,0
52.5687,2,52566231745,2502412,0
52.5713,4,52568770751,2502412,0
52.5714,2,52571300757,73000,1
52.5739,4,52571398757,2502412,0
52.5764,1,52573928763,2502412,0
52.579,2,52576458769,2502412,0
52.5815,3,52578997775,2502412,0
52.5816,3,52581563187,73000,1
52.5816,2,52581563781,73000,1
52.5816,1,52581563781,73000,1
52.5867,4,52584191787,2502412,0
52.5868,4,52586730199,73000,1
52.5868,1,52586730793,73000,1
52.5893,2,52586819793,2502412,0
52.5919,2,52589358205,2502412,0
52.5944,3,52591888211,2502412,0
52.5995,4,52597011223,2502412,0
52.602,3,52599541229,2502412,0
52.6049,2,52602377241,2502412,0
52.605,2,52604933653,73000,1
52.605,4,52604934247,73000,1
52.6101,3,52607580253,2502412,0
52.613,3,52610521665,2502412,0
52.6181,2,52615590677,2502412,0
52.6207,4,52618156683,2502412,0
52.6232,4,52620704095,2502412,0
52.6283,3,52625791107,2502412,0
52.6308,2,52628321113,2502412,0
52.6334,1,52630887119,2502412,0
52.6335,3,52633453125,73000,1
52.6335,4,52633453125,73000,1
52.636,1,52633533125,2502412,0
52.6386,2,52636081131,2502412,0
52.6387,2,52638619543,73000,1
52.6387,4,52638620137,73000,1
52.6412,1,52638691137,2502412,0
52.6466,1,52644136149,2502412,0
52.6492,3,52646711155,2502412,0
52.6517,2,52649241161,2502412,0
52.6543,2,52651779573,2502412,0
52.6547,2,52654615585,73000,1
52.6548,3,52654731585,73000,1
52.6548,1,52654731585,73000,1
52.6573,2,52654820585,2502412,0
52.6599,2,52657349997,2502412,0
52.665,2,52662464009,2502412,0
52.6675,1,52665012015,2502412,0
52.6701,4,52667551021,2502412,0
52.6726,2,52670099027,2502412,0
52.6777,3,52675168039,2502412,0
52.6802,1,52677716045,2502412,0
52.6828,1,52680281457,2502412,0
52.6853,4,52682820463,2502412,0
52.6879,3,52685350469,2502412,0
52.6904,2,52687880475,2502412,0
52.6955,2,52692949487,2502412,0
52.698,1,52695479493,2502412,0
52.7005,1,52698017905,2502412,0
52.7034,3,52700862917,2502412,0
52.7035,2,52703392923,73000,1
52.7035,4,52703392923,73000,1
52.706,1,52703499923,2502412,0
52.7111,2,52708604935,2502412,0
52.7115,1,52711447347,73000,1
52.7115,3,52711447347,73000,1
52.7141,1,52711608347,2502412,0
52.7166,1,52714137759,2502412,0
52.7192,2,52716676765,2502412,0
52.7242,4,52721745777,2502412,0
52.7268,4,52724320189,2502412,0
52.7269,1,52726850195,73000,1
52.7269,3,52726850195,73000,1
52.7294,2,52726921195,2502412,0
52.7321,2,52732035207,73000,1
52.7321,4,52732035207,73000,1
52.7347,2,52732178207,2502412,0
52.7372,1,52734717213,2502412,0
52.7399,2,52739795225,73000,1
52.7399,3,52739795225,73000,1
52.7424,3,52739868225,2502412,0
52.7452,4,52742729231,2502412,0
52.7478,1,52745259237,2502412,0
52.7503,2,52747807243,2502412,0
52.7507,1,52750652255,73000,1
52.7507,3,52750652255,73000,1
52.7558,2,52753262261,2502412,0
52.7583,4,52755792267,2502412,0
52.7609,4,52758348679,2502412,0
52.7634,2,52760905685,2502412,0
52.7685,4,52766028697,2502412,0
52.7711,3,52768585703,2502412,0
52.7712,3,52771133115,73000,1
52.7712,4,52771133709,73000,1
52.7712,2,52771133709,73000,1
52.7737,1,52771213709,2502412,0
52.7788,1,52776318721,2502412,0
52.7814,3,52778866727,2502412,0
52.7839,4,52781396733,2502412,0
52.784,4,52783962145,73000,1
52.784,3,52783962739,73000,1
52.7865,1,52784042739,2502412,0
52.7892,1,52789147751,73000,1
52.7892,2,52789147751,73000,1
52.7917,2,52789236751,2502412,0
52.7943,4,52791766757,2502412,0
52.797,2,52796880769,73000,1
52.797,1,52796880769,73000,1
52.7995,4,52796951769,2502412,0
52.802,4,52799517181,2502412,0
52.8049,3,52802362193,2502412,0
52.81,4,52807449205,2502412,0
52.8125,3,52809997211,2502412,0
52.815,4,52812527217,2502412,0
52.8179,3,52815387629,2502412,0
52.8204,2,52817935635,2502412,0
52.823,4,52820474641,2502412,0
52.8231,4,52823013053,73000,1
52.8256,1,52823102647,2502412,0
52.8281,3,52825632653,2502412,0
52.8307,4,52828162659,2502412,0
52.8308,4,52830710071,73000,1
52.8308,1,52830710665,73000,1
52.8333,2,52830790665,2502412,0
52.8358,3,52833329671,2502412,0
52.8384,3,52835895083,2502412,0
52.8435,2,52841000095,2502412,0
52.8461,4,52843548101,2502412,0
52.8465,2,52846400107,73000,1
52.8465,3,52846400107,73000,1
52.849,4,52846480107,2502412,0
52.8517,1,52851585119,73000,1
52.8518,2,52851683119,73000,1
52.8518,4,52851772119,73000,1
52.8518,3,52851772119,73000,1
52.8519,3,52851861119,73000,1
52.8544,1,52851941119,2502412,0
52.8574,1,52854913131,2502412,0
52.86,1,52857460543,2502412,0
52.8625,1,52859998955,2502412,0
52.865,1,52862546367,2502412,0
52.8701,2,52867633379,2502412,0
52.8727,1,52870163385,2502412,0
52.8752,4,52872720391,2502412,0
52.8778,2,52875268397,2502412,0
52.8805,2,52880382409,73000,1
52.8805,1,52880382409,73000,1
52.8805,4,52880471409,73000,1
52.8805,2,52880471409,73000,1
52.8856,2,52883135415,2502412,0
52.8882,2,52885664827,2502412,0
52.8907,3,52888194833,2502412,0
52.8933,4,52890751839,2502412,0
52.8984,1,52895856851,2502412,0
52.9009,2,52898395857,2502412,0
52.9034,2,52900925269,2502412,0
52.9063,3,52903761281,2502412,0
52.9088,4,52906291287,2502412,0
52.9114,1,52908866293,2502412,0
52.9139,2,52911396299,2502412,0
52.9193,3,52916778311,2502412,0
52.9218,3,52919307723,2502412,0
52.9219,3,52921837135,73000,1
52.9219,4,52921837729,73000,1
52.9244,2,52921908729,2502412,0
52.9269,4,52924438735,2502412,0
52.9295,1,52926986741,2502412,0
52.932,2,52929543747,2502412,0
52.9346,2,52932082159,2502412,0
52.9347,1,52934639165,73000,1
52.9348,2,52934710165,73000,1
52.9348,4,52934710165,73000,1
52.9373,1,52934781165,2502412,0
52.9398,2,52937311171,2502412,0
52.9424,3,52939850177,2502412,0
52.9449,3,52942379589,2502412,0
52.9474,1,52944909595,2502412,0
52.9503,4,52947752601,2502412,0
52.9531,3,52950606613,2502412,0
52.9557,2,52953190619,2502412,0
52.9582,1,52955729625,2502412,0
52.9583,4,52958259631,73000,1
52.9609,4,52958357631,2502412,0
52.9634,3,52960887637,2502412,0
52.9659,3,52963444049,2502412,0
52.9685,1,52965983055,2502412,0
52.9686,4,52968513061,73000,1
52.9686,2,52968513061,73000,1
52.9711,3,52968611061,2502412,0
52.9737,2,52971195067,2502412,0
52.9788,1,52976255079,2502412,0
52.9813,3,52978785085,2502412,0
52.9814,3,52981332497,73000,1
52.9814,1,52981333091,73000,1
52.9839,4,52981404091,2502412,0
52.984,4,52983933503,73000,1
52.984,2,52983934097,73000,1
52.9866,3,52984050097,2502412,0
52.9891,3,52986606509,2502412,0
52.9916,4,52989136515,2502412,0
52.9967,3,52994196527,2502412,0
52.9969,4,52996780533,73000,1
52.9969,1,52996780533,73000,1
52.9994,2,52996869533,2502412,0
53.0019,2,52999407945,2502412,0
53.0023,3,53002261957,73000,1
53.0023,1,53002261957,73000,1
53.0048,4,53002332957,2502412,0
53.005,2,53004889963,73000,1
53.0075,4,53005005963,2502412,0
53.0101,3,53007589969,2502412,0
53.0126,3,53010146381,2502412,0
53.0128,3,53012684793,73000,1
53.0128,4,53012685387,73000,1
53.0153,3,53012774387,2502412,0
53.0178,1,53015322393,2502412,0
53.0179,3,53017870399,73000,1
53.0179,2,53017870399,73000,1
53.0233,3,53020820405,2502412,0
53.0259,4,53023377411,2502412,0
53.0284,1,53025907417,2502412,0
53.0309,3,53028437423,2502412,0
53.0361,3,53033569435,2502412,0
53.0362,1,53036108441,73000,1
53.0362,4,53036108441,73000,1
53.0387,1,53036206441,2502412,0
53.0412,4,53038736447,2502412,0
53.0438,1,53041275453,2502412,0
53.0489,3,53046353465,2502412,0
53.0514,3,53048900877,2502412,0
53.0546,4,53052058889,2502412,0
53.0571,4,53054606301,2502412,0
53.0572,3,53057163307,73000,1
53.0572,1,53057163307,73000,1
53.0623,3,53059773313,2502412,0
53.0648,2,53062312319,2502412,0
53.0673,3,53064842325,2502412,0
53.0699,4,53067372331,2502412,0
53.0724,2,53069920337,2502412,0
53.075,3,53072468343,2502412,0
53.0751,3,53074997755,73000,1
53.0751,1,53074998349,73000,1
53.0776,1,53075078349,2502412,0
53.0777,2,53077608355,73000,1
53.0802,4,53077679355,2502412,0
53.0827,4,53080244767,2502412,0
53.0829,4,53082792179,73000,1
53.0829,1,53082792773,73000,1
53.0854,4,53082872773,2502412,0
53.0855,3,53085456779,73000,1
53.0855,2,53085456779,73000,1
53.088,4,53085527779,2502412,0
53.0906,1,53088057785,2502412,0
53.0956,4,53093135797,2502412,0
53.0982,4,53095683209,2502412,0
53.1008,4,53098257621,2502412,0
53.1036,1,53101093633,2502412,0
53.1087,1,53106225645,2502412,0
53.1113,4,53108791651,2502412,0
53.1114,1,53111321657,73000,1
53.1114,3,53111321657,73000,1
53.1165,2,53113958663,2502412,0
53.1191,4,53116560669,2502412,0
53.1192,4,53119090081,73000,1
53.1192,2,53119090675,73000,1
53.1192,1,53119170675,73000,1
53.1223,2,53122264681,73000,1
53.1248,1,53122344681,2502412,0
53.1249,1,53124874093,73000,1
53.1249,4,53124874687,73000,1
53.1276,1,53127565693,73000,1
53.1276,4,53127565693,73000,1
53.1327,2,53130220699,2502412,0
53.1353,2,53132777111,2502412,0
53.1404,2,53137900123,2502412,0
53.1456,2,53143068135,2502412,0
53.1507,3,53148191147,2502412,0
53.1532,2,53150730153,2502412,0
53.1589,4,53156436171,2502412,0
53.1615,4,53158965583,2502412,0
53.164,4,53161512995,2502412,0
53.1641,3,53164043001,73000,1
53.1641,1,53164043001,73000,1
53.1666,4,53164132001,2502412,0
53.1667,2,53166662007,73000,1
53.1693,4,53166823007,2502412,0
53.1719,3,53169353013,2502412,0
53.172,3,53171909425,73000,1
53.1745,2,53171999019,2502412,0
53.177,4,53174529025,2502412,0
53.1796,1,53177095031,2502412,0
53.1821,3,53179634037,2502412,0
53.1872,2,53184730049,2502412,0
53.1873,1,53187269055,73000,1
53.1873,4,53187269055,73000,1
53.1875,1,53187385055,73000,1
53.1875,4,53187385055,73000,1
53.1875,3,53187465055,73000,1
53.19,4,53187545055,2502412,0
53.1926,2,53190084061,2502412,0
53.1951,3,53192614067,2502412,0
53.1952,3,53195170479,73000,1
53.1952,2,53195171073,73000,1
53.1978,4,53195260073,2502412,0
53.2031,4,53200635091,2502412,0
53.2057,4,53203200503,2502412,0
53.2083,3,53205766509,2502412,0
53.2108,4,53208305515,2502412,0
53.2133,4,53210834927,2502412,0
53.2184,3,53215930939,2502412,0
53.221,2,53218460945,2502412,0
53.2211,3,53221035951,73000,1
53.2211,4,53221035951,73000,1
53.2212,3,53221133951,73000,1
53.2237,2,53221231951,2502412,0
53.2242,1,53224146363,73000,1
53.2267,2,53224217363,2502412,0
53.2293,2,53226773775,2502412,0
53.2318,3,53229312781,2502412,0
53.2369,4,53234399793,2502412,0
53.2394,2,53236929799,2502412,0
53.242,2,53239459211,2502412,0
53.2445,3,53241989217,2502412,0
53.2447,3,53244581629,73000,1
53.2472,4,53244662223,2502412,0
53.2497,2,53247192229,2502412,0
53.2522,2,53249730641,2502412,0
53.2551,3,53252602653,2502412,0
53.2556,4,53255481659,73000,1
53.2581,2,53255552659,2502412,0
53.2606,3,53258127665,2502412,0
53.2632,2,53260711671,2502412,0
53.2683,3,53265780683,2502412,0
53.2708,2,53268328689,2502412,0
53.2734,2,53270858101,2502412,0
53.2759,4,53273406107,2502412,0
53.281,3,53278529119,2502412,0
53.2836,2,53281059125,2502412,0
53.2861,4,53283589131,2502412,0
53.2912,4,53288730143,2502412,0
53.2938,2,53291269149,2502412,0
53.2963,3,53293799155,2502412,0
53.2988,4,53296338161,2502412,0
53.3014,3,53298886167,2502412,0
53.3018,2,53301740179,73000,1
53.3043,1,53301811179,2502412,0
53.3069,3,53304377185,2502412,0
53.3094,1,53306907191,2502412,0
53.3119,1,53309445603,2502412,0
53.3145,4,53311975609,2502412,0
53.317,3,53314523615,2502412,0
53.3196,2,53317080621,2502412,0
53.3222,2,53322176633,73000,1
53.3222,1,53322176633,73000,1
53.3248,2,53322256633,2502412,0
53.3273,4,53324786639,2502412,0
53.3301,3,53327638051,2502412,0
53.3327,4,53330168057,2502412,0
53.3378,2,53335318069,2502412,0
53.3404,1,53337857075,2502412,0
53.3429,3,53340387081,2502412,0
53.3454,4,53342917087,2502412,0
53.348,4,53345455499,2502412,0
53.3481,2,53348030505,73000,1
53.3506,1,53348110505,2502412,0
53.3535,3,53350982517,2502412,0
53.356,4,53353512523,2502412,0
53.3586,1,53356087529,2502412,0
53.359,4,53358930535,73000,1
53.359,2,53358930535,73000,1
53.3641,1,53361549541,2502412,0
53.3642,3,53364088547,73000,1
53.3642,2,53364088547,73000,1
53.3667,1,53364186547,2502412,0
53.3692,3,53366725553,2502412,0
53.3718,3,53369290965,2502412,0
53.3769,3,53374368977,2502412,0
53.3794,1,53376934983,2502412,0
53.382,4,53379464989,2502412,0
53.3845,3,53382012995,2502412,0
53.3871,1,53384552001,2502412,0
53.3921,4,53389630013,2502412,0
53.3947,1,53392178019,2502412,0
53.3972,3,53394726025,2502412,0
53.3998,3,53397255437,2502412,0
53.3999,1,53399794443,73000,1
53.3999,4,53399794443,73000,1
53.4024,3,53399892443,2502412,0
53.4028,3,53402737455,73000,1
53.4053,1,53402817455,2502412,0
53.4079,1,53405418867,2502412,0
53.4105,4,53407957873,2502412,0
53.413,4,53410523285,2502412,0
53.4181,1,53415637297,2502412,0
53.4207,3,53418167303,2502412,0
53.4208,1,53420733309,73000,1
53.4208,4,53420733309,73000,1
53.4259,3,53423379315,2502412,0
53.426,4,53425972321,73000,1
53.4286,3,53426079321,2502412,0
53.4314,1,53428930733,2502412,0
53.4365,1,53434035745,2502412,0
53.4367,1,53436592157,73000,1
53.4367,3,53436592751,73000,1
53.4417,4,53439229757,2502412,0
53.4418,2,53441759763,73000,1
53.4418,1,53441759763,73000,1
53.4443,4,53441830763,2502412,0
53.4469,4,53444405175,2502412,0
53.452,3,53449501187,2502412,0
53.4549,3,53452373199,2502412,0
53.4574,4,53454903205,2502412,0
53.4628,1,53460320623,2502412,0
53.463,4,53462913629,73000,1
53.463,3,53462913629,73000,1
53.4631,1,53462993629,73000,1
53.4631,3,53462993629,73000,1
53.4681,1,53465630635,2502412,0
53.4707,3,53468205641,2502412,0
53.4708,1,53470762647,73000,1
53.4734,4,53470869647,2502412,0
53.4735,3,53473426653,73000,1
53.4735,2,53473426653,73000,1
53.4786,4,53476072659,2502412,0
53.4811,1,53478611665,2502412,0
53.4837,4,53481168671,2502412,0
53.4862,3,53483698677,2502412,0
53.4863,4,53486228683,73000,1
53.4888,1,53486326683,2502412,0
53.489,3,53488946689,73000,1
53.4891,1,53489053689,73000,1
53.4891,3,53489053689,73000,1
53.4916,3,53489126689,2502412,0
53.4918,4,53491683695,73000,1
53.4919,3,53491781695,73000,1
53.4969,4,53494427701,2502412,0
53.497,4,53496975113,73000,1
53.497,1,53496975707,73000,1
53.5021,4,53499612713,2502412,0
53.505,3,53502448725,2502412,0
53.5075,3,53504978137,2502412,0
53.51,1,53507508143,2502412,0
53.5101,1,53510055555,73000,1
53.5101,3,53510056149,73000,1
53.5126,1,53510136149,2502412,0
53.5153,1,53515223161,73000,1
53.5153,4,53515223161,73000,1
53.5179,4,53515348161,2502412,0
53.5204,4,53517886573,2502412,0
53.5256,3,53523054585,2502412,0
53.5281,4,53525584591,2502412,0
53.5306,3,53528123597,2502412,0
53.536,1,53533523015,2502412,0
53.5386,4,53536107021,2502412,0
53.5411,3,53538646027,2502412,0
53.5462,3,53543724039,2502412,0
53.5463,4,53546263045,73000,1
53.5463,1,53546263045,73000,1
53.5515,3,53548954051,2502412,0
53.5543,1,53551817063,2502412,0
53.5594,3,53556913075,2502412,0
53.562,1,53559506081,2502412,0
53.5649,3,53562349087,2502412,0
53.5674,4,53564879093,2502412,0
53.57,3,53569957105,73000,1
53.57,1,53569957105,73000,1
53.5725,4,53570037105,2502412,0
53.5751,4,53572620517,2502412,0
53.5802,4,53577725529,2502412,0
53.5803,3,53580273535,73000,1
53.5803,1,53580273535,73000,1
53.5854,4,53582919541,2502412,0
53.588,4,53585484953,2502412,0
53.5905,4,53588032365,2502412,0
53.5956,1,53593119377,2502412,0
53.5982,4,53595658383,2502412,0
53.5983,4,53598205795,73000,1
53.5983,1,53598206389,73000,1
53.6008,1,53598313389,2502412,0
53.6062,4,53603706407,2502412,0
53.6088,1,53606263413,2502412,0
53.6113,1,53608792825,2502412,0
53.6138,3,53611322831,2502412,0
53.6164,4,53613879837,2502412,0
53.6215,1,53618948849,2502412,0
53.624,4,53621505855,2502412,0
53.6241,4,53624035267,73000,1
53.6241,3,53624035861,73000,1
53.6267,1,53624160861,2502412,0
53.6318,4,53629256873,2502412,0
53.6343,4,53631804285,2502412,0
53.6372,1,53634673697,2502412,0
53.6397,1,53637203109,2502412,0
53.6398,1,53639741521,73000,1
53.6398,3,53639742115,73000,1
53.6449,4,53642370121,2502412,0
53.6501,4,53647556133,2502412,0
53.6529,1,53650392145,2502412,0
53.658,4,53655488157,2502412,0
53.6605,1,53658045163,2502412,0
53.6631,4,53660584169,2502412,0
53.6656,3,53663132175,2502412,0
53.6711,1,53668550187,2502412,0
53.6736,4,53671089193,2502412,0
53.6762,1,53673655199,2502412,0
53.6787,3,53676194205,2502412,0
53.6838,1,53681281217,2502412,0
53.6863,4,53683829223,2502412,0
53.6889,1,53686359229,2502412,0
53.6914,4,53688889235,2502412,0
53.6939,1,53691437241,2502412,0
53.6965,3,53693976247,2502412,0
53.7015,4,53699036259,2502412,0
53.7044,4,53701890271,2502412,0
53.7045,4,53704419683,73000,1
53.7045,1,53704420277,73000,1
53.707,3,53704500277,2502412,0
53.7096,3,53707065689,2502412,0
53.7147,2,53712197701,2502412,0
53.7173,3,53714772707,2502412,0
53.7174,3,53717311119,73000,1
53.7174,1,53717311713,73000,1
53.7199,4,53717382713,2502412,0
53.72,2,53719948719,73000,1
53.7226,4,53720064719,2502412,0
53.7251,3,53722603725,2502412,0
53.7302,4,53727717737,2502412,0
53.7328,3,53730274743,2502412,0
53.7353,2,53732831749,2502412,0
53.7358,4,53735692161,73000,1
53.7383,3,53735799161,2502412,0
53.7409,2,53738374167,2502412,0
53.7459,4,53743443179,2502412,0
53.7485,3,53746009185,2502412,0
53.7487,1,53748584191,73000,1
53.7487,4,53748655191,73000,1
53.7487,2,53748655191,73000,1
53.7487,1,53748657191,73000,1
53.7513,3,53748791191,2502412,0
53.7567,4,53754220209,2502412,0
53.7593,4,53756749621,2502412,0
53.7618,3,53759306627,2502412,0
53.7643,3,53761836039,2502412,0
53.7697,2,53767226457,2502412,0
53.7723,2,53769782869,2502412,0
53.7724,2,53772321281,73000,1
53.7724,4,53772321875,73000,1
53.7749,4,53772419875,2502412,0
53.775,3,53774958881,73000,1
53.7776,4,53775128881,2502412,0
53.7802,4,53777658293,2502412,0
53.7803,4,53780196705,73000,1
53.7804,3,53780304299,73000,1
53.7804,4,53780304299,73000,1
53.7829,2,53780393299,2502412,0
53.788,2,53785480311,2502412,0
53.7905,2,53788009723,2502412,0
53.7931,2,53790575135,2502412,0
53.7982,4,53795680147,2502412,0
53.8008,2,53798273153,2502412,0
53.8033,2,53800811565,2502412,0
53.8087,4,53806195583,2502412,0
53.8112,2,53808743589,2502412,0
53.8138,4,53811309595,2502412,0
53.8189,3,53816405607,2502412,0
53.8214,2,53818944613,2502412,0
53.824,2,53821483025,2502412,0
53.8241,3,53824031031,73000,1
53.8241,4,53824031031,73000,1
53.8267,2,53826641037,73000,1
53.8267,3,53826641037,73000,1
53.8292,3,53826730037,2502412,0
53.8318,3,53829322449,2502412,0
53.8344,3,53831860861,2502412,0
53.8394,4,53836938873,2502412,0
53.8399,4,53839799285,73000,1
53.8399,2,53839799285,73000,1
53.8424,4,53839897285,2502412,0
53.8449,3,53842445291,2502412,0
53.85,4,53847541303,2502412,0
53.8529,1,53850404315,2502412,0
53.8555,3,53852961321,2502412,0
53.8606,4,53858048333,2502412,0
53.8631,1,53860587339,2502412,0
53.8657,2,53863162345,2502412,0
53.8682,3,53865701351,2502412,0
53.8712,3,53871091769,73000,1
53.8712,4,53871091769,73000,1
53.8737,1,53871189769,2502412,0
53.8762,2,53873719775,2502412,0
53.8788,3,53876276781,2502412,0
53.8813,2,53878806787,2502412,0
53.8838,2,53881345199,2502412,0
53.8864,1,53883875205,2502412,0
53.8915,3,53888971217,2502412,0
53.894,2,53891546223,2502412,0
53.8966,4,53894085229,2502412,0
53.8991,1,53896615235,2502412,0
53.9017,3,53899163241,2502412,0
53.9046,2,53902135253,2502412,0
53.9072,4,53904665259,2502412,0
53.9097,1,53907195265,2502412,0
53.9122,4,53909743271,2502412,0
53.9148,3,53912273277,2502412,0
53.9149,4,53914803283,73000,1
53.9149,1,53914803283,73000,1
53.9199,2,53917440289,2502412,0
53.9225,2,53919996701,2502412,0
53.9226,2,53922544113,73000,1
53.9226,1,53922544707,73000,1
53.9251,3,53922615707,2502412,0
53.9277,4,53925190713,2502412,0
53.9328,4,53930259725,2502412,0
53.9329,3,53932789731,73000,1
53.9329,2,53932789731,73000,1
53.9354,2,53932914731,2502412,0
53.938,2,53935480143,2502412,0
53.9434,4,53940853155,2502412,0
53.9459,2,53943419161,2502412,0
53.9485,2,53945948573,2502412,0
53.951,1,53948487579,2502412,0
53.9511,1,53951025991,73000,1
53.954,4,53953962597,73000,1
53.954,3,53953962597,73000,1
53.9565,2,53954033597,2502412,0
53.9591,2,53956599009,2502412,0
53.9617,2,53959182421,2502412,0
53.9668,2,53964296433,2502412,0
53.9693,2,53966834845,2502412,0
53.9694,1,53969364851,73000,1
53.9694,4,53969364851,73000,1
53.9749,2,53972386263,2502412,0
53.98,2,53977500275,2502412,0
53.9825,3,53980030281,2502412,0
53.9851,2,53982569287,2502412,0
53.9876,3,53985108293,2502412,0
53.9927,2,53990204305,2502412,0
53.9953,4,53992770311,2502412,0
53.9978,3,53995336317,2502412,0
54.0005,2,54000423329,73000,1
54.0033,4,54000820335,2502412,0
54.0059,3,54003377341,2502412,0
54.0084,1,54005916347,2502412,0
54.0085,3,54008455353,73000,1
54.011,2,54008544353,2502412,0
54.0136,4,54011092359,2502412,0
54.0162,3,54013667365,2502412,0
54.0187,2,54016197371,2502412,0
54.0188,4,54018727377,73000,1
54.0188,1,54018727377,73000,1
54.0213,3,54018798377,2502412,0
54.0264,2,54023885389,2502412,0
54.029,3,54026469395,2502412,0
54.0315,2,54028999401,2502412,0
54.0366,1,54034104413,2502412,0
54.0392,4,54036652419,2502412,0
54.0417,3,54039191425,2502412,0
54.0442,1,54041730431,2502412,0
54.0471,2,54044572843,2502412,0
54.0472,1,54047102849,73000,1
54.0472,4,54047102849,73000,1
54.0497,2,54047182849,2502412,0
54.0498,1,54049712855,73000,1
54.0524,3,54049855855,2502412,0
54.0525,2,54052394861,73000,1
54.055,4,54052465861,2502412,0
54.0554,1,54055355873,73000,1
54.0579,2,54055426873,2502412,0
54.0605,3,54057983879,2502412,0
54.063,1,54060522885,2502412,0
54.0656,2,54063052891,2502412,0
54.0657,2,54065582303,73000,1
54.0657,4,54065582897,73000,1
54.0658,3,54065698897,73000,1
54.0683,1,54065778897,2502412,0
54.0734,2,54070865909,2502412,0
54.0763,1,54073748003,2502412,0
54.0764,1,54076304415,73000,1
54.0764,3,54076305009,73000,1
54.0765,2,54076412009,73000,1
54.079,4,54076528009,2502412,0
54.0816,4,54079075421,2502412,0
54.0841,4,54081613833,2502412,0
54.0892,2,54086718845,2502412,0
54.0918,2,54089275257,2502412,0
54.0943,1,54091805263,2502412,0
54.0968,4,54094335269,2502412,0
54.0994,2,54096883275,2502412,0
54.0995,1,54099413281,73000,1
54.102,2,54099502281,2502412,0
54.1049,4,54102401293,2502412,0
54.1074,2,54104940299,2502412,0
54.11,1,54107479305,2502412,0
54.1151,1,54112548317,2502412,0
54.1176,3,54115078323,2502412,0
54.1201,3,54117634735,2502412,0
54.1203,3,54120182147,73000,1
54.1203,2,54120182741,73000,1
54.1203,4,54120182741,73000,1
54.1228,1,54120271741,2502412,0
54.1279,3,54125358753,2502412,0
54.1304,3,54127942165,2502412,0
54.133,1,54130472171,2502412,0
54.1355,1,54133001583,2502412,0
54.1406,4,54138142595,2502412,0
54.1407,1,54140672601,73000,1
54.1407,3,54140672601,73000,1
54.1433,2,54140761601,2502412,0
54.1434,4,54143309607,73000,1
54.1434,1,54143309607,73000,1
54.1488,2,54146304613,2502412,0
54.1514,1,54148861619,2502412,0
54.1567,2,54154245637,2502412,0
54.1569,2,54156802049,73000,1
54.1569,3,54156802643,73000,1
54.1594,1,54156891643,2502412,0
54.1595,4,54159439649,73000,1
54.1597,1,54159618649,73000,1
54.1598,2,54159761649,73000,1
54.1649,3,54162398655,2502412,0
54.1675,3,54164955067,2502412,0
54.1726,3,54170069079,2502412,0
54.1751,3,54172598491,2502412,0
54.1776,1,54175146497,2502412,0
54.1805,1,54177989503,2502412,0
54.1856,3,54183094515,2502412,0
54.1881,4,54185624521,2502412,0
54.1907,3,54188172527,2502412,0
54.1932,2,54190711533,2502412,0
54.1933,3,54193250539,73000,1
54.1933,1,54193250539,73000,1
54.1934,3,54193323539,73000,1
54.1959,4,54193430539,2502412,0
54.1985,2,54196014545,2502412,0
54.1986,4,54198571551,73000,1
54.2012,2,54198696551,2502412,0
54.2013,1,54201226557,73000,1
54.2067,4,54204216569,2502412,0
54.2092,2,54206746575,2502412,0
54.2094,4,54209312581,73000,1
54.2094,3,54209312581,73000,1
54.2119,1,54209392581,2502412,0
54.2144,2,54211940587,2502412,0
54.2196,2,54217081599,2502412,0
54.2221,1,54219620605,2502412,0
54.2272,2,54224725617,2502412,0
54.2298,4,54227291623,2502412,0
54.2324,1,54229848629,2502412,0
54.2349,1,54232378041,2502412,0
54.2399,2,54237438053,2502412,0
54.2425,1,54240022059,2502412,0
54.2451,4,54242561065,2502412,0
54.2476,2,54245100071,2502412,0
54.2504,1,54247942483,2502412,0
54.2534,4,54250905495,2502412,0
54.256,2,54253462501,2502412,0
54.2585,2,54256000913,2502412,0
54.261,1,54258530919,2502412,0
54.2636,1,54261060331,2502412,0
54.2686,4,54266147343,2502412,0
54.2712,2,54268686349,2502412,0
54.2738,4,54271261355,2502412,0
54.2763,1,54273800361,2502412,0
54.2788,4,54276330367,2502412,0
54.2793,1,54279200373,73000,1
54.2793,2,54279200373,73000,1
54.2818,4,54279298373,2502412,0
54.2844,1,54281891379,2502412,0
54.2869,4,54284439385,2502412,0
54.287,2,54286969391,73000,1
54.2896,4,54287058391,2502412,0
54.2921,1,54289615397,2502412,0
54.2947,1,54292162809,2502412,0
54.2998,4,54297285821,2502412,0
54.3023,1,54299815827,2502412,0
54.3048,4,54302345833,2502412,0
54.3077,3,54305190845,2502412,0
54.3128,3,54310286857,2502412,0
54.3129,4,54312843863,73000,1
54.3129,1,54312843863,73000,1
54.313,3,54312959863,73000,1
54.313,2,54312959863,73000,1
54.3181,1,54315569869,2502412,0
54.3206,3,54318117875,2502412,0
54.3258,1,54323258887,2502412,0
54.3283,4,54325788893,2502412,0
54.3308,1,54328327899,2502412,0
54.3334,3,54330866905,2502412,0
54.3335,3,54333432317,73000,1
54.336,4,54333521911,2502412,0
54.3361,4,54336060323,73000,1
54.3361,1,54336060917,73000,1
54.3387,3,54336158917,2502412,0
54.3388,2,54338706923,73000,1
54.3388,4,54338706923,73000,1
54.3439,3,54341361929,2502412,0
54.3464,1,54343918935,2502412,0
54.3466,3,54346493941,73000,1
54.3491,4,54346582941,2502412,0
54.3516,1,54349130947,2502412,0
54.352,1,54351973359,73000,1
54.3574,4,54354934371,2502412,0
54.36,1,54357473377,2502412,0
54.3625,1,54360011789,2502412,0
54.3651,1,54362595201,2502412,0
54.3652,3,54365125207,73000,1
54.3677,4,54365205207,2502412,0
54.3702,4,54367734619,2502412,0
54.3728,4,54370264031,2502412,0
54.3753,2,54372803037,2502412,0
54.3779,4,54375360043,2502412,0
54.378,4,54377889455,73000,1
54.378,1,54377890049,73000,1
54.383,2,54380518055,2502412,0
54.3859,4,54383370061,2502412,0
54.3884,2,54385927067,2502412,0
54.391,4,54388484073,2502412,0
54.3935,4,54391022485,2502412,0
54.3961,1,54393570491,2502412,0
54.3962,2,54396109497,73000,1
54.3987,4,54396180497,2502412,0
54.4012,1,54398719503,2502412,0
54.4041,1,54401627515,2502412,0
54.4067,4,54404166521,2502412,0
54.4092,3,54406696527,2502412,0
54.4143,1,54411801539,2502412,0
54.4169,4,54414367545,2502412,0
54.4194,4,54416896957,2502412,0
54.4219,3,54419435963,2502412,0
54.4245,2,54421974969,2502412,0
54.4246,4,54424504975,73000,1
54.4246,1,54424504975,73000,1
54.4296,3,54427123981,2502412,0
54.4322,1,54429671987,2502412,0
54.4347,1,54432210399,2502412,0
54.4373,4,54434767405,2502412,0
54.4398,1,54437297411,2502412,0
54.4399,1,54439826823,73000,1
54.4399,3,54439827417,73000,1
54.4399,2,54439827417,73000,1
54.44,4,54439898417,73000,1
54.44,1,54439899823,73000,1
54.445,4,54442545829,2502412,0
54.4477,2,54445156835,2502412,0
54.4502,3,54447704841,2502412,0
54.4506,4,54450549853,73000,1
54.4531,2,54450638853,2502412,0
54.4561,3,54453571265,2502412,0
54.4587,2,54458631277,73000,1
54.4587,1,54458631277,73000,1
54.4613,3,54458783277,2502412,0
54.4614,4,54461313283,73000,1
54.4639,3,54461438283,2502412,0
54.469,2,54466534295,2502412,0
54.4716,3,54469073301,2502412,0
54.4767,2,54474205313,2502412,0
54.4792,3,54476735319,2502412,0
54.4818,3,54479264731,2502412,0
54.4843,2,54481794737,2502412,0
54.4847,2,54484664743,73000,1
54.4847,3,54484664743,73000,1
54.4848,3,54484744743,73000,1
54.4874,4,54484896743,2502412,0
54.4926,2,54490064755,2502412,0
54.4951,4,54492594761,2502412,0
54.5002,4,54497663773,2502412,0
54.503,4,54500535785,2502412,0
54.5056,2,54503083791,2502412,0
54.5107,4,54508152803,2502412,0
54.5132,1,54510682809,2502412,0
54.5157,4,54513221815,2502412,0
54.5183,1,54515760821,2502412,0
54.5208,2,54518290827,2502412,0
54.5233,2,54520829239,2502412,0
54.5259,4,54523359245,2502412,0
54.5309,3,54528437257,2502412,0
54.5335,2,54530967263,2502412,0
54.5336,3,54533551269,73000,1
54.5336,1,54533551269,73000,1
54.5361,2,54533622269,2502412,0
54.5387,4,54536152275,2502412,0
54.5412,2,54538718281,2502412,0
54.5438,4,54541257287,2502412,0
54.5464,2,54546353299,73000,1
54.5464,3,54546353299,73000,1
54.5489,4,54546442299,2502412,0
54.5491,4,54549007711,73000,1
54.5491,1,54549008305,73000,1
54.5516,2,54549097305,2502412,0
54.5541,1,54551627311,2502412,0
54.5549,1,54554784729,73000,1
54.5574,4,54554900729,2502412,0
54.56,2,54557466735,2502412,0
54.5601,4,54560032741,73000,1
54.5626,2,54560112741,2502412,0
54.5652,4,54562678747,2502412,0
54.5703,1,54567783759,2502412,0
54.5728,2,54570340765,2502412,0
54.5754,4,54572897771,2502412,0
54.578,4,54577975783,73000,1
54.578,3,54577975783,73000,1
54.5806,1,54578064783,2502412,0
54.5831,2,54580612789,2502412,0
54.5857,1,54583160795,2502412,0
54.5911,2,54588569807,2502412,0
54.5912,2,54591135219,73000,1
54.5912,1,54591135813,73000,1
54.5963,4,54593790819,2502412,0
54.5988,2,54596320825,2502412,0
54.6014,4,54598877831,2502412,0
54.6042,2,54601731843,2502412,0
54.6093,4,54606836855,2502412,0
54.6119,4,54609402267,2502412,0
54.6144,1,54611932273,2502412,0
54.617,2,54614480279,2502412,0
54.6221,4,54619549291,2502412,0
54.6222,4,54622159703,73000,1
54.6222,1,54622160297,73000,1
54.6222,3,54622160297,73000,1
54.6247,2,54622240297,2502412,0
54.6298,1,54627309309,2502412,0
54.6324,4,54629875315,2502412,0
54.6349,2,54632432321,2502412,0
54.6375,4,54634962327,2502412,0
54.6425,1,54640022339,2502412,0
54.6451,1,54642551751,2502412,0
54.6476,4,54645099757,2502412,0
54.6501,2,54647629763,2502412,0
54.6506,2,54650510775,73000,1
54.6506,4,54650510775,73000,1
54.6507,1,54650599775,73000,1
54.6532,2,54650733775,2502412,0
54.6558,2,54653299187,2502412,0
54.6559,2,54655864599,73000,1
54.6584,4,54655945193,2502412,0
54.6613,4,54658787605,2502412,0
54.6639,1,54661362611,2502412,0
54.669,4,54666485623,2502412,0
54.6715,1,54669042629,2502412,0
54.6767,4,54674147641,2502412,0
54.6792,2,54676677647,2502412,0
54.6817,1,54679225653,2502412,0
54.6843,2,54681764659,2502412,0
54.6893,1,54686833671,2502412,0
54.6922,4,54689694677,2502412,0
54.6947,1,54692224683,2502412,0
54.6973,2,54694790689,2502412,0
54.6998,3,54697320695,2502412,0
54.7,3,54699877107,73000,1
54.7,1,54699966701,73000,1
54.7,4,54699966701,73000,1
54.7004,2,54700343707,73000,1
54.7004,3,54700343707,73000,1
54.703,4,54700459707,2502412,0
54.7081,1,54705564719,2502412,0
54.7082,4,54708148725,73000,1
54.7082,2,54708148725,73000,1
54.7107,3,54708228725,2502412,0
54.7158,1,54713315737,2502412,0
54.716,1,54715899149,73000,1
54.716,3,54715899743,73000,1
54.7161,2,54715997743,73000,1
54.7186,3,54716077743,2502412,0
54.7211,3,54718616155,2502412,0
54.7237,4,54721155161,2502412,0
54.7288,4,54726269173,2502412,0
54.7313,3,54728799179,2502412,0
54.7338,1,54731329185,2502412,0
54.734,4,54733931191,73000,1
54.7365,3,54734029191,2502412,0
54.7391,4,54736559197,2502412,0
54.7416,1,54739098203,2502412,0
54.7442,1,54741654615,2502412,0
54.7443,4,54744193621,73000,1
54.7443,3,54744193621,73000,1
54.7468,3,54744266621,2502412,0
54.7494,3,54746850033,2502412,0
54.7519,1,54749416039,2502412,0
54.7573,4,54754791057,2502412,0
54.7598,4,54757338469,2502412,0
54.7627,4,54760189881,2502412,0
54.7652,3,54762728887,2502412,0
54.7678,1,54765258893,2502412,0
54.7703,3,54767797899,2502412,0
54.7728,3,54770327311,2502412,0
54.7779,1,54775396323,2502412,0
54.7804,4,54777944329,2502412,0
54.783,3,54780546335,2502412,0
54.7856,1,54783094341,2502412,0
54.7907,4,54788172353,2502412,0
54.7935,3,54791024359,2502412,0
54.7961,1,54793563365,2502412,0
54.7986,3,54796120371,2502412,0
54.8012,4,54798650377,2502412,0
54.804,2,54801486389,2502412,0
54.8091,3,54806573401,2502412,0
54.8092,4,54809130407,73000,1
54.8092,1,54809130407,73000,1
54.8117,2,54809228407,2502412,0
54.8143,2,54811784819,2502412,0
54.8168,3,54814332825,2502412,0
54.8219,3,54819446837,2502412,0
54.8245,2,54821976843,2502412,0
54.8246,2,54824506255,73000,1
54.8246,4,54824506849,73000,1
54.8271,3,54824577849,2502412,0
54.8296,1,54827125855,2502412,0
54.8297,1,54829673267,73000,1
54.8298,3,54829753861,73000,1
54.8298,2,54829753861,73000,1
54.8324,4,54829887861,2502412,0
54.8349,4,54832417273,2502412,0
54.8374,1,54834947279,2502412,0
54.84,3,54837477285,2502412,0
54.8425,1,54840007291,2502412,0
54.845,3,54842537297,2502412,0
54.8502,1,54847651309,2502412,0
54.853,4,54850505321,2502412,0
54.8556,3,54853062327,2502412,0
54.8581,1,54855610333,2502412,0
54.8582,4,54858149339,73000,1
54.8607,1,54858229339,2502412,0
54.8608,1,54860767751,73000,1
54.8608,4,54860768345,73000,1
54.8634,4,54860875345,2502412,0
54.8662,3,54863717757,2502412,0
54.8688,4,54866247763,2502412,0
54.8689,1,54868813769,73000,1
54.869,4,54868929769,73000,1
54.869,3,54868929769,73000,1
54.8715,2,54869018769,2502412,0
54.8767,2,54874186781,2502412,0
54.8818,1,54879282793,2502412,0
54.8843,3,54881812799,2502412,0
54.8869,2,54884351805,2502412,0
54.8894,4,54886890811,2502412,0
54.8895,1,54889447817,73000,1
54.892,2,54889545817,2502412,0
54.8946,4,54892093823,2502412,0
54.8974,3,54894936829,2502412,0
54.8976,4,54897520835,73000,1
54.8976,2,54897520835,73000,1
54.9001,3,54897600835,2502412,0
54.9006,2,54900526847,73000,1
54.9031,3,54900615847,2502412,0
54.9056,1,54903145853,2502412,0
54.9057,4,54905675859,73000,1
54.9059,3,54905791859,73000,1
54.9109,1,54908430865,2502412,0
54.9135,3,54910969871,2502412,0
54.9136,3,54913535283,73000,1
54.9161,1,54913615877,2502412,0
54.9187,3,54916154883,2502412,0
54.9212,3,54918684295,2502412,0
54.9263,3,54923798307,2502412,0
54.9289,1,54926355313,2502412,0
54.9314,3,54928885319,2502412,0
54.9339,2,54931415325,2502412,0
54.9366,1,54936520337,73000,1
54.9366,4,54936520337,73000,1
54.9391,3,54936645337,2502412,0
54.9417,2,54939175343,2502412,0
54.9442,3,54941723349,2502412,0
54.9443,3,54944270761,73000,1
54.9469,1,54944360355,2502412,0
54.9494,2,54946899361,2502412,0
54.9519,3,54949438367,2502412,0
54.9545,1,54951968373,2502412,0
54.9573,1,54954822385,2502412,0
54.96,3,54959918397,73000,1
54.96,2,54959918397,73000,1
54.9625,3,54959998397,2502412,0
54.9627,3,54962581809,73000,1
54.9627,2,54962582403,73000,1
54.9627,1,54962582403,73000,1
54.968,3,54965532409,2502412,0
54.9682,3,54968160821,73000,1
54.9708,2,54968250415,2502412,0
54.9733,2,54970779827,2502412,0
54.9758,3,54973318833,2502412,0
54.9784,3,54975857245,2502412,0
54.9834,1,54980935257,2502412,0
54.986,2,54983501263,2502412,0
54.9885,3,54986031269,2502412,0
54.9887,2,54988615275,73000,1
54.9912,1,54988695275,2502412,0
54.9937,3,54991234281,2502412,0
54.9963,1,54993764287,2502412,0
54.9991,4,54996625293,2502412,0
55.0017,1,54999164299,2502412,0
55.0042,4,55001694305,2502412,0
55.0072,1,55007096323,73000,1
55.0072,3,55007096323,73000,1
55.0097,1,55007239323,2502412,0
55.0123,4,55009769329,2502412,0
55.0148,2,55012299335,2502412,0
55.0175,4,55017386347,73000,1
55.0175,1,55017386347,73000,1
55.02,1,55017459347,2502412,0
55.0225,1,55019997759,2502412,0
55.025,3,55022536765,2502412,0
55.0276,3,55025075177,2502412,0
55.0301,3,55027604589,2502412,0
55.0326,4,55030134595,2502412,0
55.0352,1,55032664601,2502412,0
55.0377,2,55035194607,2502412,0
55.0404,2,55040290619,73000,1
55.0404,3,55040290619,73000,1
55.0429,4,55040388619,2502412,0
55.0454,1,55042927625,2502412,0
55.048,4,55045484631,2502412,0
55.0506,1,55048050637,2502412,0
55.0532,3,55050678643,2502412,0
55.0536,1,55053523655,73000,1
55.0536,2,55053523655,73000,1
55.0561,4,55053603655,2502412,0
55.0587,3,55056169661,2502412,0
55.0588,4,55058735667,73000,1
55.0613,3,55058815667,2502412,0
55.0639,3,55061372079,2502412,0
55.064,1,55063902085,73000,1
55.064,4,55063902085,73000,1
55.0694,2,55066897091,2502412,0
55.0695,2,55069444503,73000,1
55.0695,3,55069445097,73000,1
55.0697,2,55069579097,73000,1
55.0722,4,55069731097,2502412,0
55.0748,3,55072261103,2502412,0
55.0799,3,55077357115,2502412,0
55.0824,2,55079923121,2502412,0
55.085,4,55082453127,2502412,0
55.0851,2,55084983133,73000,1
55.0876,3,55085117133,2502412,0
55.0902,4,55087656139,2502412,0
55.0952,1,55092743151,2502412,0
55.0978,1,55095272563,2502412,0
55.0982,1,55098133569,73000,1
55.0982,4,55098133569,73000,1
55.1007,2,55098222569,2502412,0
55.1011,3,55101058581,73000,1
55.1011,1,55101058581,73000,1
55.1062,2,55103695587,2502412,0
55.1087,4,55106243593,2502412,0
55.1113,4,55108791005,2502412,0
55.1138,1,55111339011,2502412,0
55.1189,2,55116426023,2502412,0
55.1215,3,55118983029,2502412,0
55.124,4,55121513035,2502412,0
55.1266,1,55124052041,2502412,0
55.1291,1,55126617453,2502412,0
55.1292,4,55129147459,73000,1
55.1293,1,55129227459,73000,1
55.1293,2,55129227459,73000,1
55.1318,3,55129325459,2502412,0
55.1344,3,55131872871,2502412,0
55.1395,3,55136986883,2502412,0
55.142,2,55139525889,2502412,0
55.1446,3,55142100895,2502412,0
55.1471,4,55144630901,2502412,0
55.1497,2,55147160907,2502412,0
55.1523,3,55152247919,73000,1
55.1548,1,55152327919,2502412,0
55.1577,2,55155172931,2502412,0
55.1602,2,55157729343,2502412,0
55.1628,4,55160259349,2502412,0
55.1653,2,55162789355,2502412,0
55.1678,1,55165328361,2502412,0
55.1732,2,55170701373,2502412,0
55.1757,4,55173231379,2502412,0
55.1783,3,55175797385,2502412,0
55.1808,4,55178327391,2502412,0
55.1834,1,55180866397,2502412,0
55.1859,2,55183441403,2502412,0
55.1861,4,55185989409,73000,1
55.1862,2,55186078409,73000,1
55.1862,3,55186078409,73000,1
55.1887,1,55186167409,2502412,0
55.1912,3,55188715415,2502412,0
55.1938,4,55191281421,2502412,0
55.1963,1,55193829427,2502412,0
55.2014,3,55198889439,2502412,0
55.2046,3,55202110451,2502412,0
55.2071,4,55204640457,2502412,0
55.2097,1,55207170463,2502412,0
55.2098,1,55209708875,73000,1
55.2098,3,55209709469,73000,1
55.2123,2,55209780469,2502412,0
55.2174,4,55214849481,2502412,0
55.2199,1,55217397487,2502412,0
55.2225,2,55219954493,2502412,0
55.225,3,55222484499,2502412,0
55.2275,2,55225014505,2502412,0
55.23,4,55227544511,2502412,0
55.2326,2,55230083517,2502412,0
55.2351,1,55232640523,2502412,0
55.2402,4,55237709535,2502412,0
55.2403,1,55240239541,73000,1
55.2403,2,55240239541,73000,1
55.2428,1,55240312541,2502412,0
55.2454,3,55242851547,2502412,0
55.2455,1,55245462553,73000,1
55.2455,4,55245462553,73000,1
55.248,3,55245533553,2502412,0
55.2535,2,55250953571,2502412,0
55.256,3,55253483577,2502412,0
55.2586,3,55256075989,2502412,0
55.2611,2,55258605995,2502412,0
55.2636,3,55261136001,2502412,0
55.2662,2,55263675007,2502412,0
55.2712,4,55268744019,2502412,0
55.2741,3,55271595431,2502412,0
55.2766,1,55274125437,2502412,0
55.2792,2,55276691443,2502412,0
55.2818,4,55279275449,2502412,0
55.2843,1,55281805455,2502412,0
55.2894,3,55286865467,2502412,0
55.2919,4,55289395473,2502412,0
55.292,4,55291924885,73000,1
55.292,2,55291925479,73000,1
55.2945,2,55292041479,2502412,0
55.2947,1,55294580485,73000,1
55.2947,4,55294580485,73000,1
55.2972,1,55294660485,2502412,0
55.2997,3,55297208491,2502412,0
55.2998,1,55299747497,73000,1
55.3024,3,55299863497,2502412,0
55.3028,2,55302706503,73000,1
55.3053,3,55302795503,2502412,0
55.3108,3,55308251521,2502412,0
55.3133,2,55310808527,2502412,0
55.3134,3,55313365533,73000,1
55.3134,4,55313365533,73000,1
55.3159,1,55313436533,2502412,0
55.3161,2,55315984539,73000,1
55.3186,4,55316064539,2502412,0
55.3211,1,55318630545,2502412,0
55.3213,3,55321223551,73000,1
55.3214,1,55321294551,73000,1
55.3214,4,55321294551,73000,1
55.3239,3,55321383551,2502412,0
55.3264,3,55323930963,2502412,0
55.3266,3,55326496375,73000,1
55.3266,2,55326496969,73000,1
55.3291,1,55326585969,2502412,0
55.3342,2,55331663981,2502412,0
55.3367,4,55334193987,2502412,0
55.3392,1,55336732993,2502412,0
55.3418,1,55339289405,2502412,0
55.3443,3,55341828411,2502412,0
55.3469,3,55344357823,2502412,0
55.347,1,55346887829,73000,1
55.347,4,55346887829,73000,1
55.347,2,55346958829,73000,1
55.3495,4,55347038829,2502412,0
55.3521,4,55349631241,2502412,0
55.355,3,55352485253,2502412,0
55.3575,4,55355015259,2502412,0
55.36,2,55357545265,2502412,0
55.3626,1,55360084271,2502412,0
55.3677,3,55365162283,2502412,0
55.3702,2,55367692289,2502412,0
55.3727,4,55370222295,2502412,0
55.3753,3,55372779301,2502412,0
55.3781,1,55375621713,2502412,0
55.3807,2,55378178719,2502412,0
55.3808,2,55380744131,73000,1
55.3833,4,55380815725,2502412,0
55.3859,3,55383354731,2502412,0
55.3884,1,55385884737,2502412,0
55.3885,1,55388432149,73000,1
55.3885,3,55388432743,73000,1
55.3885,4,55388432743,73000,1
55.3936,3,55391123749,2502412,0
55.3962,2,55393653755,2502412,0
55.3987,3,55396183761,2502412,0
55.4012,1,55398722767,2502412,0
55.4041,1,55401585779,2502412,0
55.4066,2,55404133785,2502412,0
55.4095,4,55406976791,2502412,0
55.4121,2,55412045803,73000,1
55.4121,1,55412045803,73000,1
55.4146,3,55412125803,2502412,0
55.4172,4,55414709809,2502412,0
55.4174,3,55417302815,73000,1
55.4174,1,55417302815,73000,1
55.42,4,55419921821,73000,1
55.42,2,55419921821,73000,1
55.4225,3,55420028821,2502412,0
55.4277,3,55425205833,2502412,0
55.4303,2,55427753839,2502412,0
55.4328,2,55430283251,2502412,0
55.4379,3,55435352263,2502412,0
55.4404,1,55437882269,2502412,0
55.4429,2,55440412275,2502412,0
55.4455,4,55442951281,2502412,0
55.448,2,55445499287,2502412,0
55.4534,1,55450910305,2502412,0
55.4559,3,55453440311,2502412,0
55.456,1,55455970317,73000,1
55.456,4,55455970317,73000,1
55.4586,1,55456050317,2502412,0
55.4611,1,55458579729,2502412,0
55.4636,4,55461109735,2502412,0
55.4661,4,55463639147,2502412,0
55.4687,2,55466169153,2502412,0
55.4712,1,55468717159,2502412,0
55.4713,2,55471247165,73000,1
55.4713,3,55471247165,73000,1
55.4714,1,55471318165,73000,1
55.4714,3,55471320165,73000,1
55.4764,4,55473939171,2502412,0
55.4793,3,55476790583,2502412,0
55.4819,1,55479365589,2502412,0
55.4844,4,55481895595,2502412,0
55.4869,3,55484425601,2502412,0
55.4895,1,55486955607,2502412,0
55.492,1,55489512019,2502412,0
55.4945,4,55492042025,2502412,0
55.4947,1,55494590031,73000,1
55.4947,3,55494590031,73000,1
55.4948,2,55494679031,73000,1
55.4973,4,55494813031,2502412,0
55.4999,3,55497379037,2502412,0
55.5024,1,55499918043,2502412,0
55.505,3,55502448049,2502412,0
55.5078,1,55505302061,2502412,0
55.5106,3,55508145067,2502412,0
55.5157,4,55513214079,2502412,0
55.5183,1,55515753085,2502412,0
55.5184,4,55518283091,73000,1
55.5184,3,55518283091,73000,1
55.5209,4,55518390091,2502412,0
55.5235,4,55520955503,2502412,0
55.526,1,55523494509,2502412,0
55.5261,4,55526033515,73000,1
55.5262,1,55526140515,73000,1
55.5262,3,55526140515,73000,1
55.5288,3,55526274515,2502412,0
55.5313,3,55528803927,2502412,0
55.5338,1,55531342933,2502412,0
55.5389,4,55536411945,2502412,0
55.539,4,55538968357,73000,1
55.539,2,55538968951,73000,1
55.5391,3,55539048951,73000,1
55.5391,4,55539048951,73000,1
55.5416,1,55539128951,2502412,0
55.5442,1,55541658363,2502412,0
55.5493,1,55546763375,2502412,0
55.5518,1,55549337787,2502412,0
55.5519,1,55551876199,73000,1
55.5548,3,55552289799,2502412,0
55.5599,3,55557376811,2502412,0
55.5624,3,55559915223,2502412,0
55.565,4,55562481229,2502412,0
55.5675,3,55565020235,2502412,0
55.5726,4,55570125247,2502412,0
55.5752,1,55572691253,2502412,0
55.5777,3,55575221259,2502412,0
55.5803,3,55577768671,2502412,0
55.5857,4,55583150089,2502412,0
55.5882,3,55585680095,2502412,0
55.5907,1,55588210101,2502412,0
55.5933,4,55590767107,2502412,0
55.5934,3,55593315113,73000,1
55.5934,2,55593315113,73000,1
55.5935,1,55593395113,73000,1
55.5935,3,55593395113,73000,1
55.5986,4,55596068119,2502412,0
55.6011,4,55598624531,2502412,0
55.6016,1,55601514543,73000,1
55.6042,4,55601648543,2502412,0
55.6043,4,55604213955,73000,1
55.6068,3,55604303549,2502412,0
55.6094,3,55606868961,2502412,0
55.6148,4,55612305009,2502412,0
55.6174,1,55614853015,2502412,0
55.6199,3,55617401021,2502412,0
55.625,4,55622488033,2502412,0
55.6276,1,55625072039,2502412,0
55.6301,3,55627602045,2502412,0
55.6352,3,55632680057,2502412,0
55.6377,4,55635219063,2502412,0
55.6403,4,55637748475,2502412,0
55.6428,1,55640287481,2502412,0
55.6429,4,55642853487,73000,1
55.6454,1,55642933487,2502412,0
55.648,3,55645463493,2502412,0
55.6505,3,55647992905,2502412,0
55.6533,4,55650837917,2502412,0
55.6559,1,55653385923,2502412,0
55.6584,3,55655942929,2502412,0
55.6636,4,55661056941,2502412,0
55.6661,4,55663586353,2502412,0
55.6662,4,55666133765,73000,1
55.6662,1,55666134359,73000,1
55.6687,3,55666232359,2502412,0
55.6738,4,55671328371,2502412,0
55.6764,4,55673866783,2502412,0
55.6789,4,55676396195,2502412,0
55.6814,1,55678944201,2502412,0
55.6843,1,55681795613,2502412,0
55.6868,3,55684334619,2502412,0
55.687,4,55686891625,73000,1
55.6895,3,55686971625,2502412,0
55.692,1,55689519631,2502412,0
55.6946,3,55692094637,2502412,0
55.6972,4,55694669643,2502412,0
55.6998,3,55699747655,73000,1
55.6998,1,55699747655,73000,1
55.7024,4,55699899655,2502412,0
55.7078,1,55705310673,2502412,0
55.7104,4,55707867679,2502412,0
55.7158,1,55713267097,2502412,0
55.7183,3,55715833103,2502412,0
55.7209,4,55718363109,2502412,0
55.7234,1,55720911115,2502412,0
55.7235,3,55723441121,73000,1
55.7261,4,55723557121,2502412,0
55.7286,1,55726096127,2502412,0
55.7312,2,55728653133,2502412,0
55.7337,4,55731183139,2502412,0
55.7362,2,55733713145,2502412,0
55.7413,1,55738800157,2502412,0
55.7439,2,55741357163,2502412,0
55.7464,2,55743904575,2502412,0
55.7489,4,55746434581,2502412,0
55.7515,2,55748973587,2502412,0
55.754,4,55751503593,2502412,0
55.7544,1,55754339605,73000,1
55.7569,3,55754410605,2502412,0
55.7594,4,55756940611,2502412,0
55.762,2,55759533617,2502412,0
55.7646,3,55762072623,2502412,0
55.7671,3,55764602035,2502412,0
55.7696,4,55767132041,2502412,0
55.7722,3,55769680047,2502412,0
55.7773,2,55774749059,2502412,0
55.7774,2,55777278471,73000,1
55.7774,1,55777279065,73000,1
55.7799,3,55777386065,2502412,0
55.7824,4,55779943071,2502412,0
55.785,1,55782473077,2502412,0
55.7878,3,55785342489,2502412,0
55.7929,1,55790411501,2502412,0
55.7955,3,55792950507,2502412,0
55.798,4,55795507513,2502412,0
55.8006,4,55798090925,2502412,0
55.8031,2,55800620931,2502412,0
55.8032,1,55803150937,73000,1
55.8033,3,55803230937,73000,1
55.8061,2,55803625943,2502412,0
55.8087,2,55806155355,2502412,0
55.8112,4,55808694361,2502412,0
55.8138,3,55811260367,2502412,0
55.8163,3,55813807779,2502412,0
55.8217,4,55819207791,2502412,0
55.8242,2,55821737797,2502412,0
55.8268,1,55824285803,2502412,0
55.8293,3,55826824809,2502412,0
55.8319,4,55829381815,2502412,0
55.8344,3,55831911821,2502412,0
55.8345,3,55834450233,73000,1
55.8345,4,55834450827,73000,1
55.837,2,55834521827,2502412,0
55.8371,1,55837069833,73000,1
55.8397,4,55837212833,2502412,0
55.8423,2,55839760839,2502412,0
55.8448,2,55842290251,2502412,0
55.8473,2,55844846663,2502412,0
55.8474,2,55847376075,73000,1
55.8474,3,55847376669,73000,1
55.8475,2,55847465669,73000,1
55.8501,4,55847554669,2502412,0
55.8502,4,55850093081,73000,1
55.8502,1,55850093675,73000,1
55.8557,4,55853171687,2502412,0
55.8608,4,55858267699,2502412,0
55.8659,4,55863408711,2502412,0
55.8661,4,55865983123,73000,1
55.8686,3,55866099717,2502412,0
55.8711,2,55868638723,2502412,0
55.8737,4,55871168729,2502412,0
55.8787,1,55876228741,2502412,0
55.8813,2,55878767747,2502412,0
55.8838,4,55881333753,2502412,0
55.8839,2,55883863759,73000,1
55.8839,3,55883863759,73000,1
55.8864,3,55883936759,2502412,0
55.8894,4,55889354177,73000,1
55.8894,1,55889354177,73000,1
55.892,4,55889470177,2502412,0
55.8945,3,55892009183,2502412,0
55.8971,2,55894557189,2502412,0
55.8972,3,55897087195,73000,1
55.8997,4,55897194195,2502412,0
55.9022,3,55899724201,2502412,0
55.9048,3,55902253613,2502412,0
55.9076,4,55905089625,2502412,0
55.9101,4,55907619037,2502412,0
55.9127,3,55910167043,2502412,0
55.9152,2,55912697049,2502412,0
55.9153,2,55915235461,73000,1
55.9153,4,55915236055,73000,1
55.9178,4,55915316055,2502412,0
55.9207,1,55918159061,2502412,0
55.9232,1,55920715473,2502412,0
55.9258,1,55923271885,2502412,0
55.9283,3,55925801891,2502412,0
55.9309,4,55928367897,2502412,0
55.9359,2,55933436909,2502412,0
55.9385,1,55935993915,2502412,0
55.9386,4,55938550921,73000,1
55.9386,3,55938550921,73000,1
55.9411,3,55938623921,2502412,0
55.9437,3,55941180333,2502412,0
55.9438,2,55943728339,73000,1
55.9438,4,55943728339,73000,1
55.9488,1,55946329345,2502412,0
55.9514,2,55948886351,2502412,0
55.9539,3,55951425357,2502412,0
55.9568,3,55954261369,2502412,0
55.9593,2,55956809375,2502412,0
55.9619,1,55959348381,2502412,0
55.967,2,55964453393,2502412,0
55.9671,1,55966983399,73000,1
55.9671,3,55966983399,73000,1
55.9696,2,55967144399,2502412,0
55.9747,1,55972240411,2502412,0
55.9773,3,55974779417,2502412,0
55.9798,2,55977327423,2502412,0
55.9824,4,55979875429,2502412,0
55.9849,1,55982405435,2502412,0
55.99,3,55987528447,2502412,0
55.9929,1,55990379859,2502412,0
55.993,4,55992909865,73000,1
55.993,2,55992909865,73000,1
55.9981,3,55995600871,2502412,0
55.9982,3,55998148283,73000,1
55.9982,1,55998148877,73000,1
56.0007,2,55998237877,2502412,0
56.0062,2,56003666895,2502412,0
56.0087,4,56006223901,2502412,0
56.0088,3,56008753907,73000,1
56.0114,2,56008887907,2502412,0
56.0139,4,56011417913,2502412,0
56.019,1,56016495925,2502412,0
56.0194,1,56019374931,73000,1
56.0194,2,56019374931,73000,1
56.022,4,56019481931,2502412,0
56.0271,4,56024550943,2502412,0
56.0296,4,56027080355,2502412,0
56.0321,4,56029627767,2502412,0
56.0373,1,56034759779,2502412,0
56.0398,2,56037307785,2502412,0
56.0424,4,56039855791,2502412,0
56.0475,1,56044951803,2502412,0
56.05,4,56047499809,2502412,0
56.0504,4,56050353821,73000,1
56.0504,2,56050353821,73000,1
56.0505,3,56050442821,73000,1
56.0505,2,56050442821,73000,1
56.053,1,56050513821,2502412,0
56.0582,1,56055663833,2502412,0
56.0607,4,56058202839,2502412,0
56.0632,4,56060741251,2502412,0
56.0633,1,56063271257,73000,1
56.0659,4,56063360257,2502412,0
56.0684,4,56065925669,2502412,0
56.0736,4,56071057681,2502412,0
56.0761,2,56073605687,2502412,0
56.0787,2,56076153099,2502412,0
56.0838,2,56081249111,2502412,0
56.0839,2,56083787523,73000,1
56.0839,4,56083788117,73000,1
56.0839,1,56083788117,73000,1
56.089,4,56086461123,2502412,0
56.0915,4,56089008535,2502412,0
56.097,4,56094470953,2502412,0
56.0995,2,56097027959,2502412,0
56.105,4,56102456977,2502412,0
56.1075,2,56104995983,2502412,0
56.1076,2,56107525395,73000,1
56.1076,1,56107525989,73000,1
56.1126,4,56110126995,2502412,0
56.1152,3,56112702001,2502412,0
56.1178,3,56115276413,2502412,0
56.1204,4,56120354425,73000,1
56.1204,2,56120354425,73000,1
56.123,3,56120452425,2502412,0
56.1258,3,56123313431,2502412,0
56.1309,4,56128418443,2502412,0
56.1335,4,56130956855,2502412,0
56.136,4,56133513267,2502412,0
56.1386,3,56136061273,2502412,0
56.1437,4,56141184285,2502412,0
56.1462,3,56143723291,2502412,0
56.1488,3,56146270703,2502412,0
56.1489,4,56148809709,73000,1
56.1514,4,56148882709,2502412,0
56.1542,4,56151727721,2502412,0
56.1594,3,56156868733,2502412,0
56.1619,2,56159398739,2502412,0
56.162,3,56161928745,73000,1
56.162,4,56161928745,73000,1
56.1671,2,56164610751,2502412,0
56.1696,1,56167140757,2502412,0
56.1722,2,56169670763,2502412,0
56.1747,2,56172245175,2502412,0
56.1799,1,56177350187,2502412,0
56.18,2,56179916193,73000,1
56.18,3,56179916193,73000,1
56.18,4,56179916193,73000,1
56.1851,1,56182580199,2502412,0
56.1876,1,56185136611,2502412,0
56.1902,1,56187675023,2502412,0
56.1956,2,56193075035,2502412,0
56.1981,1,56195632041,2502412,0
56.2007,3,56198198047,2502412,0
56.2011,1,56201043059,73000,1
56.2036,2,56201123059,2502412,0
56.2062,2,56203706471,2502412,0
56.2087,3,56206245477,2502412,0
56.2113,3,56208774889,2502412,0
56.2164,2,56213852901,2502412,0
56.2189,1,56216445907,2502412,0
56.2215,3,56218993913,2502412,0
56.2245,2,56224384331,73000,1
56.2245,4,56224384331,73000,1
56.2246,3,56224491331,73000,1
56.2246,1,56224491331,73000,1
56.2271,3,56224564331,2502412,0
56.2296,2,56227094337,2502412,0
56.2297,2,56229650749,73000,1
56.2297,3,56229651343,73000,1
56.2298,1,56229722343,73000,1
56.2298,3,56229724343,73000,1
56.2324,1,56229858343,2502412,0
56.2351,1,56234990355,73000,1
56.2351,2,56234990355,73000,1
56.2376,3,56235061355,2502412,0
56.2427,1,56240184367,2502412,0
56.2452,3,56242723373,2502412,0
56.2478,3,56245279785,2502412,0
56.2532,1,56250708803,2502412,0
56.2558,3,56253274809,2502412,0
56.2559,4,56255822815,73000,1
56.2584,1,56255911815,2502412,0
56.261,3,56258450821,2502412,0
56.2661,1,56263582833,2502412,0
56.2686,1,56266121245,2502412,0
56.2712,1,56268659657,2502412,0
56.2737,3,56271198663,2502412,0
56.2762,2,56273746669,2502412,0
56.2813,1,56278815681,2502412,0
56.2838,4,56281345687,2502412,0
56.2864,3,56283893693,2502412,0
56.2889,2,56286432699,2502412,0
56.2915,1,56288962705,2502412,0
56.2916,1,56291537117,73000,1
56.2916,3,56291537711,73000,1
56.2917,2,56291608711,73000,1
56.2917,4,56291608711,73000,1
56.2942,4,56291715711,2502412,0
56.2967,4,56294245123,2502412,0
56.2996,1,56297087535,2502412,0
56.3022,1,56299652947,2502412,0
56.305,1,56302524959,2502412,0
56.3101,4,56307593971,2502412,0
56.3126,1,56310141977,2502412,0
56.3152,2,56312689983,2502412,0
56.3177,3,56315246989,2502412,0
56.3178,2,56317776995,73000,1
56.3178,1,56317776995,73000,1
56.3204,4,56317856995,2502412,0
56.3254,3,56322944007,2502412,0
56.328,4,56325474013,2502412,0
56.3285,4,56328398019,73000,1
56.3285,3,56328398019,73000,1
56.3286,1,56328505019,73000,1
56.3311,2,56328576019,2502412,0
56.3363,2,56333753031,2502412,0
56.3388,4,56336292037,2502412,0
56.3413,3,56338840043,2502412,0
56.3464,3,56343918055,2502412,0
56.349,4,56346448061,2502412,0
56.3515,4,56348977473,2502412,0
56.3544,2,56351849485,2502412,0
56.3569,4,56354388491,2502412,0
56.357,4,56356917903,73000,1
56.357,3,56356918497,73000,1
56.3621,2,56359582503,2502412,0
56.3647,2,56362183915,2502412,0
56.3648,2,56364713327,73000,1
56.3673,1,56364784921,2502412,0
56.3699,3,56367359927,2502412,0
56.3724,1,56369907933,2502412,0
56.3775,4,56374976945,2502412,0
56.38,1,56377542951,2502412,0
56.3826,3,56380081957,2502412,0
56.3851,1,56382611963,2502412,0
56.3876,3,56385141969,2502412,0
56.3927,4,56390246981,2502412,0
56.3953,2,56392776987,2502412,0
56.3978,3,56395306993,2502412,0
56.4007,1,56398158405,2502412,0
56.4008,2,56400706411,73000,1
56.4008,4,56400706411,73000,1
56.4062,1,56403658423,2502412,0
56.4087,4,56406197429,2502412,0
56.4112,3,56408736435,2502412,0
56.4138,2,56411266441,2502412,0
56.4163,2,56413813853,2502412,0
56.4189,2,56416361265,2502412,0
56.4214,1,56418900271,2502412,0
56.4265,1,56423960283,2502412,0
56.429,4,56426508289,2502412,0
56.4294,1,56429351295,73000,1
56.4294,3,56429351295,73000,1
56.4319,2,56429431295,2502412,0
56.4345,4,56431961301,2502412,0
56.437,4,56434544713,2502412,0
56.4396,4,56437083125,2502412,0
56.4421,1,56439613131,2502412,0
56.4422,1,56442160543,73000,1
56.4447,2,56442232137,2502412,0
56.4473,2,56444770549,2502412,0
56.4498,4,56447300555,2502412,0
56.4499,1,56449866561,73000,1
56.4499,3,56449866561,73000,1
56.4524,2,56449946561,2502412,0
56.4553,4,56452818573,2502412,0
56.4605,2,56457959585,2502412,0
56.463,4,56460489591,2502412,0
56.4656,4,56463091003,2502412,0
56.4657,1,56465630009,73000,1
56.4682,2,56465710009,2502412,0
56.4683,2,56468248421,73000,1
56.4683,4,56468249015,73000,1
56.4708,4,56468322015,2502412,0
56.4734,4,56470878427,2502412,0
56.4785,4,56476010439,2502412,0
56.481,4,56478539851,2502412,0
56.4836,3,56481069857,2502412,0
56.4861,3,56483617269,2502412,0
56.4886,2,56486147275,2502412,0
56.4912,3,56488686281,2502412,0
56.4963,4,56493791293,2502412,0
56.4964,3,56496348299,73000,1
56.4964,2,56496348299,73000,1
56.4989,2,56496428299,2502412,0
56.5015,2,56498975711,2502412,0
56.5046,1,56502133129,2502412,0
56.5097,4,56507220141,2502412,0
56.5123,2,56509750147,2502412,0
56.5148,1,56512289153,2502412,0
56.5173,1,56514827565,2502412,0
56.5199,1,56517365977,2502412,0
56.5224,1,56519895389,2502412,0
56.525,2,56522461395,2502412,0
56.5276,2,56527521407,73000,1
56.5276,4,56527521407,73000,1
56.5301,3,56527601407,2502412,0
56.5326,1,56530140413,2502412,0
56.5355,1,56532992419,2502412,0
56.5381,3,56535567425,2502412,0
56.5406,2,56538097431,2502412,0
56.5431,1,56540636437,2502412,0
56.5433,3,56543184443,73000,1
56.5458,2,56543282443,2502412,0
56.5483,1,56545821449,2502412,0
56.5509,3,56548351455,2502412,0
56.5537,4,56551232467,2502412,0
56.5563,2,56553789473,2502412,0
56.5564,1,56556328479,73000,1
56.5589,3,56556399479,2502412,0
56.5615,4,56558965485,2502412,0
56.564,2,56561495491,2502412,0
56.5665,1,56564034497,2502412,0
56.5691,3,56566591503,2502412,0
56.5716,4,56569121509,2502412,0
56.5767,2,56574208521,2502412,0
56.5792,2,56576737933,2502412,0
56.5818,3,56579285939,2502412,0
56.5843,1,56581815945,2502412,0
56.5844,2,56584363951,73000,1
56.5844,4,56584363951,73000,1
56.5869,3,56584434951,2502412,0
56.5921,1,56589575963,2502412,0
56.5946,3,56592114969,2502412,0
56.5972,3,56594689381,2502412,0
56.5997,2,56597219387,2502412,0
56.6023,1,56599758393,2502412,0
56.6054,4,56602924811,2502412,0
56.6105,2,56607993823,2502412,0
56.6106,4,56610523829,73000,1
56.6106,3,56610523829,73000,1
56.6131,3,56610596829,2502412,0
56.6132,2,56613144835,73000,1
56.6132,1,56613144835,73000,1
56.6158,3,56613278835,2502412,0
56.6159,1,56615835841,73000,1
56.616,3,56615924841,73000,1
56.616,1,56615924841,73000,1
56.6186,4,56616067841,2502412,0
56.6211,2,56618615847,2502412,0
56.6212,4,56621145853,73000,1
56.6238,4,56621252853,2502412,0
56.6263,4,56623791265,2502412,0
56.6288,3,56626339271,2502412,0
56.6339,4,56631417283,2502412,0
56.6368,2,56634260289,2502412,0
56.6393,3,56636790295,2502412,0
56.6419,4,56639365301,2502412,0
56.647,2,56644470313,2502412,0
56.6495,3,56647018319,2502412,0
56.6521,4,56649557325,2502412,0
56.6522,2,56652096331,73000,1
56.6547,3,56652194331,2502412,0
56.6576,4,56655139343,2502412,0
56.6578,4,56657722755,73000,1
56.6578,3,56657723349,73000,1
56.6603,2,56657803349,2502412,0
56.6654,1,56662926361,2502412,0
56.668,2,56665456367,2502412,0
56.6705,3,56668004373,2502412,0
56.673,4,56670534379,2502412,0
56.6756,2,56673064385,2502412,0
56.6807,1,56678151397,2502412,0
56.6832,4,56680690403,2502412,0
56.6857,3,56683220409,2502412,0
56.6883,2,56685813415,2502412,0
56.6908,1,56688343421,2502412,0
56.6959,4,56693403433,2502412,0
56.6984,3,56695942439,2502412,0
56.701,4,56698481445,2502412,0
56.7039,2,56701353457,2502412,0
56.704,4,56703919463,73000,1
56.704,1,56703919463,73000,1
56.7041,3,56703990463,73000,1
56.7066,2,56704097463,2502412,0
56.7095,3,56706984875,2502412,0
56.7146,2,56712098887,2502412,0
56.7172,3,56714673893,2502412,0
56.7197,1,56717203899,2502412,0
56.7222,3,56719742905,2502412,0
56.7248,1,56722272911,2502412,0
56.7249,2,56724802917,73000,1
56.7249,3,56724873917,73000,1
56.7249,4,56724873917,73000,1
56.7274,1,56724944917,2502412,0
56.73,4,56727474923,2502412,0
56.7325,4,56730022335,2502412,0
56.7351,4,56732569747,2502412,0
56.7376,3,56735126753,2502412,0
56.743,1,56740517765,2502412,0
56.7456,4,56743047771,2502412,0
56.7457,4,56745595183,73000,1
56.7457,3,56745595777,73000,1
56.7482,2,56745702777,2502412,0
56.7508,1,56748286783,2502412,0
56.7562,1,56753661801,2502412,0
56.7563,1,56756191213,73000,1
56.7563,2,56756191807,73000,1
56.7588,4,56756271807,2502412,0
56.7613,4,56758828219,2502412,0
56.7664,3,56763942231,2502412,0
56.769,4,56766472237,2502412,0
56.7691,4,56769019649,73000,1
56.7691,3,56769020243,73000,1
56.7716,4,56769109243,2502412,0
56.7718,2,56771693249,73000,1
56.7743,4,56771782249,2502412,0
56.7768,1,56774312255,2502412,0
56.7794,1,56776868667,2502412,0
56.7819,3,56779425673,2502412,0
56.782,1,56781964679,73000,1
56.782,4,56781964679,73000,1
56.7871,1,56784601685,2502412,0
56.7897,3,56787176691,2502412,0
56.7898,2,56789724697,73000,1
56.7898,4,56789724697,73000,1
56.7948,3,56792343703,2502412,0
56.7974,1,56794882709,2502412,0
56.8,1,56797448121,2502412,0
56.8025,4,56799978127,2502412,0
56.8026,4,56802516539,73000,1
56.8076,3,56805127139,2502412,0
56.8108,1,56808338557,2502412,0
56.8134,3,56810904563,2502412,0
56.8185,3,56816009575,2502412,0
56.821,4,56818539581,2502412,0
56.8236,1,56821078587,2502412,0
56.8261,1,56823616999,2502412,0
56.8312,3,56828740011,2502412,0
56.8338,4,56831279017,2502412,0
56.8363,1,56833809023,2502412,0
56.8417,3,56839217441,2502412,0
56.8443,4,56841792447,2502412,0
56.8468,1,56844340453,2502412,0
56.847,3,56846888459,73000,1
56.8495,4,56847040459,2502412,0
56.8521,1,56849579465,2502412,0
56.855,4,56852513477,2502412,0
56.8575,2,56855043483,2502412,0
56.8627,1,56860157495,2502412,0
56.8628,4,56862687501,73000,1
56.8628,3,56862687501,73000,1
56.8653,2,56862794501,2502412,0
56.8678,2,56865332913,2502412,0
56.8729,1,56870437925,2502412,0
56.8755,2,56872994931,2502412,0
56.8756,1,56875533937,73000,1
56.8756,4,56875533937,73000,1
56.8756,3,56875533937,73000,1
56.8781,3,56875606937,2502412,0
56.8807,2,56878163943,2502412,0
56.8858,2,56883250955,2502412,0
56.8883,3,56885789961,2502412,0
56.8908,1,56888346967,2502412,0
56.8934,2,56890876973,2502412,0
56.8935,2,56893442385,73000,1
56.896,3,56893513979,2502412,0
56.8961,1,56896052985,73000,1
56.8961,2,56896052985,73000,1
56.8986,2,56896125985,2502412,0
56.8988,4,56898682991,73000,1
56.8988,1,56898682991,73000,1
56.9013,3,56898780991,2502412,0
56.9067,3,56904165009,2502412,0
56.9092,2,56906722015,2502412,0
56.9121,3,56909609427,2502412,0
56.9172,2,56914723439,2502412,0
56.9198,2,56917252851,2502412,0
56.9199,2,56919818263,73000,1
56.9199,3,56919818857,73000,1
56.925,3,56922518863,2502412,0
56.9252,2,56925093869,73000,1
56.9253,3,56925191869,73000,1
56.9253,1,56925191869,73000,1
56.9356,3,56933085699,2502412,0
56.9407,3,56938226711,2502412,0
56.9462,2,56943689723,2502412,0
56.9513,3,56948767735,2502412,0
56.9541,3,56951639747,2502412,0
56.9543,2,56954178753,73000,1
56.9543,4,56954178753,73000,1
56.9568,2,56954267753,2502412,0
56.9593,2,56956824165,2502412,0
56.9595,4,56959390171,73000,1
56.9595,3,56959390171,73000,1
56.9645,2,56962009177,2502412,0
56.9647,3,56964620183,73000,1
56.9672,2,56964727183,2502412,0
56.9698,2,56967283595,2502412,0
56.9749,2,56972361607,2502412,0
56.9774,2,56974900019,2502412,0
56.9776,2,56977483431,73000,1
56.9827,1,56980202031,2502412,0
56.9853,1,56982749443,2502412,0
56.9903,2,56987845455,2502412,0
56.9905,2,56990383867,73000,1
56.9905,1,56990384461,73000,1
56.9956,3,56993093467,2502412,0
56.9981,3,56995622879,2502412,0
57.0032,1,57000709891,2502412,0
57.0037,1,57003599903,73000,1
57.0037,3,57003599903,73000,1
57.0037,2,57003599903,73000,1
57.0062,2,57003688903,2502412,0
57.0063,2,57006218315,73000,1
57.0115,3,57008981915,2502412,0
57.0116,1,57011520921,73000,1
57.0141,3,57011609921,2502412,0
57.017,2,57014497333,2502412,0
57.0221,2,57019620345,2502412,0
57.0247,3,57022150351,2502412,0
57.0297,3,57027228363,2502412,0
57.0323,2,57029830369,2502412,0
57.0374,3,57034908381,2502412,0
57.0375,3,57037455793,73000,1
57.0375,2,57037456387,73000,1
57.0427,1,57040183393,2502412,0
57.0452,3,57042713399,2502412,0
57.0481,1,57045556405,2502412,0
57.0534,2,57050922423,2502412,0
57.0535,1,57053461429,73000,1
57.0535,3,57053461429,73000,1
57.0536,1,57053541429,73000,1
57.0536,3,57053541429,73000,1
57.0561,2,57053630429,2502412,0
57.0613,2,57058753441,2502412,0
57.0638,2,57061291853,2502412,0
57.0663,3,57063839859,2502412,0
57.0665,3,57066396271,73000,1
57.0665,1,57066396865,73000,1
57.0715,2,57069042871,2502412,0
57.0741,1,57071572877,2502412,0
57.0766,1,57074138289,2502412,0
57.0817,1,57079243301,2502412,0
57.0843,3,57081782307,2502412,0
57.0868,2,57084312313,2502412,0
57.0894,4,57086860319,2502412,0
57.0895,2,57089399325,73000,1
57.0895,1,57089399325,73000,1
57.0946,3,57092063331,2502412,0
57.0971,4,57094620337,2502412,0
57.1022,3,57099716349,2502412,0
57.1051,2,57102561361,2502412,0
57.1076,3,57105109367,2502412,0
57.1102,4,57107657373,2502412,0
57.1127,1,57110187379,2502412,0
57.1181,1,57115578391,2502412,0
57.1206,2,57118108397,2502412,0
57.1231,3,57120647403,2502412,0
57.1257,2,57123213409,2502412,0
57.1282,4,57125743415,2502412,0
57.1308,1,57128282421,2502412,0
57.1333,4,57130821427,2502412,0
57.1384,3,57135899439,2502412,0
57.1409,2,57138447445,2502412,0
57.1411,4,57140977451,73000,1
57.1411,1,57140977451,73000,1
57.1436,2,57141075451,2502412,0
57.1437,2,57143622863,73000,1
57.1437,3,57143623457,73000,1
57.1491,1,57146599869,2502412,0
57.1517,1,57149210281,2502412,0
57.1542,3,57151740287,2502412,0
57.1543,4,57154270293,73000,1
57.1543,2,57154270293,73000,1
57.1597,1,57157213305,2502412,0
57.1623,3,57159752311,2502412,0
57.1674,1,57164893323,2502412,0
57.1699,1,57167431735,2502412,0
57.1725,1,57169961147,2502412,0
57.1726,1,57172499559,73000,1
57.1726,3,57172500153,73000,1
57.1751,4,57172571153,2502412,0
57.1776,2,57175101159,2502412,0
57.1827,4,57180197171,2502412,0
57.1853,1,57182799177,2502412,0
57.1854,1,57185328589,73000,1
57.1854,4,57185329183,73000,1
57.1854,2,57185329183,73000,1
57.1879,2,57185402183,2502412,0
57.1906,3,57190543195,73000,1
57.1906,4,57190543195,73000,1
57.1931,2,57190641195,2502412,0
57.1933,1,57193207201,73000,1
57.1958,4,57193341201,2502412,0
57.1984,2,57195871207,2502412,0
57.201,2,57200949219,73000,1
57.2039,4,57201373225,2502412,0
57.2064,4,57203911637,2502412,0
57.2091,4,57209034649,73000,1
57.2091,2,57209034649,73000,1
57.2116,4,57209114649,2502412,0
57.2142,4,57211662061,2502412,0
57.2167,2,57214201067,2502412,0
57.2221,3,57219582485,2502412,0
57.2247,2,57222148491,2502412,0
57.2272,2,57224677903,2502412,0
57.2297,4,57227243909,2502412,0
57.2323,3,57229782915,2502412,0
57.2374,4,57234860927,2502412,0
57.2399,1,57237390933,2502412,0
57.2425,2,57239947939,2502412,0
57.2426,2,57242477351,73000,1
57.2426,1,57242477945,73000,1
57.2451,2,57242557945,2502412,0
57.2476,3,57245105951,2502412,0
57.2477,4,57247644957,73000,1
57.2503,4,57247751957,2502412,0
57.2507,2,57250603963,73000,1
57.2507,3,57250674963,73000,1
57.2508,3,57250747963,73000,1
57.2533,2,57250820963,2502412,0
57.2538,1,57253719975,73000,1
57.2563,4,57253799975,2502412,0
57.2589,2,57256356981,2502412,0
57.259,2,57258904393,73000,1
57.259,4,57258904987,73000,1
57.2641,2,57261559993,2502412,0
57.2666,2,57264116405,2502412,0
57.2693,2,57269239417,73000,1
57.2693,3,57269239417,73000,1
57.2718,4,57269328417,2502412,0
57.2744,4,57271902829,2502412,0
57.2769,1,57274432835,2502412,0
57.282,4,57279501847,2502412,0
57.2846,1,57282076853,2502412,0
57.2847,4,57284642859,73000,1
57.2847,2,57284642859,73000,1
57.2898,1,57287252865,2502412,0
57.2923,1,57289809277,2502412,0
57.2975,4,57294968289,2502412,0
57.2976,1,57297507295,73000,1
57.2976,2,57297507295,73000,1
57.303,4,57300468307,2502412,0
57.3081,4,57305627319,2502412,0
57.3107,1,57308166325,2502412,0
57.3108,1,57310695737,73000,1
57.3108,4,57310696331,73000,1
57.3133,3,57310767331,2502412,0
57.3184,3,57315863343,2502412,0
57.3209,1,57318411349,2502412,0
57.3214,2,57321316761,73000,1
57.3239,1,57321396761,2502412,0
57.3264,3,57323944767,2502412,0
57.3316,4,57329058779,2502412,0
57.3341,3,57331606785,2502412,0
57.3366,1,57334136791,2502412,0
57.3368,4,57336720797,73000,1
57.3393,1,57336818797,2502412,0
57.3419,4,57339366803,2502412,0
57.3444,3,57341896809,2502412,0
57.3495,1,57347028821,2502412,0
57.3521,4,57349576827,2502412,0
57.3549,1,57352419833,2502412,0
57.3578,3,57355264845,2502412,0
57.3629,4,57360387857,2502412,0
57.3654,1,57362917863,2502412,0
57.368,3,57365447869,2502412,0
57.3731,4,57370561881,2502412,0
57.3756,3,57373109887,2502412,0
57.3781,1,57375639893,2502412,0
57.3807,2,57378169899,2502412,0
57.3832,3,57380717905,2502412,0
57.3858,2,57383247911,2502412,0
57.3908,4,57388343923,2502412,0
57.3934,1,57390891929,2502412,0
57.3959,3,57393439935,2502412,0
57.3985,2,57395987941,2502412,0
57.3986,3,57398526947,73000,1
57.3986,4,57398526947,73000,1
57.4011,2,57398606947,2502412,0
57.4065,1,57403990965,2502412,0
57.409,4,57406538971,2502412,0
57.4116,2,57409086977,2502412,0
57.4141,1,57411625983,2502412,0
57.4167,3,57414155989,2502412,0
57.4192,2,57416712995,2502412,0
57.4246,1,57422095007,2502412,0
57.4271,4,57424634013,2502412,0
57.4297,3,57427164019,2502412,0
57.4322,4,57429703025,2502412,0
57.4348,4,57432250437,2502412,0
57.4349,1,57434807443,73000,1
57.4349,2,57434807443,73000,1
57.4374,1,57434896443,2502412,0
57.4399,3,57437426449,2502412,0
57.445,4,57442504461,2502412,0
57.4475,4,57445033873,2502412,0
57.4501,3,57447572879,2502412,0
57.4526,1,57450102885,2502412,0
57.4533,1,57453260897,73000,1
57.4533,4,57453260897,73000,1
57.4558,1,57453340897,2502412,0
57.456,3,57455951903,73000,1
57.4585,1,57456022903,2502412,0
57.4611,2,57458552909,2502412,0
57.4636,2,57461100321,2502412,0
57.4662,1,57463657327,2502412,0
57.4687,4,57466187333,2502412,0
57.4688,1,57468771339,73000,1
57.4688,2,57468771339,73000,1
57.4739,3,57471372345,2502412,0
57.4764,4,57473920351,2502412,0
57.479,3,57476531357,2502412,0
57.4816,4,57479079363,2502412,0
57.4866,1,57484139375,2502412,0
57.4892,4,57486696381,2502412,0
57.4917,2,57489244387,2502412,0
57.4943,3,57491783393,2502412,0
57.4944,3,57494321805,73000,1
57.4944,4,57494322399,73000,1
57.4994,1,57496941405,2502412,0
57.502,2,57499525411,2502412,0
57.5025,1,57502424423,73000,1
57.505,4,57502513423,2502412,0
57.5076,2,57505052429,2502412,0
57.5101,3,57507582435,2502412,0
57.5127,4,57510157441,2502412,0
57.5177,1,57515217453,2502412,0
57.5203,2,57517765459,2502412,0
57.5228,2,57520294871,2502412,0
57.5254,3,57522851877,2502412,0
57.5282,4,57525712289,2502412,0
57.5333,1,57530799301,2502412,0
57.5334,1,57533328713,73000,1
57.5334,3,57533329307,73000,1
57.5335,4,57533409307,73000,1
57.5335,2,57533409307,73000,1
57.536,3,57533516307,2502412,0
57.5386,4,57536082313,2502412,0
57.5437,3,57541151325,2502412,0
57.5462,3,57543680737,2502412,0
57.5487,3,57546219149,2502412,0
57.5513,1,57548776155,2502412,0
57.5541,1,57551630167,2502412,0
57.5567,4,57554160173,2502412,0
57.5595,1,57557012179,2502412,0
57.5596,3,57559542185,73000,1
57.5621,1,57559613185,2502412,0
57.5647,3,57562152191,2502412,0
57.5672,2,57564691197,2502412,0
57.5697,4,57567230203,2502412,0
57.5723,1,57569787209,2502412,0
57.5749,1,57572361621,2502412,0
57.575,2,57574891627,73000,1
57.575,3,57574891627,73000,1
57.58,4,57577501633,2502412,0
57.5825,1,57580040639,2502412,0
57.5851,4,57582606645,2502412,0
57.5876,1,57585136651,2502412,0
57.5902,4,57587666657,2502412,0
57.5927,1,57590232663,2502412,0
57.5928,2,57592762669,73000,1
57.5928,3,57592762669,73000,1
57.5979,3,57595390675,2502412,0
57.6004,4,57597920681,2502412,0
57.6033,2,57600774693,2502412,0
57.6034,2,57603331105,73000,1
57.6034,3,57603331699,73000,1
57.6035,4,57603411699,73000,1
57.6035,1,57603411699,73000,1
57.6086,4,57606075705,2502412,0
57.6112,1,57608686711,2502412,0
57.6113,4,57611225717,73000,1
57.6113,2,57611225717,73000,1
57.6113,3,57611225717,73000,1
57.6164,1,57613871723,2502412,0
57.6215,1,57619003735,2502412,0
57.6216,1,57621569147,73000,1
57.6216,3,57621569741,73000,1
57.6242,1,57621649741,2502412,0
57.6267,2,57624179747,2502412,0
57.6321,4,57629552165,2502412,0
57.6346,4,57632090577,2502412,0
57.6371,2,57634620583,2502412,0
57.6372,2,57637167995,73000,1
57.6372,1,57637168589,73000,1
57.6398,4,57637257589,2502412,0
57.6423,2,57639814595,2502412,0
57.6474,4,57644910607,2502412,0
57.65,2,57647521613,2502412,0
57.6526,4,57650140619,2502412,0
57.6552,1,57652688625,2502412,0
57.6557,4,57655578637,73000,1
57.6557,2,57655578637,73000,1
57.661,1,57658501049,2502412,0
57.6635,1,57661039461,2502412,0
57.6661,1,57663568873,2502412,0
57.6686,1,57666116285,2502412,0
57.6711,2,57668646291,2502412,0
57.6737,2,57671202703,2502412,0
57.6788,4,57676298715,2502412,0
57.6813,1,57678846721,2502412,0
57.6839,2,57681385727,2502412,0
57.6864,4,57683933733,2502412,0
57.689,1,57686472739,2502412,0
57.6941,2,57691568751,2502412,0
57.6966,4,57694098757,2502412,0
57.6991,2,57696637763,2502412,0
57.7017,2,57699212175,2502412,0
57.7042,1,57701742181,2502412,0
57.7096,2,57707135199,2502412,0
57.7122,4,57709674205,2502412,0
57.7148,1,57712258211,2502412,0
57.7173,4,57714806217,2502412,0
57.7198,3,57717345223,2502412,0
57.7224,2,57719884229,2502412,0
57.7274,1,57724944241,2502412,0
57.73,3,57727474247,2502412,0
57.7328,1,57730316659,2502412,0
57.7329,3,57732846665,73000,1
57.7329,2,57732846665,73000,1
57.7355,4,57732962665,2502412,0
57.738,4,57735519077,2502412,0
57.7381,4,57738057489,73000,1
57.7381,1,57738058083,73000,1
57.7408,4,57740740089,73000,1
57.7408,1,57740740089,73000,1
57.7433,2,57740838089,2502412,0
57.7459,3,57743377095,2502412,0
57.751,2,57748527107,2502412,0
57.7511,3,57751066113,73000,1
57.7536,2,57751137113,2502412,0
57.7591,2,57756611131,2502412,0
57.7645,4,57761992549,2502412,0
57.767,2,57764531555,2502412,0
57.7696,3,57767097561,2502412,0
57.7747,1,57772166573,2502412,0
57.7748,3,57774705579,73000,1
57.7748,2,57774705579,73000,1
57.7773,4,57774776579,2502412,0
57.7824,1,57779899591,2502412,0
57.785,4,57782483597,2502412,0
57.7875,1,57785022603,2502412,0
57.7901,2,57787552609,2502412,0
57.7902,3,57790091615,73000,1
57.7927,4,57790198615,2502412,0
57.7953,1,57792764621,2502412,0
57.7978,2,57795303627,2502412,0
57.8032,3,57800687645,2502412,0
57.8057,2,57803217651,2502412,0
57.8083,4,57805756657,2502412,0
57.8108,1,57808286663,2502412,0
57.8133,3,57810834669,2502412,0
57.8159,3,57813382081,2502412,0
57.8184,2,57815912087,2502412,0
57.8235,3,57820990099,2502412,0
57.826,2,57823520105,2502412,0
57.8261,3,57826050111,73000,1
57.8261,1,57826050111,73000,1
57.8261,4,57826050111,73000,1
57.8286,2,57826139111,2502412,0
57.8288,2,57828758523,73000,1
57.8314,4,57828848117,2502412,0
57.8342,3,57831744529,2502412,0
57.8368,4,57834274535,2502412,0
57.8393,3,57836822541,2502412,0
57.8444,1,57841900553,2502412,0
57.8445,3,57844448559,73000,1
57.8445,2,57844448559,73000,1
57.847,3,57844521559,2502412,0
57.8471,1,57847060565,73000,1
57.8471,4,57847060565,73000,1
57.8496,2,57847131565,2502412,0
57.8522,1,57849688571,2502412,0
57.8576,1,57855072589,2502412,0
57.8601,2,57857620595,2502412,0
57.8627,3,57860150601,2502412,0
57.8631,3,57863020607,73000,1
57.8631,4,57863020607,73000,1
57.8656,2,57863091607,2502412,0
57.8681,4,57865621613,2502412,0
57.8707,1,57868169619,2502412,0
57.8758,3,57873292631,2502412,0
57.8783,2,57875822637,2502412,0
57.8809,2,57878352049,2502412,0
57.8834,4,57880891055,2502412,0
57.8859,1,57883421061,2502412,0
57.8885,2,57885987067,2502412,0
57.8886,4,57888526073,73000,1
57.8911,3,57888606073,2502412,0
57.8936,1,57891136079,2502412,0
57.8962,2,57893684085,2502412,0
57.8987,2,57896213497,2502412,0
57.8989,1,57898779503,73000,1
57.8989,3,57898779503,73000,1
57.9014,1,57898859503,2502412,0
57.9042,2,57901713515,2502412,0
57.9093,2,57906773527,2502412,0
57.9119,2,57909374939,2502412,0
57.9144,1,57911913945,2502412,0
57.9169,4,57914443951,2502412,0
57.9196,1,57919575963,73000,1
57.9196,2,57919575963,73000,1
57.9222,3,57919655963,2502412,0
57.9247,4,57922185969,2502412,0
57.9273,4,57924778381,2502412,0
57.9324,1,57929856393,2502412,0
57.9349,3,57932386399,2502412,0
57.9378,2,57935264811,2502412,0
57.9403,1,57937794817,2502412,0
57.9428,4,57940324823,2502412,0
57.9429,1,57942872829,73000,1
57.9429,2,57942872829,73000,1
57.9456,3,57945509835,73000,1
57.9456,1,57945509835,73000,1
57.9481,4,57945625835,2502412,0
57.9536,4,57951063853,2502412,0
57.9537,2,57953602859,73000,1
57.9537,3,57953602859,73000,1
57.9562,2,57953691859,2502412,0
57.9613,2,57958796871,2502412,0
57.9638,4,57961335877,2502412,0
57.9664,1,57963874883,2502412,0
57.9668,1,57966735889,73000,1
57.9668,3,57966735889,73000,1
57.9693,2,57966815889,2502412,0
57.9744,4,57971893901,2502412,0
57.9769,1,57974423907,2502412,0
57.9771,1,57976989319,73000,1
57.9771,2,57976989913,73000,1
57.9772,4,57977123913,73000,1
57.9797,1,57977203913,2502412,0
57.9823,1,57979760325,2502412,0
57.9848,4,57982290331,2502412,0
57.9873,4,57984846743,2502412,0
57.9924,2,57989924755,2502412,0
57.995,1,57992454761,2502412,0
57.9975,4,57994984767,2502412,0
58.0001,1,57997595773,2502412,0
58.0055,2,58002961791,2502412,0
58.008,1,58005491797,2502412,0
58.0105,4,58008030803,2502412,0
58.0131,2,58010560809,2502412,0
58.0156,4,58013090815,2502412,0
58.0182,1,58015656821,2502412,0
58.0233,4,58020752833,2502412,0
58.0258,1,58023282839,2502412,0
58.0259,1,58025830251,73000,1
58.0259,2,58025830845,73000,1
58.0284,4,58025910845,2502412,0
58.0336,4,58031078857,2502412,0
58.0391,2,58036550869,2502412,0
58.0392,4,58039098875,73000,1
58.0392,1,58039098875,73000,1
58.0443,2,58041780881,2502412,0
58.0468,2,58044310293,2502412,0
58.0493,4,58046840299,2502412,0
58.0544,4,58051936311,2502412,0
58.0573,2,58054781323,2502412,0
58.0598,3,58057311329,2502412,0
58.0623,4,58059841335,2502412,0
58.0649,4,58062388747,2502412,0
58.065,4,58064945159,73000,1
58.065,2,58064945753,73000,1
58.0675,3,58065016753,2502412,0
58.0704,1,58067859759,2502412,0
58.0705,3,58070407765,73000,1
58.0705,4,58070407765,73000,1
58.073,2,58070532765,2502412,0
58.0781,1,58075628777,2502412,0
58.0807,2,58078176783,2502412,0
58.0832,3,58080742789,2502412,0
58.0858,1,58083290795,2502412,0
58.0883,2,58085820801,2502412,0
58.0934,2,58090880813,2502412,0
58.0959,2,58093410225,2502412,0
58.0985,3,58095976231,2502412,0
58.101,2,58098533237,2502412,0
58.1012,1,58101081243,73000,1
58.1041,2,58104015255,73000,1
58.1041,3,58104015255,73000,1
58.1066,2,58104140255,2502412,0
58.1068,3,58106679261,73000,1
58.1068,1,58106679261,73000,1
58.1118,4,58109316267,2502412,0
58.1143,4,58111845679,2502412,0
58.1145,4,58114429091,73000,1
58.1145,2,58114429685,73000,1
58.117,2,58114509685,2502412,0
58.1222,2,58119650697,2502412,0
58.1273,4,58124773709,2502412,0
58.1298,1,58127303715,2502412,0
58.1323,2,58129842721,2502412,0
58.1325,4,58132390727,73000,1
58.135,1,58132488727,2502412,0
58.1351,1,58135018139,73000,1
58.1351,3,58135018733,73000,1
58.1376,1,58135116733,2502412,0
58.1401,1,58137646145,2502412,0
58.1406,2,58140506557,73000,1
58.1431,1,58140577557,2502412,0
58.1457,4,58143188563,2502412,0
58.1482,1,58145736569,2502412,0
58.1509,1,58150796581,73000,1
58.1509,3,58150796581,73000,1
58.1537,4,58151227587,2502412,0
58.1539,2,58153793593,73000,1
58.1564,4,58153891593,2502412,0
58.1589,4,58156421005,2502412,0
58.1615,1,58158969011,2502412,0
58.164,1,58161516423,2502412,0
58.1691,4,58166612435,2502412,0
58.1717,1,58169151441,2502412,0
58.1745,1,58172021447,2502412,0
58.1796,1,58177117459,2502412,0
58.1797,4,58179665465,73000,1
58.1797,3,58179665465,73000,1
58.1823,2,58179772465,2502412,0
58.1824,2,58182328877,73000,1
58.1824,4,58182329471,73000,1
58.1849,1,58182400471,2502412,0
58.1875,1,58184983883,2502412,0
58.19,4,58187513889,2502412,0
58.1951,1,58192627901,2502412,0
58.1977,4,58195157907,2502412,0
58.2002,2,58197714913,2502412,0
58.2056,1,58203116931,2502412,0
58.2082,2,58205682937,2502412,0
58.2107,4,58208212943,2502412,0
58.2158,1,58213308955,2502412,0
58.2184,2,58215847961,2502412,0
58.2209,1,58218413967,2502412,0
58.221,2,58220943973,73000,1
58.221,4,58220943973,73000,1
58.2261,1,58223571979,2502412,0
58.2286,2,58226137985,2502412,0
58.2312,1,58228721991,2502412,0
58.2363,1,58233800003,2502412,0
58.2388,2,58236330009,2502412,0
58.2414,4,58238869015,2502412,0
58.2418,2,58241738427,73000,1
58.2418,1,58241738427,73000,1
58.2443,4,58241818427,2502412,0
58.2495,4,58246986439,2502412,0
58.252,4,58249533851,2502412,0
58.2524,2,58252369863,73000,1
58.255,1,58252530863,2502412,0
58.2577,1,58257599875,73000,1
58.2577,4,58257599875,73000,1
58.2578,1,58257733875,73000,1
58.2655,4,58263035293,2502412,0
58.2681,1,58265592299,2502412,0
58.2682,4,58268131305,73000,1
58.2707,1,58268220305,2502412,0
58.2733,2,58270777311,2502412,0
58.2761,2,58273620317,2502412,0
58.2787,2,58276158729,2502412,0
58.2838,1,58281254741,2502412,0
58.2863,1,58283784153,2502412,0
58.2888,2,58286323159,2502412,0
58.2914,4,58288862165,2502412,0
58.2939,4,58291409577,2502412,0
58.2964,4,58293938989,2502412,0
58.299,2,58296468995,2502412,0
58.3044,1,58301871013,2502412,0
58.3069,2,58304428019,2502412,0
58.3095,4,58306994025,2502412,0
58.312,1,58309524031,2502412,0
58.3147,1,58314620043,73000,1
58.3147,2,58314620043,73000,1
58.3173,4,58314754043,2502412,0
58.3198,4,58317310455,2502412,0
58.3249,1,58322388467,2502412,0
58.3275,2,58324963473,2502412,0
58.3276,4,58327520479,73000,1
58.3301,1,58327618479,2502412,0
58.3327,2,58330184485,2502412,0
58.3378,1,58335262497,2502412,0
58.3404,2,58337873503,2502412,0
58.3458,1,58343282515,2502412,0
58.3483,4,58345812521,2502412,0
58.3509,4,58348350933,2502412,0
58.3562,2,58353743951,2502412,0
58.3588,1,58356273957,2502412,0
58.3613,4,58358821963,2502412,0
58.3615,4,58361414375,73000,1
58.3615,1,58361414969,73000,1
58.364,2,58361512969,2502412,0
58.3666,2,58364105381,2502412,0
58.3717,2,58369237393,2502412,0
58.3743,4,58371767399,2502412,0
58.3797,2,58377176411,2502412,0
58.3822,1,58379706417,2502412,0
58.3847,4,58382245423,2502412,0
58.3873,2,58384784429,2502412,0
58.3924,4,58389862441,2502412,0
58.3925,2,58392419447,73000,1
58.3925,1,58392419447,73000,1
58.395,4,58392517447,2502412,0
58.3952,3,58395092453,73000,1
58.3977,4,58395244453,2502412,0
58.4031,2,58400628471,2502412,0
58.4057,1,58403185477,2502412,0
58.4082,1,58405723889,2502412,0
58.4108,1,58408253301,2502412,0
58.4133,2,58410783307,2502412,0
58.4134,4,58413313313,73000,1
58.4159,2,58413429313,2502412,0
58.4185,1,58416004319,2502412,0
58.421,1,58418533731,2502412,0
58.4261,1,58423620743,2502412,0
58.4287,2,58426177749,2502412,0
58.4312,4,58428743755,2502412,0
58.4363,1,58433812767,2502412,0
58.4389,2,58436360773,2502412,0
58.4414,2,58438890185,2502412,0
58.4439,1,58441429191,2502412,0
58.4465,4,58443995197,2502412,0
58.4519,2,58449394615,2502412,0
58.4548,2,58452248627,2502412,0
58.4573,1,58454778633,2502412,0
58.4599,4,58457353639,2502412,0
58.46,1,58459892645,73000,1
58.4625,2,58459990645,2502412,0
58.465,4,58462529651,2502412,0
58.4702,2,58467670663,2502412,0
58.4703,2,58470218075,73000,1
58.4703,1,58470218669,73000,1
58.4728,4,58470298669,2502412,0
58.4779,4,58475439681,2502412,0
58.4834,4,58480875693,2502412,0
58.4859,2,58483441699,2502412,0
58.4885,4,58485989705,2502412,0
58.4936,2,58491049717,2502412,0
58.4937,4,58493606723,73000,1
58.4937,1,58493606723,73000,1
58.4962,1,58493704723,2502412,0
58.4987,2,58496243729,2502412,0
58.4989,2,58498782141,73000,1
58.5014,1,58498916735,2502412,0
58.5043,1,58501761747,2502412,0
58.5068,4,58504300753,2502412,0
58.5119,1,58509414765,2502412,0
58.5145,4,58511980771,2502412,0
58.517,1,58514510777,2502412,0
58.5221,2,58519588789,2502412,0
58.5246,1,58522145795,2502412,0
58.5248,2,58524693801,73000,1
58.5248,4,58524693801,73000,1
58.5273,1,58524782801,2502412,0
58.5274,4,58527312807,73000,1
58.5299,1,58527410807,2502412,0
58.5325,2,58530021813,2502412,0
58.5376,1,58535117825,2502412,0
58.5402,2,58537656831,2502412,0
58.5427,2,58540204243,2502412,0
58.5478,1,58545309255,2502412,0
58.5507,2,58548160667,2502412,0
58.5532,2,58550699079,2502412,0
58.556,2,58553535091,2502412,0
58.5562,2,58556082503,73000,1
58.5587,1,58556163097,2502412,0
58.5613,4,58558756103,2502412,0
58.5638,1,58561304109,2502412,0
58.5639,2,58563843115,73000,1
58.5665,4,58563968115,2502412,0
58.569,4,58566524527,2502412,0
58.5691,1,58569063533,73000,1
58.5692,4,58569161533,73000,1
58.5744,4,58571870539,2502412,0
58.5795,1,58577002551,2502412,0
58.5799,4,58579845557,73000,1
58.5824,2,58579943557,2502412,0
58.585,1,58582491563,2502412,0
58.5901,1,58587578575,2502412,0
58.5902,1,58590134987,73000,1
58.5902,2,58590135581,73000,1
58.5954,4,58592853587,2502412,0
58.6004,4,58597940599,2502412,0
58.6033,2,58600803611,2502412,0
58.6034,1,58603360617,73000,1
58.6059,2,58603431617,2502412,0
58.6085,2,58605970029,2502412,0
58.611,4,58608536035,2502412,0
58.6161,2,58613623047,2502412,0
58.6187,4,58616180053,2502412,0
58.6212,2,58618719059,2502412,0
58.6264,2,58623851071,2502412,0
58.6265,4,58626381077,73000,1
58.6265,1,58626381077,73000,1
58.629,2,58626497077,2502412,0
58.6291,1,58629036083,73000,1
58.6317,4,58629179083,2502412,0
58.6342,2,58631727089,2502412,0
58.6393,2,58636787101,2502412,0
58.6418,4,58639335107,2502412,0
58.6444,4,58641864519,2502412,0
58.6469,2,58644394525,2502412,0
58.6494,2,58646923937,2502412,0
58.652,2,58649453349,2502412,0
58.6524,1,58652304761,73000,1
58.6577,2,58655231773,2502412,0
58.6603,2,58657779185,2502412,0
58.6628,4,58660309191,2502412,0
58.6654,2,58662893197,2502412,0
58.668,4,58665459203,2502412,0
58.6731,2,58670564215,2502412,0
58.6757,4,58673157221,2502412,0
58.6783,4,58678253233,73000,1
58.6783,2,58678253233,73000,1
58.6808,2,58678342233,2502412,0
58.6863,4,58683804651,2502412,0
58.6889,2,58686361657,2502412,0
58.6939,4,58691439669,2502412,0
58.6965,2,58693969675,2502412,0
58.699,2,58696526087,2502412,0
58.7016,4,58699065093,2502412,0
58.702,4,58701928105,73000,1
58.7046,4,58702062105,2502412,0
58.7071,2,58704601111,2502412,0
58.7122,4,58709697123,2502412,0
58.7147,4,58712226535,2502412,0
58.7173,2,58714765541,2502412,0
58.7199,2,58717348953,2502412,0
58.7249,2,58722444965,2502412,0
58.7275,4,58724974971,2502412,0
58.7326,2,58730115983,2502412,0
58.7351,4,58732645989,2502412,0
58.7353,4,58735247401,73000,1
58.7378,2,58735318995,2502412,0
58.738,2,58737938407,73000,1
58.7405,4,58738010001,2502412,0
58.7457,4,58743196013,2502412,0
58.7508,4,58748310025,2502412,0
58.7537,2,58751173037,2502412,0
58.759,2,58756545455,2502412,0
58.7616,4,58759084461,2502412,0
58.7641,4,58761640873,2502412,0
58.7692,2,58766745885,2502412,0
58.7718,2,58769293297,2502412,0
58.7743,4,58771823303,2502412,0
58.7769,4,58774361715,2502412,0
58.7794,4,58776900127,2502412,0
58.7845,2,58782005139,2502412,0
58.785,2,58784893145,73000,1
58.785,4,58784893145,73000,1
58.7901,4,58787638151,2502412,0
58.7978,2,58795317575,2502412,0
58.8004,4,58797865581,2502412,0
58.8008,4,58800728593,73000,1
58.8009,2,58800844593,73000,1
58.8009,4,58800844593,73000,1
58.8034,2,58800924593,2502412,0
58.8085,2,58806020605,2502412,0
58.8111,4,58808613611,2502412,0
58.8136,4,58811143023,2502412,0
58.8162,2,58813673029,2502412,0
58.8212,2,58818733041,2502412,0
58.8238,2,58821298453,2502412,0
58.8263,4,58823837459,2502412,0
58.8264,4,58826366871,73000,1
58.8264,2,58826367465,73000,1
58.8315,4,58829022471,2502412,0
58.8341,2,58831552477,2502412,0
58.8366,4,58834136483,2502412,0
58.8392,2,58836666489,2502412,0
58.8417,2,58839204901,2502412,0
58.8418,4,58841743907,73000,1
58.8443,4,58841841907,2502412,0
58.8469,2,58844416913,2502412,0
58.8495,4,58846955919,2502412,0
58.8546,2,58852051931,2502412,0
58.8578,4,58855272149,2502412,0
58.8603,2,58857802155,2502412,0
58.8654,4,58862925167,2502412,0
58.868,2,58865455173,2502412,0
58.8707,2,58870578185,73000,1
58.8707,3,58870578185,73000,1
58.8732,4,58870667185,2502412,0
58.8783,4,58875799197,2502412,0
58.8809,4,58878355609,2502412,0
58.8836,4,58883478621,73000,1
58.8836,2,58883478621,73000,1
58.8887,4,58886151627,2502412,0
58.8915,2,58889012633,2502412,0
58.8966,4,58894090645,2502412,0
58.8992,2,58896692651,2502412,0
58.9018,4,58901752663,73000,1
58.9044,2,58901868663,2502412,0
58.9098,2,58907324681,2502412,0
58.9149,4,58912420693,2502412,0
58.9175,2,58915004699,2502412,0
58.92,4,58917534705,2502412,0
58.9251,2,58922612717,2502412,0
58.9277,2,58925178129,2502412,0
58.9302,4,58927717135,2502412,0
58.9327,4,58930246547,2502412,0
58.9378,4,58935324559,2502412,0
58.9404,2,58937854565,2502412,0
58.9429,2,58940383977,2502412,0
58.9431,2,58943003389,73000,1
58.9456,4,58943083983,2502412,0
58.9457,4,58945640395,73000,1
58.9457,2,58945640989,73000,1
58.9458,2,58945765989,73000,1
58.9484,4,58945854989,2502412,0
58.9509,4,58948384401,2502412,0
58.9537,1,58951247413,2502412,0
58.9589,4,58956397425,2502412,0
58.9593,4,58959239837,73000,1
58.9593,1,58959239837,73000,1
58.9645,1,58961975843,2502412,0
58.9695,1,58967044855,2502412,0
58.9721,4,58969610861,2502412,0
58.9746,1,58972140867,2502412,0
58.9797,4,58977209879,2502412,0
58.9823,1,58979766885,2502412,0
58.9848,1,58982305297,2502412,0
58.9899,4,58987419309,2502412,0
58.9928,1,58990325315,2502412,0
58.9954,4,58992864321,2502412,0
59.0005,4,58997987333,2502412,0
59.003,1,59000526339,2502412,0
59.0059,2,59003362351,2502412,0
59.0109,1,59008440363,2502412,0
59.0135,4,59010970369,2502412,0
59.016,1,59013536375,2502412,0
59.0186,4,59016066381,2502412,0
59.0211,1,59018596387,2502412,0
59.0236,2,59021135393,2502412,0
59.0237,2,59023664805,73000,1
59.0262,1,59023736399,2502412,0
59.0288,4,59026338405,2502412,0
59.0314,4,59028876817,2502412,0
59.0339,1,59031415823,2502412,0
59.039,4,59036520835,2502412,0
59.0416,2,59039068841,2502412,0
59.0441,2,59041607253,2502412,0
59.0466,1,59044146259,2502412,0
59.0492,1,59046684671,2502412,0
59.0493,4,59049232677,73000,1
59.0518,2,59049312677,2502412,0
59.0519,1,59051842683,73000,1
59.0548,2,59052255689,2502412,0
59.0599,4,59057396701,2502412,0
59.0628,2,59060248113,2502412,0
59.0653,4,59062778119,2502412,0
59.0678,1,59065308125,2502412,0
59.068,2,59067901131,73000,1
59.0705,4,59067990131,2502412,0
59.0731,1,59070556137,2502412,0
59.0756,4,59073113143,2502412,0
59.0782,1,59075652149,2502412,0
59.0832,1,59080730161,2502412,0
59.0858,1,59083286573,2502412,0
59.0883,2,59085816579,2502412,0
59.0909,4,59088373585,2502412,0
59.0963,1,59093764003,2502412,0
59.0988,4,59096312009,2502412,0
59.0989,1,59098842015,73000,1
59.0989,2,59098842015,73000,1
59.1015,1,59098976015,2502412,0
59.1017,4,59101586021,73000,1
59.1042,1,59101686021,2502412,0
59.107,2,59104531033,2502412,0
59.1096,2,59107060445,2502412,0
59.1121,2,59109625857,2502412,0
59.1147,4,59112155863,2502412,0
59.1148,1,59114685869,73000,1
59.1173,2,59114801869,2502412,0
59.1198,1,59117331875,2502412,0
59.1224,4,59119861881,2502412,0
59.1249,2,59122436887,2502412,0
59.13,4,59127541899,2502412,0
59.1326,1,59130080905,2502412,0
59.1351,4,59132610911,2502412,0
59.1377,1,59135149917,2502412,0
59.1402,2,59137697923,2502412,0
59.1427,1,59140227929,2502412,0
59.1478,1,59145305941,2502412,0
59.1504,4,59147862947,2502412,0
59.1532,2,59150716959,2502412,0
59.1558,1,59153273965,2502412,0
59.1583,4,59155803971,2502412,0
59.1584,2,59158369977,73000,1
59.161,4,59158458977,2502412,0
59.1635,1,59161015983,2502412,0
59.1664,1,59163912395,2502412,0
59.1715,4,59168999407,2502412,0
59.174,2,59171547413,2502412,0
59.1766,1,59174095419,2502412,0
59.1791,1,59176624831,2502412,0
59.1817,4,59179172837,2502412,0
59.1818,1,59181711843,73000,1
59.1843,2,59181782843,2502412,0
59.1868,4,59184312849,2502412,0
59.1894,1,59186887855,2502412,0
59.1919,4,59189444861,2502412,0
59.1921,1,59192001867,73000,1
59.1921,4,59192072867,73000,1
59.1921,2,59192072867,73000,1
59.1946,1,59192143867,2502412,0
59.1975,1,59195013873,2502412,0
59.2001,4,59197552879,2502412,0
59.2002,4,59200082291,73000,1
59.2027,4,59200155291,2502412,0
59.2052,2,59202712297,2502412,0
59.2056,1,59205548309,73000,1
59.2081,4,59205628309,2502412,0
59.2107,1,59208167315,2502412,0
59.2157,2,59213245327,2502412,0
59.2183,4,59215811333,2502412,0
59.2209,4,59218349745,2502412,0
59.2234,1,59220897751,2502412,0
59.2259,2,59223445757,2502412,0
59.2311,1,59228550769,2502412,0
59.2336,4,59231098775,2502412,0
59.2361,2,59233628781,2502412,0
59.2387,2,59236185193,2502412,0
59.2412,1,59238733199,2502412,0
59.2463,1,59243829211,2502412,0
59.2489,4,59246368217,2502412,0
59.2514,3,59248916223,2502412,0
59.2539,4,59251446229,2502412,0
59.2568,2,59254282241,2502412,0
59.2593,2,59256811653,2502412,0
59.2594,3,59259368659,73000,1
59.262,2,59259448659,2502412,0
59.2621,4,59261987665,73000,1
59.2621,1,59261987665,73000,1
59.2646,3,59262058665,2502412,0
59.2674,4,59264901077,2502412,0
59.27,2,59267503083,2502412,0
59.2701,2,59270032495,73000,1
59.2701,1,59270033089,73000,1
59.2702,4,59270113089,73000,1
59.2727,4,59270186089,2502412,0
59.2752,3,59272725095,2502412,0
59.2778,3,59275299507,2502412,0
59.2804,4,59277865513,2502412,0
59.2829,2,59280404519,2502412,0
59.283,2,59282942931,73000,1
59.2831,3,59283050525,73000,1
59.2831,1,59283050525,73000,1
59.2882,4,59285651531,2502412,0
59.2907,4,59288207943,2502412,0
59.2933,2,59290782949,2502412,0
59.2963,4,59296200367,73000,1
59.2963,3,59296200367,73000,1
59.2988,2,59296280367,2502412,0
59.299,2,59298881779,73000,1
59.3044,4,59301915385,2502412,0
59.3095,1,59307029397,2502412,0
59.3121,2,59309595403,2502412,0
59.3146,4,59312134409,2502412,0
59.3197,1,59317239421,2502412,0
59.3223,1,59319786833,2502412,0
59.3248,2,59322325839,2502412,0
59.3299,4,59327403851,2502412,0
59.3324,3,59329933857,2502412,0
59.335,1,59332490863,2502412,0
59.3351,1,59335020275,73000,1
59.3351,2,59335020869,73000,1
59.3376,4,59335100869,2502412,0
59.3377,3,59337657875,73000,1
59.3402,1,59337737875,2502412,0
59.3428,4,59340294881,2502412,0
59.3453,4,59342824293,2502412,0
59.3479,4,59345389705,2502412,0
59.3504,1,59347937711,2502412,0
59.3505,4,59350467717,73000,1
59.3534,2,59350907723,2502412,0
59.3535,2,59353455135,73000,1
59.3535,3,59353455729,73000,1
59.356,1,59353544729,2502412,0
59.3611,4,59358613741,2502412,0
59.3637,1,59361152747,2502412,0
59.3662,4,59363736753,2502412,0
59.3688,1,59366266759,2502412,0
59.3742,1,59371720177,2502412,0
59.3743,4,59374259183,73000,1
59.3743,2,59374259183,73000,1
59.377,1,59376923189,73000,1
59.377,3,59376923189,73000,1
59.3795,1,59377012189,2502412,0
59.3822,1,59382153201,73000,1
59.3822,4,59382153201,73000,1
59.3848,2,59382251201,2502412,0
59.3925,2,59389957625,2502412,0
59.3976,1,59395071637,2502412,0
59.4001,2,59397637643,2502412,0
59.403,2,59400480649,2502412,0
59.4084,4,59405864667,2502412,0
59.4109,2,59408394673,2502412,0
59.4134,2,59410924085,2502412,0
59.416,1,59413454091,2502412,0
59.4185,3,59415984097,2502412,0
59.421,1,59418514103,2502412,0
59.4236,1,59421052515,2502412,0
59.4261,1,59423590927,2502412,0
59.4312,1,59428659939,2502412,0
59.4337,4,59431207945,2502412,0
59.4362,2,59433737951,2502412,0
59.4388,2,59436285363,2502412,0
59.4413,3,59438815369,2502412,0
59.4438,4,59441345375,2502412,0
59.4464,4,59443892787,2502412,0
59.4489,1,59446422793,2502412,0
59.4515,3,59448997799,2502412,0
59.4569,1,59454372817,2502412,0
59.457,1,59456902229,73000,1
59.457,2,59456902823,73000,1
59.4595,3,59456982823,2502412,0
59.462,4,59459512829,2502412,0
59.4646,3,59462060835,2502412,0
59.4671,1,59464617841,2502412,0
59.4697,1,59467165253,2502412,0
59.4701,4,59470025665,73000,1
59.4701,2,59470025665,73000,1
59.4726,3,59470096665,2502412,0
59.4751,3,59472626077,2502412,0
59.4752,2,59475156083,73000,1
59.4777,1,59475227083,2502412,0
59.4803,1,59477765495,2502412,0
59.4828,3,59480295501,2502412,0
59.483,3,59482878913,73000,1
59.483,4,59482879507,73000,1
59.4855,1,59483013507,2502412,0
59.4881,4,59485561513,2502412,0
59.4932,1,59490648525,2502412,0
59.4957,4,59493178531,2502412,0
59.4982,4,59495743943,2502412,0
59.4984,1,59498345949,73000,1
59.5009,3,59498416949,2502412,0
59.5041,4,59501601961,2502412,0
59.5067,3,59504167967,2502412,0
59.5118,3,59509281979,2502412,0
59.5143,4,59511829985,2502412,0
59.5144,3,59514368991,73000,1
59.5144,1,59514368991,73000,1
59.5195,2,59516996997,2502412,0
59.5221,3,59519572003,2502412,0
59.5246,4,59522120009,2502412,0
59.5247,3,59524668015,73000,1
59.5272,2,59524739015,2502412,0
59.5274,4,59527314021,73000,1
59.5274,3,59527314021,73000,1
59.5275,2,59527430021,73000,1
59.5275,1,59527430021,73000,1
59.53,2,59527519021,2502412,0
59.5326,2,59530075433,2502412,0
59.5351,4,59532623439,2502412,0
59.5402,4,59537719451,2502412,0
59.5428,2,59540303457,2502412,0
59.5479,4,59545399469,2502412,0
59.5505,4,59547964881,2502412,0
59.5531,2,59550592887,2502412,0
59.5556,3,59553131893,2502412,0
59.5585,2,59555994905,2502412,0
59.561,2,59558542317,2502412,0
59.5661,4,59563602329,2502412,0
59.5686,3,59566132335,2502412,0
59.5712,2,59568662341,2502412,0
59.5737,3,59571228347,2502412,0
59.5742,3,59574106759,73000,1
59.5742,4,59574106759,73000,1
59.5767,1,59574177759,2502412,0
59.5792,2,59576707765,2502412,0
59.5843,2,59581767777,2502412,0
59.5844,1,59584333783,73000,1
59.5844,3,59584333783,73000,1
59.5869,2,59584404783,2502412,0
59.5895,1,59586961789,2502412,0
59.592,3,59589518795,2502412,0
59.5946,3,59592057207,2502412,0
59.5996,3,59597144219,2502412,0
59.6022,2,59599674225,2502412,0
59.6023,1,59602222231,73000,1
59.6051,4,59602610237,2502412,0
59.608,2,59605480243,2502412,0
59.6105,4,59608028249,2502412,0
59.6156,3,59613097261,2502412,0
59.6157,3,59615626673,73000,1
59.6157,4,59615627267,73000,1
59.6182,2,59615707267,2502412,0
59.6208,1,59618318273,2502412,0
59.6209,1,59620865685,73000,1
59.6209,4,59620866279,73000,1
59.626,2,59623476285,2502412,0
59.6285,3,59626006291,2502412,0
59.6311,1,59628563297,2502412,0
59.6336,3,59631093303,2502412,0
59.6361,1,59633623309,2502412,0
59.6363,1,59636215721,73000,1
59.6388,2,59636287315,2502412,0
59.6413,3,59638826321,2502412,0
59.6439,2,59641383327,2502412,0
59.644,2,59643975739,73000,1
59.644,3,59643976333,73000,1
59.6491,2,59646595339,2502412,0
59.6492,1,59649125345,73000,1
59.6492,3,59649125345,73000,1
59.6517,4,59649223345,2502412,0
59.6518,2,59651753351,73000,1
59.6543,4,59651824351,2502412,0
59.6598,4,59657307369,2502412,0
59.6623,3,59659846375,2502412,0
59.6675,2,59664987387,2502412,0
59.67,4,59667517393,2502412,0
59.6725,3,59670047399,2502412,0
59.6779,3,59675447411,2502412,0
59.6805,3,59678003823,2502412,0
59.683,2,59680542829,2502412,0
59.6856,4,59683072835,2502412,0
59.6881,4,59685611247,2502412,0
59.6906,2,59688141253,2502412,0
59.6907,1,59690671259,73000,1
59.6933,4,59690760259,2502412,0
59.6958,3,59693335265,2502412,0
59.6984,4,59695883271,2502412,0
59.7009,2,59698422277,2502412,0
59.7064,2,59703851295,2502412,0
59.7092,3,59706694301,2502412,0
59.7117,4,59709242307,2502412,0
59.7143,1,59711772313,2502412,0
59.7144,4,59714329319,73000,1
59.7144,2,59714329319,73000,1
59.7169,3,59714400319,2502412,0
59.722,2,59719469331,2502412,0
59.7245,3,59722017337,2502412,0
59.727,2,59724547343,2502412,0
59.7296,3,59727086349,2502412,0
59.7321,1,59729625355,2502412,0
59.7347,4,59732182361,2502412,0
59.7348,3,59734739367,73000,1
59.7373,1,59734819367,2502412,0
59.7374,4,59737358373,73000,1
59.7374,2,59737358373,73000,1
59.74,2,59737465373,2502412,0
59.7425,3,59740031379,2502412,0
59.7451,1,59742561385,2502412,0
59.7476,1,59745099797,2502412,0
59.753,4,59750492815,2502412,0
59.7531,3,59753031821,73000,1
59.7531,2,59753031821,73000,1
59.7556,4,59753102821,2502412,0
59.7581,1,59755632827,2502412,0
59.7607,4,59758180833,2502412,0
59.7632,1,59760737839,2502412,0
59.7658,3,59763276845,2502412,0
59.7659,1,59765806851,73000,1
59.7684,1,59765879851,2502412,0
59.7709,4,59768427857,2502412,0
59.7735,3,59770957863,2502412,0
59.776,4,59773487869,2502412,0
59.7785,1,59776026875,2502412,0
59.7814,4,59778923287,2502412,0
59.784,3,59781453293,2502412,0
59.7865,2,59784001299,2502412,0
59.789,1,59786531305,2502412,0
59.7941,4,59791618317,2502412,0
59.7967,4,59794156729,2502412,0
59.7968,1,59796722735,73000,1
59.7968,2,59796722735,73000,1
59.7968,3,59796722735,73000,1
59.7993,3,59796795735,2502412,0
59.8018,4,59799334741,2502412,0
59.8047,1,59802197753,2502412,0
59.8072,3,59804727759,2502412,0
59.8126,3,59810127177,2502412,0
59.8152,4,59812657183,2502412,0
59.8177,3,59815187189,2502412,0
59.8203,2,59817753195,2502412,0
59.8204,3,59820292201,73000,1
59.8204,1,59820292201,73000,1
59.8229,1,59820390201,2502412,0
59.8254,1,59822919613,2502412,0
59.828,4,59825449619,2502412,0
59.8305,4,59827979031,2502412,0
59.8332,1,59833084043,73000,1
59.8332,2,59833084043,73000,1
59.8357,4,59833227043,2502412,0
59.8383,3,59835766049,2502412,0
59.8408,3,59838295461,2502412,0
59.8434,3,59840851873,2502412,0
59.8485,4,59845956885,2502412,0
59.851,2,59848486891,2502412,0
59.8538,3,59851340903,2502412,0
59.8564,1,59853888909,2502412,0
59.8589,3,59856427915,2502412,0
59.8615,1,59858957921,2502412,0
59.8665,4,59864026933,2502412,0
59.8691,2,59866565939,2502412,0
59.8716,3,59869104945,2502412,0
59.8741,4,59871643951,2502412,0
59.8767,1,59874209957,2502412,0
59.8793,2,59876757963,2502412,0
59.8821,3,59879600375,2502412,0
59.8822,4,59882139381,73000,1
59.8824,3,59882282381,73000,1
59.8824,2,59882282381,73000,1
59.8824,1,59882282381,73000,1
59.8849,2,59882398381,2502412,0
59.8876,2,59887566393,73000,1
59.8876,4,59887566393,73000,1
59.8927,3,59890230399,2502412,0
59.8953,1,59892760405,2502412,0
59.9003,3,59897838417,2502412,0
59.9032,1,59900710429,2502412,0
59.9057,3,59903240435,2502412,0
59.9059,2,59905797441,73000,1
59.9084,3,59905904441,2502412,0
59.911,1,59908461447,2502412,0
59.9138,3,59911304453,2502412,0
59.9189,4,59916400465,2502412,0
59.9214,2,59918939471,2502412,0
59.924,1,59921496477,2502412,0
59.9265,3,59924035483,2502412,0
59.9291,3,59926582895,2502412,0
59.9317,1,59931642907,73000,1
59.9317,4,59931642907,73000,1
59.9318,3,59931740907,73000,1
59.9318,2,59931740907,73000,1
59.9369,4,59934431913,2502412,0
59.9395,1,59936979919,2502412,0
59.942,1,59939518331,2502412,0
59.9446,2,59942048337,2502412,0
59.9447,2,59944595749,73000,1
59.9447,3,59944596343,73000,1
59.9497,4,59947233349,2502412,0
59.9499,4,59949798761,73000,1
59.9499,1,59949799355,73000,1
59.9553,3,59952832367,2502412,0
59.9554,3,59955370779,73000,1
59.9554,4,59955371373,73000,1
59.9605,1,59957972379,2502412,0
59.963,2,59960502385,2502412,0
59.9632,2,59963112797,73000,1
59.9632,1,59963113391,73000,1
59.9683,3,59965786397,2502412,0
59.9734,2,59970900409,2502412,0
59.976,3,59973448415,2502412,0
59.9761,3,59975995827,73000,1
59.9786,1,59976085421,2502412,0
59.9811,2,59978642427,2502412,0
59.9837,1,59981172433,2502412,0
59.9865,1,59984014845,2502412,0
59.9916,2,59989119857,2502412,0
59.9942,4,59991658863,2502412,0
59.9967,4,59994224275,2502412,0
59.9968,1,59996754281,73000,1
59.9968,3,59996754281,73000,1
59.9993,2,59996825281,2502412,0
60.0044,4,60001894293,2502412,0
60.0073,1,60004811305,2502412,0
60.0098,4,60007341311,2502412,0
60.0124,1,60009871317,2502412,0
60.0149,2,60012401323,2502412,0
60.0153,1,60015253329,73000,1
60.0179,4,60015351329,2502412,0
60.0204,1,60017890335,2502412,0
60.0229,2,60020438341,2502412,0
60.0231,1,60022995347,73000,1
60.0231,4,60022995347,73000,1
60.0232,3,60023102347,73000,1
60.0257,2,60023200347,2502412,0
60.0283,2,60025801759,2502412,0
60.0334,1,60030888771,2502412,0
60.0359,4,60033445777,2502412,0
60.0385,1,60035993783,2502412,0
60.041,1,60038523195,2502412,0
60.0461,2,60043592207,2502412,0
60.0487,4,60046176213,2502412,0
60.0512,2,60048706219,2502412,0
60.0513,4,60051245225,73000,1
60.0513,1,60051245225,73000,1
60.0567,2,60054215237,2502412,0
60.0593,2,60056753649,2502412,0
60.0618,1,60059328655,2502412,0
60.0619,1,60061858067,73000,1
60.0644,2,60061938661,2502412,0
60.067,2,60064468073,2502412,0
60.0695,4,60067016079,2502412,0
60.0721,4,60069590491,2502412,0
60.0772,2,60074686503,2502412,0
60.0798,2,60077260915,2502412,0
60.0823,1,60079799921,2502412,0
60.0824,4,60082338927,73000,1
60.085,1,60082454927,2502412,0
60.0878,2,60085315339,2502412,0
60.0905,2,60090465351,73000,1
60.0905,1,60090465351,73000,1
60.0905,3,60090465351,73000,1
60.0956,4,60093129357,2502412,0
60.1008,4,60098252369,2502412,0
60.1036,2,60101124381,2502412,0
60.1063,2,60106184393,73000,1
60.1063,4,60106184393,73000,1
60.1063,1,60106184393,73000,1
60.1088,2,60106257393,2502412,0
60.1113,2,60108840805,2502412,0
60.1165,2,60114017817,2502412,0
60.1219,4,60119408829,2502412,0
60.127,4,60124540841,2502412,0
60.1271,4,60127070253,73000,1
60.1271,2,60127070847,73000,1
60.1322,4,60129734853,2502412,0
60.1348,2,60132264859,2502412,0
60.1373,4,60134812865,2502412,0
60.1399,2,60137360871,2502412,0
60.145,4,60142474883,2502412,0
60.1475,2,60145004889,2502412,0
60.15,1,60147534895,2502412,0
60.1526,2,60150064901,2502412,0
60.1554,2,60152900913,2502412,0
60.1605,4,60158023925,2502412,0
60.1631,2,60160562931,2502412,0
60.1656,1,60163110937,2502412,0
60.1682,4,60165676943,2502412,0
60.1733,2,60170781955,2502412,0
60.1758,1,60173311961,2502412,0
60.1784,4,60175895967,2502412,0
60.1785,1,60178443973,73000,1
60.1786,4,60178532973,73000,1
60.1786,2,60178532973,73000,1
60.1839,1,60183834391,73000,1
60.1839,4,60183834391,73000,1
60.1864,2,60183923391,2502412,0
60.1893,2,60186765803,2502412,0
60.1918,2,60189304215,2502412,0
60.1969,2,60194436227,2502412,0
60.1995,1,60197002233,2502412,0
60.2049,2,60202431251,2502412,0
60.2075,1,60204979257,2502412,0
60.2126,1,60210084269,2502412,0
60.2127,1,60212622681,73000,1
60.2127,2,60212623275,73000,1
60.2127,3,60212623275,73000,1
60.2152,2,60212696275,2502412,0
60.2206,2,60218113693,2502412,0
60.2232,2,60220697105,2502412,0
60.2257,4,60223227111,2502412,0
60.2258,4,60225756523,73000,1
60.2284,2,60225855117,2502412,0
60.2309,2,60228411529,2502412,0
60.2335,1,60230959535,2502412,0
60.2385,2,60236028547,2502412,0
60.2411,1,60238558553,2502412,0
60.2436,2,60241124559,2502412,0
60.2462,2,60243662971,2502412,0
60.2463,2,60246201383,73000,1
60.2463,4,60246201977,73000,1
60.2489,1,60248820983,73000,1
60.2489,2,60248820983,73000,1
60.257,1,60254492001,2502412,0
60.2621,1,60259633013,2502412,0
60.2648,1,60264774025,73000,1
60.2648,2,60264774025,73000,1
60.2649,1,60264863025,73000,1
60.2674,4,60264943025,2502412,0
60.27,1,60267509031,2502412,0
60.2725,4,60270039037,2502412,0
60.2751,4,60272568449,2502412,0
60.2801,1,60277637461,2502412,0
60.2827,4,60280167467,2502412,0
60.2853,4,60282750879,2502412,0
60.2878,4,60285280291,2502412,0
60.2903,1,60287828297,2502412,0
60.2958,4,60293263715,2502412,0
60.2983,1,60295811721,2502412,0
60.3037,4,60301222739,2502412,0
60.3063,1,60303788745,2502412,0
60.309,1,60308920757,73000,1
60.309,2,60308920757,73000,1
60.3115,4,60308991757,2502412,0
60.3166,4,60314105769,2502412,0
60.3191,4,60316644181,2502412,0
60.3217,1,60319174187,2502412,0
60.3245,1,60322026193,2502412,0
60.3297,1,60327149205,2502412,0
60.3322,4,60329697211,2502412,0
60.3347,4,60332235623,2502412,0
60.3373,1,60334774629,2502412,0
60.3398,4,60337322635,2502412,0
60.3449,1,60342409647,2502412,0
60.3475,1,60344984059,2502412,0
60.35,4,60347532065,2502412,0
60.3529,1,60350368077,2502412,0
60.3579,1,60355446089,2502412,0
60.3581,1,60358002501,73000,1
60.3581,4,60358003095,73000,1
60.3632,1,60360730101,2502412,0
60.3658,1,60363277513,2502412,0
60.3709,4,60368364525,2502412,0
60.3734,1,60370912531,2502412,0
60.376,4,60373460537,2502412,0
60.3785,1,60376008543,2502412,0
60.3836,1,60381068555,2502412,0
60.3861,1,60383624967,2502412,0
60.3887,4,60386181973,2502412,0
60.3941,1,60391617985,2502412,0
60.3967,2,60394165991,2502412,0
60.3992,4,60396722997,2502412,0
60.3993,2,60399262003,73000,1
60.3993,1,60399262003,73000,1
60.4047,2,60402169015,2502412,0
60.4073,4,60404753021,2502412,0
60.4124,2,60409876033,2502412,0
60.4149,1,60412406039,2502412,0
60.4174,4,60414945045,2502412,0
60.42,2,60417502051,2502412,0
60.4254,4,60422892469,2502412,0
60.428,4,60425448881,2502412,0
60.4305,1,60427987887,2502412,0
60.433,2,60430517893,2502412,0
60.4332,1,60433092899,73000,1
60.4332,4,60433092899,73000,1
60.4382,2,60435693905,2502412,0
60.4407,2,60438232317,2502412,0
60.4433,4,60440780323,2502412,0
60.4458,4,60443327735,2502412,0
60.4484,2,60445866741,2502412,0
60.4509,4,60448396747,2502412,0
60.4537,2,60451232759,2502412,0
60.4563,2,60453762171,2502412,0
60.4564,4,60456301177,73000,1
60.4565,2,60456435177,73000,1
60.4565,1,60456435177,73000,1
60.459,4,60456506177,2502412,0
60.4616,4,60459062589,2502412,0
60.4667,4,60464185601,2502412,0
60.4692,2,60466715607,2502412,0
60.4718,2,60469290019,2502412,0
60.4769,4,60474386031,2502412,0
60.4795,2,60476952037,2502412,0
60.4796,4,60479536043,73000,1
60.4822,2,60479670043,2502412,0
60.4873,1,60484757055,2502412,0
60.4898,4,60487287061,2502412,0
60.4923,2,60489817067,2502412,0
60.4949,4,60492365073,2502412,0
60.4977,1,60495216485,2502412,0
60.5002,2,60497746491,2502412,0
60.5003,1,60500276497,73000,1
60.5032,1,60500716503,2502412,0
60.5057,4,60503246509,2502412,0
60.5059,4,60505811921,73000,1
60.5059,2,60505812515,73000,1
60.5084,1,60505892515,2502412,0
60.5135,1,60510970527,2502412,0
60.516,1,60513535939,2502412,0
60.5162,2,60516137945,73000,1
60.5187,1,60516235945,2502412,0
60.5213,4,60518783951,2502412,0
60.5264,2,60523897963,2502412,0
60.5268,2,60526776969,73000,1
60.5268,1,60526776969,73000,1
60.5268,3,60526776969,73000,1
60.5294,4,60526847969,2502412,0
60.5344,4,60531934981,2502412,0
60.537,4,60534482393,2502412,0
60.5395,1,60537030399,2502412,0
60.5421,4,60539587405,2502412,0
60.5472,4,60544656417,2502412,0
60.5497,4,60547185829,2502412,0
60.5523,1,60549751835,2502412,0
60.5524,2,60552281841,73000,1
60.5524,4,60552361841,73000,1
60.5578,1,60555313853,2502412,0
60.5604,1,60557915265,2502412,0
60.5629,1,60560444677,2502412,0
60.5631,4,60562992683,73000,1
60.5656,2,60563108683,2502412,0
60.5681,1,60565638689,2502412,0
60.5709,1,60570788701,73000,1
60.5709,2,60570788701,73000,1
60.5734,1,60570868701,2502412,0
60.5785,4,60576018713,2502412,0
60.5811,1,60578575719,2502412,0
60.5836,4,60581105725,2502412,0
60.5887,2,60586201737,2502412,0
60.5913,4,60588749743,2502412,0
60.5938,2,60591279749,2502412,0
60.5939,1,60593836755,73000,1
60.5965,4,60593952755,2502412,0
60.5993,1,60596795167,2502412,0
60.6018,2,60599334173,2502412,0
60.6072,4,60604736191,2502412,0
60.6098,2,60607275197,2502412,0
60.6123,1,60609823203,2502412,0
60.6149,2,60612353209,2502412,0
60.6174,4,60614901215,2502412,0
60.6175,2,60617440221,73000,1
60.6176,4,60617574221,73000,1
60.6176,1,60617574221,73000,1
60.6202,2,60617654221,2502412,0
60.6227,2,60620219633,2502412,0
60.6278,2,60625306645,2502412,0
60.6307,2,60628167651,2502412,0
60.6332,1,60630724657,2502412,0
60.6333,1,60633263069,73000,1
60.6359,2,60633379663,2502412,0
60.6384,4,60635909669,2502412,0
60.6386,4,60638484081,73000,1
60.6411,2,60638600675,2502412,0
60.6437,1,60641148681,2502412,0
60.6462,1,60643678093,2502412,0
60.6513,2,60648765105,2502412,0
60.6541,4,60651628117,2502412,0
60.6567,1,60654176123,2502412,0
60.6618,1,60659272135,2502412,0
60.6643,2,60661802141,2502412,0
60.6669,4,60664368147,2502412,0
60.6694,1,60666925153,2502412,0
60.6745,1,60672003165,2502412,0
60.677,2,60674533171,2502412,0
60.6796,2,60677080583,2502412,0
60.6821,1,60679610589,2502412,0
60.6847,4,60682158595,2502412,0
60.6872,4,60684715007,2502412,0
60.6923,2,60689784019,2502412,0
60.6924,2,60692313431,73000,1
60.6924,1,60692314025,73000,1
60.695,4,60692457025,2502412,0
60.6975,1,60695005031,2502412,0
60.7,1,60697543443,2502412,0
60.703,4,60700483855,2502412,0
60.7059,1,60703355867,2502412,0
60.7084,4,60705885873,2502412,0
60.7109,4,60708415285,2502412,0
60.716,2,60713511297,2502412,0
60.7186,2,60716076709,2502412,0
60.7211,1,60718615715,2502412,0
60.7237,4,60721154721,2502412,0
60.7238,2,60723729727,73000,1
60.7264,4,60723854727,2502412,0
60.7289,1,60726384733,2502412,0
60.7314,4,60728941739,2502412,0
60.7319,4,60731802745,73000,1
60.7344,4,60731927745,2502412,0
60.737,1,60734457751,2502412,0
60.7421,2,60739580763,2502412,0
60.7446,4,60742146769,2502412,0
60.7472,1,60744685775,2502412,0
60.7523,4,60749754787,2502412,0
60.7551,2,60752626799,2502412,0
60.7577,4,60755156805,2502412,0
60.7602,1,60757695811,2502412,0
60.7653,2,60762800823,2502412,0
60.7679,1,60765357829,2502412,0
60.7704,2,60767887835,2502412,0
60.7729,4,60770417841,2502412,0
60.7755,2,60772947847,2502412,0
60.778,4,60775477853,2502412,0
60.7831,2,60780564865,2502412,0
60.7856,1,60783130871,2502412,0
60.7858,1,60785696283,73000,1
60.7858,2,60785696877,73000,1
60.7883,4,60785767877,2502412,0
60.7908,2,60788297883,2502412,0
60.7933,4,60790827889,2502412,0
60.7934,4,60793375301,73000,1
60.7934,2,60793375895,73000,1
60.7962,1,60796102901,73000,1
60.7962,2,60796102901,73000,1
60.8012,4,60798739907,2502412,0
60.8041,4,60801582319,2502412,0
60.8069,4,60804436331,2502412,0
60.8121,4,60809613343,2502412,0
60.8122,4,60812151755,73000,1
60.8148,2,60812250349,2502412,0
60.8173,2,60814788761,2502412,0
60.8198,1,60817327767,2502412,0
60.8249,4,60822396779,2502412,0
60.8275,2,60824953785,2502412,0
60.83,2,60827501197,2502412,0
60.8325,4,60830031203,2502412,0
60.8354,1,60832892209,2502412,0
60.8405,4,60837952221,2502412,0
60.843,4,60840499633,2502412,0
60.8456,4,60843056045,2502412,0
60.8481,1,60845586051,2502412,0
60.8506,2,60848116057,2502412,0
60.8535,4,60850961069,2502412,0
60.856,2,60853491075,2502412,0
60.8587,4,60858587087,73000,1
60.8587,1,60858587087,73000,1
60.8612,2,60858658087,2502412,0
60.8613,2,60861259499,73000,1
60.8613,1,60861260093,73000,1
60.8665,4,60864014099,2502412,0
60.8716,4,60869083111,2502412,0
60.8741,2,60871640117,2502412,0
60.8767,4,60874197123,2502412,0
60.8818,1,60879257135,2502412,0
60.8843,2,60881832141,2502412,0
60.8869,1,60884398147,2502412,0
60.892,4,60889467159,2502412,0
60.8945,4,60892032571,2502412,0
60.8971,4,60894561983,2502412,0
60.8996,2,60897091989,2502412,0
60.905,1,60902494007,2502412,0
60.9078,4,60905345419,2502412,0
60.9104,2,60907884425,2502412,0
60.9129,4,60910432431,2502412,0
60.9155,2,60912962437,2502412,0
60.9156,1,60915528443,73000,1
60.9181,2,60915617443,2502412,0
60.9207,4,60918192449,2502412,0
60.9208,1,60920776455,73000,1
60.9233,2,60920847455,2502412,0
60.9259,4,60923404461,2502412,0
60.9285,4,60925960873,2502412,0
60.9286,4,60928508285,73000,1
60.9336,2,60931136885,2502412,0
60.9362,4,60933702891,2502412,0
60.9391,2,60936554897,2502412,0
60.9392,2,60939102309,73000,1
60.9417,4,60939173903,2502412,0
60.9442,4,60941721315,2502412,0
60.9468,2,60944251321,2502412,0
60.9493,4,60946835327,2502412,0
60.9547,2,60952210345,2502412,0
60.9573,1,60954749351,2502412,0
60.9598,4,60957315357,2502412,0
60.9624,1,60959872363,2502412,0
60.9674,2,60964941375,2502412,0
60.97,1,60967498381,2502412,0
60.9726,4,60970055387,2502412,0
60.9751,4,60972593799,2502412,0
60.9776,1,60975132805,2502412,0
60.9778,2,60977680811,73000,1
60.9803,4,60977814811,2502412,0
60.9829,3,60980353817,2502412,0
60.9854,3,60982883229,2502412,0
60.9879,1,60985413235,2502412,0
60.9904,4,60987943241,2502412,0
60.993,3,60990473247,2502412,0
60.9955,4,60993003253,2502412,0
61.0006,2,60998099265,2502412,0
61.0031,1,61000638271,2502412,0
61.006,4,61003483283,2502412,0
61.0089,3,61006352695,2502412,0
61.0114,1,61008882701,2502412,0
61.0139,1,61011412113,2502412,0
61.0164,3,61013942119,2502412,0
61.0215,2,61019029131,2502412,0
61.0241,1,61021559137,2502412,0
61.0266,1,61024097549,2502412,0
61.0291,4,61026627555,2502412,0
61.0317,4,61029165967,2502412,0
61.0318,1,61031695973,73000,1
61.0318,2,61031695973,73000,1
61.0343,3,61031775973,2502412,0
61.0368,1,61034323979,2502412,0
61.0373,4,61037202985,73000,1
61.0398,3,61037291985,2502412,0
61.0423,2,61039839991,2502412,0
61.0449,2,61042387403,2502412,0
61.0474,1,61044926409,2502412,0
61.05,3,61047474415,2502412,0
61.0528,2,61050319427,2502412,0
61.0554,1,61052858433,2502412,0
61.0579,3,61055397439,2502412,0
61.063,4,61060457451,2502412,0
61.0631,4,61063022863,73000,1
61.0631,2,61063023457,73000,1
61.0632,3,61063094457,73000,1
61.0632,1,61063094457,73000,1
61.0657,3,61063201457,2502412,0
61.0708,3,61068342469,2502412,0
61.0734,3,61070880881,2502412,0
61.0759,4,61073419887,2502412,0
61.0785,4,61075949299,2502412,0
61.081,1,61078488305,2502412,0
61.0835,3,61081018311,2502412,0
61.0837,2,61083593317,73000,1
61.0862,4,61083673317,2502412,0
61.0863,4,61086211729,73000,1
61.0863,1,61086212323,73000,1
61.0888,3,61086283323,2502412,0
61.0914,3,61088848735,2502412,0
61.0965,3,61094025747,2502412,0
61.0991,3,61096582159,2502412,0
61.1016,1,61099130165,2502412,0
61.1046,1,61104505183,73000,1
61.1046,4,61104505183,73000,1
61.1071,4,61104603183,2502412,0
61.1096,4,61107132595,2502412,0
61.1125,3,61109984007,2502412,0
61.115,2,61112514013,2502412,0
61.1175,4,61115044019,2502412,0
61.1226,3,61120113031,2502412,0
61.1252,2,61122670037,2502412,0
61.1253,4,61125200043,73000,1
61.1253,1,61125200043,73000,1
61.1278,3,61125280043,2502412,0
61.1303,3,61127836455,2502412,0
61.1329,2,61130384461,2502412,0
61.138,3,61135525473,2502412,0
61.1406,2,61138055479,2502412,0
61.1435,2,61140952485,2502412,0
61.1485,3,61146021497,2502412,0
61.1486,2,61148551503,73000,1
61.1486,4,61148551503,73000,1
61.1511,1,61148640503,2502412,0
61.1516,3,61151512515,73000,1
61.1516,2,61151512515,73000,1
61.1517,1,61151583515,73000,1
61.1517,3,61151585515,73000,1
61.1567,1,61154240521,2502412,0
61.1593,1,61156814933,2502412,0
61.1619,4,61159362939,2502412,0
61.1669,1,61164422951,2502412,0
61.1695,4,61167033957,2502412,0
61.1746,4,61172102969,2502412,0
61.1772,1,61174650975,2502412,0
61.1797,4,61177207981,2502412,0
61.1822,3,61179737987,2502412,0
61.1849,3,61184815999,73000,1
61.1849,1,61184815999,73000,1
61.1874,3,61184904999,2502412,0
61.1899,4,61187435005,2502412,0
61.1925,3,61190028011,2502412,0
61.1952,4,61195124023,73000,1
61.1952,2,61195124023,73000,1
61.1977,1,61195213023,2502412,0
61.2003,3,61197752029,2502412,0
61.2031,3,61200606041,2502412,0
61.2082,1,61205738053,2502412,0
61.2108,1,61208267465,2502412,0
61.2136,3,61211109877,2502412,0
61.2138,4,61213684883,73000,1
61.2163,1,61213773883,2502412,0
61.2188,3,61216303889,2502412,0
61.2215,3,61221453901,73000,1
61.2215,1,61221453901,73000,1
61.2241,1,61221578901,2502412,0
61.2242,3,61224117907,73000,1
61.2244,1,61224287907,73000,1
61.2269,1,61224385907,2502412,0
61.2294,1,61226933319,2502412,0
61.2346,1,61232074331,2502412,0
61.2371,4,61234604337,2502412,0
61.2398,4,61239718349,73000,1
61.2398,1,61239718349,73000,1
61.2452,2,61242739761,2502412,0
61.2454,1,61245278767,73000,1
61.2479,4,61245376767,2502412,0
61.2504,2,61247906773,2502412,0
61.2533,3,61250760785,2502412,0
61.2534,3,61253299197,73000,1
61.2559,4,61253397791,2502412,0
61.2584,4,61255927203,2502412,0
61.261,2,61258484209,2502412,0
61.2611,2,61261031621,73000,1
61.2611,4,61261032215,73000,1
61.2662,4,61263696221,2502412,0
61.2687,1,61266226227,2502412,0
61.2713,4,61268765233,2502412,0
61.2738,3,61271313239,2502412,0
61.2789,1,61276445251,2502412,0
61.2815,3,61278975257,2502412,0
61.2816,4,61281505263,73000,1
61.2816,2,61281505263,73000,1
61.2867,1,61284187269,2502412,0
61.2892,1,61286716681,2502412,0
61.2918,3,61289264687,2502412,0
61.2969,2,61294360699,2502412,0
61.2994,1,61296899705,2502412,0
61.2995,3,61299429711,73000,1
61.2995,4,61299429711,73000,1
61.302,4,61299502711,2502412,0
61.305,1,61304931729,73000,1
61.305,2,61304931729,73000,1
61.3075,2,61305029729,2502412,0
61.3101,4,61307559735,2502412,0
61.3126,2,61310107741,2502412,0
61.313,4,61312959153,73000,1
61.313,3,61312959153,73000,1
61.3181,1,61315578159,2502412,0
61.3206,2,61318117165,2502412,0
61.3258,1,61323285177,2502412,0
61.3283,2,61325824183,2502412,0
61.3309,4,61328399189,2502412,0
61.3334,4,61330928601,2502412,0
61.3385,4,61336015613,2502412,0
61.341,1,61338545619,2502412,0
61.3436,2,61341084625,2502412,0
61.3437,4,61343614631,73000,1
61.3437,3,61343614631,73000,1
61.3491,2,61346591043,2502412,0
61.3516,1,61349130049,2502412,0
61.3521,1,61352011061,73000,1
61.3521,2,61352011061,73000,1
61.3572,1,61354675067,2502412,0
61.3597,1,61357204479,2502412,0
61.3622,4,61359734485,2502412,0
61.3648,1,61362273491,2502412,0
61.3673,4,61364803497,2502412,0
61.3699,4,61367350909,2502412,0
61.37,2,61369907915,73000,1
61.3725,1,61370005915,2502412,0
61.3751,1,61372571327,2502412,0
61.3776,4,61375101333,2502412,0
61.3801,3,61377640339,2502412,0
61.3827,3,61380205751,2502412,0
61.3853,4,61385274763,73000,1
61.3853,1,61385274763,73000,1
61.3879,3,61385381763,2502412,0
61.393,4,61390540775,2502412,0
61.3956,3,61393079781,2502412,0
61.3981,1,61395618787,2502412,0
61.3982,4,61398175793,73000,1
61.3983,1,61398246793,73000,1
61.3983,3,61398246793,73000,1
61.4008,2,61398344793,2502412,0
61.4037,3,61401225805,2502412,0
61.4088,1,61406312817,2502412,0
61.4089,3,61408869823,73000,1
61.4089,2,61408869823,73000,1
61.4115,1,61408949823,2502412,0
61.4116,1,61411506235,73000,1
61.4116,2,61411506829,73000,1
61.4166,4,61414116835,2502412,0
61.417,4,61416959247,73000,1
61.417,1,61416959247,73000,1
61.4196,3,61417102247,2502412,0
61.4247,3,61422225259,2502412,0
61.4273,3,61424763671,2502412,0
61.4298,3,61427302083,2502412,0
61.4323,3,61429831495,2502412,0
61.4374,3,61434936507,2502412,0
61.44,4,61437475513,2502412,0
61.4425,1,61440032519,2502412,0
61.4451,3,61442571525,2502412,0
61.4476,4,61445101531,2502412,0
61.453,3,61450483543,2502412,0
61.4558,1,61453328555,2502412,0
61.4584,3,61455867561,2502412,0
61.4609,4,61458406567,2502412,0
61.4634,2,61460936573,2502412,0
61.466,4,61463466579,2502412,0
61.4685,4,61465995991,2502412,0
61.4686,3,61468543997,73000,1
61.4686,1,61468543997,73000,1
61.4711,4,61468614997,2502412,0
61.4712,4,61471153409,73000,1
61.4738,2,61471252003,2502412,0
61.4763,3,61473782009,2502412,0
61.4788,3,61476338421,2502412,0
61.4814,4,61478868427,2502412,0
61.4815,3,61481416433,73000,1
61.4815,2,61481416433,73000,1
61.484,1,61481487433,2502412,0
61.4865,4,61484035439,2502412,0
61.4891,4,61486564851,2502412,0
61.4916,4,61489094263,2502412,0
61.4967,4,61494190275,2502412,0
61.4992,1,61496720281,2502412,0
61.5018,4,61499277287,2502412,0
61.5043,4,61501806699,2502412,0
61.5072,3,61504651711,2502412,0
61.5097,3,61507208123,2502412,0
61.5123,1,61509774129,2502412,0
61.5148,3,61512304135,2502412,0
61.5149,3,61514833547,73000,1
61.5149,2,61514834141,73000,1
61.5203,4,61517757147,2502412,0
61.5228,1,61520305153,2502412,0
61.523,1,61522915565,73000,1
61.523,4,61522916159,73000,1
61.5255,4,61523005159,2502412,0
61.528,3,61525535165,2502412,0
61.5332,3,61530658177,2502412,0
61.5357,4,61533224183,2502412,0
61.5383,3,61535754189,2502412,0
61.541,3,61540877201,73000,1
61.541,4,61540877201,73000,1
61.541,1,61540877201,73000,1
61.541,3,61540957201,73000,1
61.541,4,61540957201,73000,1
61.5412,2,61541100201,73000,1
61.5464,1,61543854207,2502412,0
61.5517,1,61549235625,2502412,0
61.5546,1,61552089637,2502412,0
61.5571,4,61554619643,2502412,0
61.5597,4,61557158055,2502412,0
61.5622,3,61559688061,2502412,0
61.5673,1,61564757073,2502412,0
61.5698,4,61567314079,2502412,0
61.5723,3,61569844085,2502412,0
61.5749,4,61572392091,2502412,0
61.5774,3,61574922097,2502412,0
61.5775,1,61577452103,73000,1
61.5775,2,61577452103,73000,1
61.58,3,61577532103,2502412,0
61.5826,4,61580071109,2502412,0
61.5851,1,61582610115,2502412,0
61.5902,3,61587742127,2502412,0
61.5928,4,61590272133,2502412,0
61.5929,4,61592828545,73000,1
61.5929,1,61592829139,73000,1
61.5954,1,61592936139,2502412,0
61.598,3,61595475145,2502412,0
61.6034,3,61600868163,2502412,0
61.6035,3,61603460575,73000,1
61.6035,1,61603461169,73000,1
61.6086,4,61606125175,2502412,0
61.6138,4,61611293187,2502412,0
61.6163,4,61613822599,2502412,0
61.6164,4,61616352011,73000,1
61.6164,1,61616352605,73000,1
61.6215,3,61618962611,2502412,0
61.6243,3,61621823023,2502412,0
61.6269,1,61624416029,2502412,0
61.627,1,61626945441,73000,1
61.627,3,61626946035,73000,1
61.6296,4,61627116035,2502412,0
61.6347,4,61632176047,2502412,0
61.6372,1,61634706053,2502412,0
61.6398,3,61637263059,2502412,0
61.6423,4,61639793065,2502412,0
61.645,4,61644925077,73000,1
61.645,1,61644925077,73000,1
61.6475,1,61645005077,2502412,0
61.65,4,61647544083,2502412,0
61.6501,3,61650074089,73000,1
61.6502,1,61650145089,73000,1
61.6503,4,61650227089,73000,1
61.6531,1,61650633095,2502412,0
61.656,3,61653476101,2502412,0
61.6585,1,61656024107,2502412,0
61.6587,3,61658617113,73000,1
61.6612,4,61658715113,2502412,0
61.6638,1,61661272119,2502412,0
61.6639,1,61663819531,73000,1
61.6639,4,61663820125,73000,1
61.669,1,61666511131,2502412,0
61.6741,3,61671616143,2502412,0
61.6767,1,61674182149,2502412,0
61.6792,3,61676712155,2502412,0
61.6843,4,61681781167,2502412,0
61.6869,1,61684365173,2502412,0
61.692,3,61689461185,2502412,0
61.6945,3,61691990597,2502412,0
61.697,4,61694520603,2502412,0
61.6996,1,61697104609,2502412,0
61.705,3,61702479627,2502412,0
61.7075,4,61705009633,2502412,0
61.7076,4,61707548045,73000,1
61.7076,3,61707548639,73000,1
61.7102,1,61707673639,2502412,0
61.7129,1,61712859651,73000,1
61.7129,3,61712859651,73000,1
61.718,4,61715487657,2502412,0
61.7181,4,61718062069,73000,1
61.7181,2,61718062663,73000,1
61.7232,3,61720717669,2502412,0
61.7286,3,61726144087,2502412,0
61.7312,3,61728673499,2502412,0
61.7313,3,61731211911,73000,1
61.7313,1,61731212505,73000,1
61.7338,4,61731310505,2502412,0
61.7389,3,61736415517,2502412,0
61.7415,4,61738963523,2502412,0
61.744,3,61741502529,2502412,0
61.7465,3,61744031941,2502412,0
61.7467,4,61746579947,73000,1
61.7492,3,61746650947,2502412,0
61.7517,4,61749189953,2502412,0
61.7542,3,61751719959,2502412,0
61.7574,4,61754886971,2502412,0
61.7599,3,61757434977,2502412,0
61.7625,4,61759964983,2502412,0
61.765,1,61762494989,2502412,0
61.7701,3,61767573001,2502412,0
61.7726,3,61770120413,2502412,0
61.7752,3,61772649825,2502412,0
61.7777,4,61775215831,2502412,0
61.7803,1,61777763837,2502412,0
61.7828,3,61780293843,2502412,0
61.7853,1,61782823849,2502412,0
61.7855,1,61785380261,73000,1
61.788,3,61785451855,2502412,0
61.7905,1,61787981861,2502412,0
61.793,3,61790529867,2502412,0
61.7956,4,61793059873,2502412,0
61.7981,1,61795598879,2502412,0
61.8006,3,61798146885,2502412,0
61.8035,4,61800991897,2502412,0
61.806,4,61803521309,2502412,0
61.8062,4,61806086721,73000,1
61.8087,1,61806185315,2502412,0
61.8112,3,61808742321,2502412,0
61.8138,3,61811307733,2502412,0
61.8139,3,61813837145,73000,1
61.8139,1,61813837739,73000,1
61.8164,4,61813908739,2502412,0
61.8215,1,61819040751,2502412,0
61.8241,4,61821570757,2502412,0
61.8266,3,61824118763,2502412,0
61.8295,1,61826970175,2502412,0
61.8296,3,61829518181,73000,1
61.8296,4,61829518181,73000,1
61.8321,1,61829598181,2502412,0
61.8347,1,61834676193,73000,1
61.8347,3,61834676193,73000,1
61.8347,4,61834676193,73000,1
61.8373,1,61834792193,2502412,0
61.8399,1,61837375605,2502412,0
61.845,1,61842453617,2502412,0
61.8475,4,61845019623,2502412,0
61.8501,4,61847549035,2502412,0
61.853,4,61852969053,73000,1
61.853,1,61852969053,73000,1
61.8558,4,61855678059,73000,1
61.8558,3,61855678059,73000,1
61.8583,1,61855794059,2502412,0
61.8587,1,61858646065,73000,1
61.8612,1,61858719065,2502412,0
61.8638,4,61861276071,2502412,0
61.8663,1,61863824077,2502412,0
61.8689,4,61866372083,2502412,0
61.8739,4,61871432095,2502412,0
61.8765,4,61874024507,2502412,0
61.8791,1,61876563513,2502412,0
61.8816,1,61879092925,2502412,0
61.8841,4,61881622931,2502412,0
61.8867,4,61884152343,2502412,0
61.8918,1,61889248355,2502412,0
61.8943,4,61891787361,2502412,0
61.8969,4,61894361773,2502412,0
61.8994,3,61896891779,2502412,0
61.9019,4,61899439785,2502412,0
61.9023,1,61902275797,73000,1
61.9024,3,61902364797,73000,1
61.9024,1,61902364797,73000,1
61.905,4,61902534797,2502412,0
61.9101,3,61907639809,2502412,0
61.9103,3,61910205221,73000,1
61.9103,4,61910205815,73000,1
61.9154,4,61912887821,2502412,0
61.9181,4,61918037833,73000,1
61.9207,3,61918153833,2502412,0
61.9208,4,61920701839,73000,1
61.9233,1,61920817839,2502412,0
61.9259,3,61923365845,2502412,0
61.9313,2,61928747857,2502412,0
61.9338,4,61931313863,2502412,0
61.9339,2,61933843869,73000,1
61.9339,1,61933843869,73000,1
61.9364,3,61933923869,2502412,0
61.939,2,61936453875,2502412,0
61.944,1,61941513887,2502412,0
61.9441,3,61944052893,73000,1
61.9441,4,61944052893,73000,1
61.9467,2,61944204893,2502412,0
61.9492,1,61946734899,2502412,0
61.9546,2,61952127917,2502412,0
61.9572,3,61954675923,2502412,0
61.9597,4,61957205929,2502412,0
61.9626,1,61960057935,2502412,0
61.9651,1,61962605347,2502412,0
61.9678,4,61967692359,73000,1
61.9678,2,61967692359,73000,1
61.9679,1,61967799359,73000,1
61.9679,3,61967799359,73000,1
61.973,3,61970472365,2502412,0
61.9755,1,61973002371,2502412,0
61.978,1,61975531783,2502412,0
61.9806,3,61978115789,2502412,0
61.9807,1,61980654795,73000,1
61.9808,4,61980752795,73000,1
61.9808,2,61980752795,73000,1
61.9833,3,61980841795,2502412,0
61.9859,3,61983371207,2502412,0
61.9884,4,61985910213,2502412,0
61.9935,3,61991042225,2502412,0
61.9961,4,61993608231,2502412,0
62.0012,1,61998713243,2502412,0
62.0038,3,62001252249,2502412,0
62.0066,4,62004106261,2502412,0
62.0092,4,62006662673,2502412,0
62.0093,1,62009192679,73000,1
62.0118,4,62009263679,2502412,0
62.0143,3,62011829685,2502412,0
62.0169,3,62014377097,2502412,0
62.0194,4,62016907103,2502412,0
62.0219,4,62019445515,2502412,0
62.027,4,62024532527,2502412,0
62.0296,3,62027080533,2502412,0
62.0324,2,62029922945,2502412,0
62.0325,4,62032452951,73000,1
62.0325,1,62032452951,73000,1
62.0351,3,62032550951,2502412,0
62.0376,2,62035089957,2502412,0
62.0427,3,62040239969,2502412,0
62.0453,2,62042778975,2502412,0
62.0478,4,62045317981,2502412,0
62.0532,2,62050746999,2502412,0
62.0558,3,62053277005,2502412,0
62.0583,3,62055806417,2502412,0
62.0584,2,62058345423,73000,1
62.0584,4,62058345423,73000,1
62.0609,3,62058416423,2502412,0
62.0663,3,62063825435,2502412,0
62.0689,2,62066373441,2502412,0
62.0714,1,62068912447,2502412,0
62.074,4,62071451453,2502412,0
62.0765,4,62074016865,2502412,0
62.0766,3,62076555871,73000,1
62.0792,2,62076653871,2502412,0
62.0817,1,62079183877,2502412,0
62.0842,4,62081740883,2502412,0
62.0868,3,62084306889,2502412,0
62.0894,1,62089375901,73000,1
62.0894,2,62089375901,73000,1
62.092,4,62089473901,2502412,0
62.0946,3,62092066907,2502412,0
62.0947,4,62094605913,73000,1
62.0947,1,62094676913,73000,1
62.0948,4,62094678913,73000,1
62.0973,3,62094794913,2502412,0
62.1024,2,62099917925,2502412,0
62.1029,2,62102789937,73000,1
62.1029,3,62102789937,73000,1
62.1106,4,62108064355,2502412,0
62.1157,4,62113169367,2502412,0
62.1182,2,62115699373,2502412,0
62.1207,3,62118238379,2502412,0
62.1233,2,62120777385,2502412,0
62.1284,4,62125882397,2502412,0
62.1309,1,62128412403,2502412,0
62.131,2,62130942409,73000,1
62.131,3,62130942409,73000,1
62.1336,1,62131049409,2502412,0
62.1364,3,62133891821,2502412,0
62.1415,4,62138978833,2502412,0
62.144,4,62141517245,2502412,0
62.1441,4,62144064657,73000,1
62.1441,2,62144065251,73000,1
62.1466,3,62144136251,2502412,0
62.1492,3,62146674663,2502412,0
62.1517,1,62149204669,2502412,0
62.1572,3,62154669687,2502412,0
62.1597,1,62157199693,2502412,0
62.1622,4,62159738699,2502412,0
62.1648,2,62162268705,2502412,0
62.1652,2,62165165711,73000,1
62.1652,4,62165165711,73000,1
62.1703,3,62167766717,2502412,0
62.1728,1,62170314723,2502412,0
62.173,3,62172880729,73000,1
62.173,4,62172880729,73000,1
62.1755,1,62172960729,2502412,0
62.178,1,62175490141,2502412,0
62.1805,2,62178038147,2502412,0
62.1856,2,62183098159,2502412,0
62.1882,1,62185673165,2502412,0
62.1907,4,62188230171,2502412,0
62.1908,1,62190760177,73000,1
62.1908,2,62190760177,73000,1
62.1934,1,62190858177,2502412,0
62.1935,3,62193397183,73000,1
62.1935,2,62193397183,73000,1
62.196,4,62193504183,2502412,0
62.1985,1,62196034189,2502412,0
62.2011,4,62198591195,2502412,0
62.2065,4,62204029213,2502412,0
62.2091,1,62206559219,2502412,0
62.2116,1,62209133631,2502412,0
62.2117,2,62211672637,73000,1
62.2142,2,62211745637,2502412,0
62.2168,4,62214275643,2502412,0
62.2194,1,62216859649,2502412,0
62.2219,4,62219398655,2502412,0
62.222,2,62221937661,73000,1
62.2245,2,62222017661,2502412,0
62.2271,4,62224565667,2502412,0
62.2272,4,62227122079,73000,1
62.2272,3,62227122673,73000,1
62.2297,1,62227211673,2502412,0
62.2348,4,62232289685,2502412,0
62.2376,2,62235132097,2502412,0
62.2402,1,62237698103,2502412,0
62.2403,1,62240245515,73000,1
62.2403,4,62240246109,73000,1
62.2428,2,62240344109,2502412,0
62.2479,2,62245422121,2502412,0
62.2505,4,62248042127,2502412,0
62.2534,2,62250878139,2502412,0
62.2585,1,62255956151,2502412,0
62.261,2,62258486157,2502412,0
62.2636,4,62261052163,2502412,0
62.2665,4,62266451581,73000,1
62.2665,2,62266451581,73000,1
62.269,1,62266540581,2502412,0
62.2742,1,62271690593,2502412,0
62.2743,1,62274265005,73000,1
62.2743,4,62274265599,73000,1
62.2768,2,62274336599,2502412,0
62.2796,2,62279504611,73000,1
62.2796,1,62279504611,73000,1
62.2873,3,62284770029,2502412,0
62.2898,1,62287300035,2502412,0
62.2949,3,62292396047,2502412,0
62.2974,1,62294935053,2502412,0
62.2976,4,62297492059,73000,1
62.2976,2,62297492059,73000,1
62.3026,1,62300102065,2502412,0
62.3055,3,62302956077,2502412,0
62.308,1,62305486083,2502412,0
62.3131,1,62310618095,2502412,0
62.3132,1,62313165507,73000,1
62.3132,3,62313166101,73000,1
62.3134,2,62313291101,73000,1
62.3185,4,62315991107,2502412,0
62.321,2,62318521113,2502412,0
62.3236,3,62321087119,2502412,0
62.3237,1,62323626125,73000,1
62.3238,3,62323715125,73000,1
62.3238,4,62323715125,73000,1
62.3263,2,62323786125,2502412,0
62.3289,1,62326370131,2502412,0
62.3339,2,62331439143,2502412,0
62.3365,1,62333969149,2502412,0
62.3393,2,62336820561,2502412,0
62.3419,1,62339368567,2502412,0
62.3444,1,62341897979,2502412,0
62.3445,3,62344463985,73000,1
62.3471,4,62344552985,2502412,0
62.3496,2,62347100991,2502412,0
62.3521,1,62349630997,2502412,0
62.355,1,62352512009,2502412,0
62.3576,4,62355051015,2502412,0
62.3577,2,62357581021,73000,1
62.3602,1,62357724021,2502412,0
62.3628,4,62360254027,2502412,0
62.3653,1,62362784033,2502412,0
62.3678,3,62365323039,2502412,0
62.3707,1,62368175045,2502412,0
62.3708,3,62370723051,73000,1
62.3708,2,62370723051,73000,1
62.3733,1,62370794051,2502412,0
62.3734,3,62373324057,73000,1
62.3784,4,62375943063,2502412,0
62.381,4,62378526475,2502412,0
62.3836,1,62381065481,2502412,0
62.3837,1,62383621893,73000,1
62.3837,4,62383622487,73000,1
62.3888,3,62386268493,2502412,0
62.3914,4,62388861499,2502412,0
62.394,3,62393957511,73000,1
62.394,1,62393957511,73000,1
62.3966,2,62394055511,2502412,0
62.3991,4,62396585517,2502412,0
62.3992,4,62399123929,73000,1
62.4017,2,62399213523,2502412,0
62.4022,2,62402094535,73000,1
62.4022,1,62402094535,73000,1
62.4047,4,62402183535,2502412,0
62.4098,4,62407261547,2502412,0
62.4123,3,62409818553,2502412,0
62.4174,1,62414941565,2502412,0
62.4175,3,62417471571,73000,1
62.4175,4,62417471571,73000,1
62.4201,2,62417560571,2502412,0
62.4226,2,62420089983,2502412,0
62.4277,2,62425194995,2502412,0
62.4303,1,62427752001,2502412,0
62.4304,2,62430309007,73000,1
62.4304,4,62430309007,73000,1
62.4329,1,62430380007,2502412,0
62.433,1,62432927419,73000,1
62.4355,3,62433044013,2502412,0
62.4381,1,62435628019,2502412,0
62.4435,2,62441028031,2502412,0
62.4461,3,62443567037,2502412,0
62.4486,1,62446133043,2502412,0
62.4513,3,62451202055,73000,1
62.4513,2,62451202055,73000,1
62.4541,1,62451626061,2502412,0
62.4567,3,62454192067,2502412,0
62.4593,3,62459261079,73000,1
62.4593,1,62459261079,73000,1
62.4619,1,62459368079,2502412,0
62.4644,2,62461943085,2502412,0
62.4646,1,62464482091,73000,1
62.4671,1,62464562091,2502412,0
62.4696,4,62467101097,2502412,0
62.4721,1,62469631103,2502412,0
62.475,3,62472474109,2502412,0
62.4751,3,62475021521,73000,1
62.4751,2,62475022115,73000,1
62.4752,4,62475120115,73000,1
62.4752,2,62475120115,73000,1
62.4777,1,62475191115,2502412,0
62.4802,4,62477739121,2502412,0
62.4828,1,62480278127,2502412,0
62.4853,1,62482807539,2502412,0
62.4905,4,62487957551,2502412,0
62.493,3,62490505557,2502412,0
62.4955,1,62493035563,2502412,0
62.4981,1,62495582975,2502412,0
62.5006,3,62498121981,2502412,0
62.5032,1,62500651987,2502412,0
62.5085,1,62506027005,2502412,0
62.5086,1,62508565417,73000,1
62.5086,4,62508566011,73000,1
62.5112,2,62508664011,2502412,0
62.5137,3,62511194017,2502412,0
62.5139,3,62513804429,73000,1
62.5139,2,62513805023,73000,1
62.5139,4,62513805023,73000,1
62.519,1,62516514029,2502412,0
62.5216,1,62519052441,2502412,0
62.5242,3,62524139453,73000,1
62.5242,2,62524139453,73000,1
62.5268,1,62524255453,2502412,0
62.5269,4,62526785459,73000,1
62.5269,2,62526785459,73000,1
62.532,1,62529476465,2502412,0
62.5345,1,62532005877,2502412,0
62.5346,2,62534535883,73000,1
62.5372,1,62534660883,2502412,0
62.5423,1,62539828895,2502412,0
62.5477,1,62545201313,2502412,0
62.5503,1,62547766725,2502412,0
62.5533,1,62553240743,73000,1
62.5533,3,62553240743,73000,1
62.5584,1,62555868749,2502412,0
62.5609,3,62558416755,2502412,0
62.5635,3,62560973167,2502412,0
62.5686,1,62566069179,2502412,0
62.5711,3,62568644185,2502412,0
62.5766,1,62574079603,2502412,0
62.5767,1,62576645015,73000,1
62.5792,3,62576716609,2502412,0
62.5818,2,62579273615,2502412,0
62.5844,2,62584369627,73000,1
62.5844,3,62584369627,73000,1
62.587,3,62584458627,2502412,0
62.5895,3,62587033039,2502412,0
62.5946,1,62592102051,2502412,0
62.5971,4,62594632057,2502412,0
62.5997,2,62597198063,2502412,0
62.6022,1,62599737069,2502412,0
62.6048,1,62602266481,2502412,0
62.6049,1,62604795893,73000,1
62.6049,4,62604796487,73000,1
62.6049,3,62604796487,73000,1
62.6103,2,62607759499,2502412,0
62.6128,3,62610289505,2502412,0
62.6154,1,62612873511,2502412,0
62.6155,1,62615402923,73000,1
62.6155,2,62615403517,73000,1
62.618,4,62615483517,2502412,0
62.6231,3,62620561529,2502412,0
62.6256,4,62623100535,2502412,0
62.6282,4,62625674947,2502412,0
62.6307,3,62628231953,2502412,0
62.6308,4,62630770959,73000,1
62.6333,2,62630841959,2502412,0
62.6359,2,62633371371,2502412,0
62.6384,3,62635937377,2502412,0
62.641,3,62638466789,2502412,0
62.6411,3,62640996201,73000,1
62.6411,2,62640996795,73000,1
62.6436,1,62641067795,2502412,0
62.6437,1,62643606207,73000,1
62.6437,3,62643606801,73000,1
62.6491,4,62646646813,2502412,0
62.6517,2,62649203819,2502412,0
62.6518,2,62651742231,73000,1
62.6547,1,62652164831,2502412,0
62.6548,1,62654712243,73000,1
62.6548,4,62654712837,73000,1
62.6599,1,62657385843,2502412,0
62.66,3,62659951849,73000,1
62.66,2,62659951849,73000,1
62.66,4,62659951849,73000,1
62.6651,1,62662570855,2502412,0
62.6676,1,62665109267,2502412,0
62.6702,1,62667647679,2502412,0
62.6727,4,62670186685,2502412,0
62.6782,1,62675649103,2502412,0
62.6807,4,62678188109,2502412,0
62.6808,2,62680745115,73000,1
62.6833,1,62680834115,2502412,0
62.6835,1,62683426527,73000,1
62.6835,4,62683427121,73000,1
62.6836,1,62683499527,73000,1
62.6836,4,62683500121,73000,1
62.6939,3,62691402951,2502412,0
62.6965,4,62693968957,2502412,0
62.6992,4,62699091969,73000,1
62.6992,3,62699091969,73000,1
62.7017,3,62699164969,2502412,0
62.7045,1,62702018981,2502412,0
62.7046,4,62704557987,73000,1
62.7072,1,62704682987,2502412,0
62.7097,3,62707239993,2502412,0
62.7148,3,62712327005,2502412,0
62.7174,1,62714866011,2502412,0
62.7199,2,62717423017,2502412,0
62.725,3,62722546029,2502412,0
62.7276,1,62725076035,2502412,0
62.7301,2,62727615041,2502412,0
62.7326,1,62730145047,2502412,0
62.7378,3,62735259059,2502412,0
62.7379,3,62737788471,73000,1
62.7379,1,62737789065,73000,1
62.7404,2,62737878065,2502412,0
62.7429,2,62740416477,2502412,0
62.7454,4,62742946483,2502412,0
62.748,2,62745485489,2502412,0
62.7508,2,62748336901,2502412,0
62.7563,2,62753774919,2502412,0
62.7588,4,62756304925,2502412,0
62.7589,4,62758834337,73000,1
62.7589,3,62758834931,73000,1
62.7589,1,62758834931,73000,1
62.7615,2,62758959931,2502412,0
62.7666,4,62764118943,2502412,0
62.7692,4,62766648355,2502412,0
62.7693,2,62769187361,73000,1
62.7718,4,62769294361,2502412,0
62.7743,2,62771824367,2502412,0
62.7794,1,62776929379,2502412,0
62.7798,1,62779772385,73000,1
62.7798,4,62779772385,73000,1
62.7823,2,62779843385,2502412,0
62.7849,4,62782400391,2502412,0
62.7874,1,62784939397,2502412,0
62.7925,2,62790026409,2502412,0
62.7951,3,62792565415,2502412,0
62.7952,2,62795122421,73000,1
62.7952,1,62795122421,73000,1
62.7952,4,62795122421,73000,1
62.7977,3,62795211421,2502412,0
62.8031,3,62800631439,2502412,0
62.8057,1,62803206445,2502412,0
62.8082,2,62805745451,2502412,0
62.8108,4,62808284457,2502412,0
62.8133,4,62810813869,2502412,0
62.8184,3,62815891881,2502412,0
62.8209,2,62818421887,2502412,0
62.8235,3,62820951893,2502412,0
62.826,4,62823481899,2502412,0
62.8285,1,62826020905,2502412,0
62.8286,1,62828550317,73000,1
62.8286,3,62828550911,73000,1
62.8311,2,62828630911,2502412,0
62.8362,2,62833735923,2502412,0
62.8363,2,62836274335,73000,1
62.8363,4,62836274929,73000,1
62.8389,4,62836372929,2502412,0
62.8415,3,62838965935,2502412,0
62.8416,4,62841513941,73000,1
62.8417,3,62841584941,73000,1
62.8417,1,62841584941,73000,1
62.8443,3,62841754941,2502412,0
62.8493,2,62846823953,2502412,0
62.8522,2,62849666365,2502412,0
62.8547,2,62852195777,2502412,0
62.8576,4,62855049789,2502412,0
62.8577,2,62857588795,73000,1
62.8577,3,62857588795,73000,1
62.8627,1,62860225801,2502412,0
62.8653,4,62862764807,2502412,0
62.8679,1,62865357813,2502412,0
62.8704,4,62867896819,2502412,0
62.8755,2,62872992831,2502412,0
62.8756,2,62875522243,73000,1
62.8756,4,62875522837,73000,1
62.8781,1,62875602837,2502412,0
62.8806,3,62878132843,2502412,0
62.8835,4,62880993849,2502412,0
62.886,4,62883532261,2502412,0
62.8911,1,62888646273,2502412,0
62.8937,4,62891176279,2502412,0
62.8962,3,62893715285,2502412,0
62.8988,1,62896263291,2502412,0
62.9013,4,62898820297,2502412,0
62.9042,3,62901747309,2502412,0
62.9068,3,62904276721,2502412,0
62.9093,2,62906806727,2502412,0
62.9094,2,62909336139,73000,1
62.9094,1,62909336733,73000,1
62.9095,3,62909425733,73000,1
62.9095,4,62909425733,73000,1
62.912,1,62909496733,2502412,0
62.9121,1,62912053145,73000,1
62.9121,3,62912053739,73000,1
62.9172,2,62914681745,2502412,0
62.9198,1,62917256751,2502412,0
62.9223,4,62919795757,2502412,0
62.9248,4,62922334169,2502412,0
62.9274,2,62924864175,2502412,0
62.9299,4,62927421181,2502412,0
62.93,4,62929950593,73000,1
62.93,1,62929951187,73000,1
62.9351,2,62932570193,2502412,0
62.9376,4,62935109199,2502412,0
62.9401,1,62937639205,2502412,0
62.9427,2,62940178211,2502412,0
62.9452,1,62942735217,2502412,0
62.9478,2,62945310223,2502412,0
62.9503,1,62947840229,2502412,0
62.9505,4,62950379235,73000,1
62.9533,1,62950810241,2502412,0
62.9562,2,62953661653,2502412,0
62.9587,4,62956191659,2502412,0
62.9612,3,62958721665,2502412,0
62.9638,1,62961260671,2502412,0
62.9663,3,62963817677,2502412,0
62.9664,1,62966356683,73000,1
62.9689,4,62966427683,2502412,0
62.9715,2,62968957689,2502412,0
62.974,1,62971487695,2502412,0
62.9765,3,62974017701,2502412,0
62.9791,1,62976565707,2502412,0
62.9816,2,62979104713,2502412,0
62.9842,1,62981652719,2502412,0
62.9846,1,62984513725,73000,1
62.9846,4,62984513725,73000,1
62.9872,2,62987141731,73000,1
62.9872,3,62987141731,73000,1
62.9898,3,62987248731,2502412,0
62.9923,1,62989805737,2502412,0
62.9924,2,62992371743,73000,1
62.9924,4,62992371743,73000,1
62.995,1,62992451743,2502412,0
62.9975,3,62994999749,2502412,0
63.0029,1,63000383767,2502412,0
63.0054,1,63002922179,2502412,0
63.008,3,63005488185,2502412,0
63.0106,1,63008054191,2502412,0
63.0157,3,63013150203,2502412,0
63.0182,1,63015734209,2502412,0
63.0208,3,63018282215,2502412,0
63.0233,3,63020820627,2502412,0
63.0284,3,63025889639,2502412,0
63.031,1,63028482645,2502412,0
63.0335,1,63031030057,2502412,0
63.0361,3,63033560063,2502412,0
63.0362,2,63036090069,73000,1
63.0387,3,63036161069,2502412,0
63.0412,4,63038727075,2502412,0
63.0438,1,63041275081,2502412,0
63.0463,3,63043823087,2502412,0
63.0489,4,63046362093,2502412,0
63.049,3,63048892099,73000,1
63.0515,4,63049026099,2502412,0
63.0516,1,63051565105,73000,1
63.0541,1,63051645105,2502412,0
63.0599,4,63057350529,2502412,0
63.06,4,63059906941,73000,1
63.06,1,63059907535,73000,1
63.0626,1,63060050535,2502412,0
63.0627,1,63062579947,73000,1
63.0652,3,63062651541,2502412,0
63.0677,1,63065217547,2502412,0
63.0703,1,63067755959,2502412,0
63.0728,4,63070285965,2502412,0
63.0753,4,63072824377,2502412,0
63.0804,3,63077920389,2502412,0
63.083,1,63080450395,2502412,0
63.0855,1,63083024807,2502412,0
63.0884,4,63085867813,2502412,0
63.0909,3,63088415819,2502412,0
63.096,3,63093493831,2502412,0
63.0986,3,63096059243,2502412,0
63.1011,1,63098598249,2502412,0
63.1039,4,63101443261,2502412,0
63.1065,1,63103991267,2502412,0
63.1116,4,63109051279,2502412,0
63.1141,4,63111589691,2502412,0
63.1166,4,63114119103,2502412,0
63.1192,3,63116649109,2502412,0
63.1217,1,63119206115,2502412,0
63.1243,4,63121763121,2502412,0
63.1293,1,63126841133,2502412,0
63.1319,2,63129371139,2502412,0
63.1344,3,63131910145,2502412,0
63.1369,3,63134439557,2502412,0
63.1395,3,63136968969,2502412,0
63.142,1,63139516975,2502412,0
63.1446,4,63142064981,2502412,0
63.1471,2,63144594987,2502412,0
63.1496,3,63147142993,2502412,0
63.1498,4,63149681999,73000,1
63.1523,3,63149797999,2502412,0
63.1548,1,63152328005,2502412,0
63.1577,2,63155182017,2502412,0
63.1605,2,63158042429,2502412,0
63.1631,2,63160571841,2502412,0
63.1656,1,63163110847,2502412,0
63.1657,2,63165649853,73000,1
63.1657,4,63165649853,73000,1
63.1658,1,63165720853,73000,1
63.1658,3,63165720853,73000,1
63.1709,3,63168348859,2502412,0
63.1734,2,63170896865,2502412,0
63.176,3,63173453871,2502412,0
63.1785,1,63176010877,2502412,0
63.1811,3,63178558883,2502412,0
63.1836,1,63181115889,2502412,0
63.1861,2,63183645895,2502412,0
63.1915,1,63189036313,2502412,0
63.1941,3,63191575319,2502412,0
63.1966,4,63194105325,2502412,0
63.1991,1,63196635331,2502412,0
63.2017,3,63199192337,2502412,0
63.2018,3,63201721749,73000,1
63.2018,1,63201722343,73000,1
63.2018,2,63201722343,73000,1
63.2046,4,63202108349,2502412,0
63.2072,1,63204665355,2502412,0
63.2122,4,63209734367,2502412,0
63.2124,4,63212281779,73000,1
63.2124,1,63212282373,73000,1
63.2149,2,63212371373,2502412,0
63.2174,3,63214946379,2502412,0
63.22,3,63217520791,2502412,0
63.2251,2,63222589803,2502412,0
63.2276,1,63225137809,2502412,0
63.2278,3,63227694815,73000,1
63.2278,4,63227694815,73000,1
63.2329,2,63230349821,2502412,0
63.2354,1,63232906827,2502412,0
63.238,2,63235472833,2502412,0
63.2431,2,63240568845,2502412,0
63.2456,3,63243098851,2502412,0
63.2457,2,63245646857,73000,1
63.2457,4,63245646857,73000,1
63.2482,1,63245717857,2502412,0
63.2536,1,63251137875,2502412,0
63.2537,1,63253667287,73000,1
63.2537,3,63253667881,73000,1
63.2563,2,63253810881,2502412,0
63.2617,1,63259237893,2502412,0
63.2643,3,63261794899,2502412,0
63.2668,3,63264333311,2502412,0
63.2669,2,63266863317,73000,1
63.267,1,63266943317,73000,1
63.267,2,63266943317,73000,1
63.2695,1,63267023317,2502412,0
63.2721,3,63269598323,2502412,0
63.2772,1,63274712335,2502412,0
63.2798,3,63277269341,2502412,0
63.2823,3,63279798753,2502412,0
63.2874,1,63284921765,2502412,0
63.29,1,63287469177,2502412,0
63.2928,3,63290312183,2502412,0
63.2979,1,63295408195,2502412,0
63.298,1,63297946607,73000,1
63.298,3,63297947201,73000,1
63.2982,2,63298081201,73000,1
63.2983,1,63298215201,73000,1
63.2983,2,63298215201,73000,1
63.3037,3,63301194213,2502412,0
63.3089,3,63306362225,2502412,0
63.3139,4,63311431237,2502412,0
63.3165,1,63313979243,2502412,0
63.319,4,63316536249,2502412,0
63.3216,3,63319066255,2502412,0
63.3217,1,63321596261,73000,1
63.3217,3,63321667261,73000,1
63.3217,4,63321667261,73000,1
63.3243,4,63321801261,2502412,0
63.3269,1,63324367267,2502412,0
63.3295,1,63329427279,73000,1
63.3295,3,63329427279,73000,1
63.332,4,63329516279,2502412,0
63.3346,4,63332072691,2502412,0
63.3397,4,63337240703,2502412,0
63.3448,4,63342336715,2502412,0
63.3474,1,63344866721,2502412,0
63.3499,4,63347414727,2502412,0
63.3524,1,63349944733,2502412,0
63.3579,4,63355418751,2502412,0
63.3605,1,63357948757,2502412,0
63.3658,3,63363339175,2502412,0
63.3684,3,63365913587,2502412,0
63.371,4,63368452593,2502412,0
63.3735,1,63370982599,2502412,0
63.3786,4,63376051611,2502412,0
63.3811,4,63378590023,2502412,0
63.3836,1,63381120029,2502412,0
63.3862,4,63383668035,2502412,0
63.3887,3,63386198041,2502412,0
63.3912,3,63388727453,2502412,0
63.3938,4,63391284459,2502412,0
63.3966,1,63394127465,2502412,0
63.4017,3,63399196477,2502412,0
63.4021,1,63402059489,73000,1
63.4021,4,63402059489,73000,1
63.4046,3,63402130489,2502412,0
63.4072,4,63404732495,2502412,0
63.4099,4,63409828507,73000,1
63.4099,3,63409828507,73000,1
63.4124,1,63409926507,2502412,0
63.415,2,63412465513,2502412,0
63.4175,4,63414995519,2502412,0
63.42,1,63417543525,2502412,0
63.4202,2,63420100531,73000,1
63.4227,4,63420180531,2502412,0
63.4252,2,63422719537,2502412,0
63.4278,1,63425276543,2502412,0
63.4303,4,63427806549,2502412,0
63.4328,1,63430345555,2502412,0
63.4354,3,63432893561,2502412,0
63.4355,1,63435432567,73000,1
63.4355,2,63435432567,73000,1
63.438,4,63435530567,2502412,0
63.4406,3,63438096573,2502412,0
63.4431,4,63440644579,2502412,0
63.4483,3,63445749591,2502412,0
63.4508,4,63448306597,2502412,0
63.4509,2,63450836603,73000,1
63.4534,2,63450909603,2502412,0
63.4535,3,63453457609,73000,1
63.456,1,63453537609,2502412,0
63.4587,2,63458597621,73000,1
63.4587,4,63458597621,73000,1
63.4615,4,63459037627,2502412,0
63.4641,3,63461585633,2502412,0
63.4669,1,63464428045,2502412,0
63.4695,2,63466985051,2502412,0
63.4746,3,63472054063,2502412,0
63.4771,4,63474593069,2502412,0
63.4796,4,63477122481,2502412,0
63.4822,3,63479652487,2502412,0
63.4823,3,63482199899,73000,1
63.4823,1,63482200493,73000,1
63.4848,4,63482280493,2502412,0
63.4873,2,63484819499,2502412,0
63.4874,2,63487357911,73000,1
63.4874,4,63487358505,73000,1
63.4925,2,63490013511,2502412,0
63.4951,1,63492561517,2502412,0
63.4979,3,63495440523,2502412,0
63.4981,3,63498014935,73000,1
63.4981,1,63498015529,73000,1
63.4981,2,63498015529,73000,1
63.5006,1,63498113529,2502412,0
63.501,1,63500958541,73000,1
63.501,4,63500958541,73000,1
63.5035,3,63501029541,2502412,0
63.5061,2,63503577547,2502412,0
63.5062,3,63506125553,73000,1
63.5088,4,63506277553,2502412,0
63.5113,2,63508816559,2502412,0
63.5114,4,63511346565,73000,1
63.5114,3,63511346565,73000,1
63.5165,1,63514001571,2502412,0
63.5191,4,63516576577,2502412,0
63.5192,2,63519106583,73000,1
63.5193,1,63519186583,73000,1
63.5193,2,63519186583,73000,1
63.5218,3,63519320583,2502412,0
63.5244,4,63521850589,2502412,0
63.5294,1,63526928601,2502412,0
63.5296,1,63529512013,73000,1
63.5296,4,63529512607,73000,1
63.5297,3,63529601607,73000,1
63.5297,4,63529601607,73000,1
63.5322,3,63529690607,2502412,0
63.5373,3,63534831619,2502412,0
63.5399,1,63537379625,2502412,0
63.545,3,63542538637,2502412,0
63.5476,3,63545068049,2502412,0
63.5501,1,63547607055,2502412,0
63.5531,3,63553009073,73000,1
63.5531,2,63553009073,73000,1
63.5556,3,63553089073,2502412,0
63.5607,1,63558194085,2502412,0
63.5633,4,63560778091,2502412,0
63.5658,3,63563308097,2502412,0
63.5662,3,63566150509,73000,1
63.5662,1,63566150509,73000,1
63.5713,3,63568778515,2502412,0
63.5738,4,63571317521,2502412,0
63.579,3,63576467533,2502412,0
63.5815,1,63579006539,2502412,0
63.584,4,63581536545,2502412,0
63.5866,1,63584102551,2502412,0
63.5917,4,63589189563,2502412,0
63.5942,3,63591719569,2502412,0
63.5968,3,63594266981,2502412,0
63.5997,1,63597163987,2502412,0
63.6026,3,63602557005,73000,1
63.6026,4,63602557005,73000,1
63.6051,4,63602637005,2502412,0
63.6053,1,63605239011,73000,1
63.6078,4,63605346011,2502412,0
63.6104,3,63607912017,2502412,0
63.6155,1,63613026029,2502412,0
63.6181,3,63615556035,2502412,0
63.6206,4,63618086041,2502412,0
63.6231,1,63620616047,2502412,0
63.6258,1,63625739059,73000,1
63.6258,4,63625739059,73000,1
63.6283,4,63625812059,2502412,0
63.6284,3,63628369065,73000,1
63.6284,2,63628369065,73000,1
63.631,4,63628458065,2502412,0
63.6361,4,63633599077,2502412,0
63.6362,4,63636137489,73000,1
63.6362,3,63636138083,73000,1
63.6387,1,63636209083,2502412,0
63.6438,1,63641341095,2502412,0
63.6464,4,63643889101,2502412,0
63.6489,4,63646418513,2502412,0
63.6543,1,63651811531,2502412,0
63.6545,1,63654421943,73000,1
63.657,4,63654493537,2502412,0
63.6595,4,63657022949,2502412,0
63.6621,4,63659597361,2502412,0
63.6672,4,63664666373,2502412,0
63.6702,4,63670138385,73000,1
63.6702,1,63670138385,73000,1
63.6728,3,63670263385,2502412,0
63.6778,4,63675341397,2502412,0
63.6804,4,63677897809,2502412,0
63.683,3,63680463815,2502412,0
63.6881,4,63685568827,2502412,0
63.6906,3,63688098833,2502412,0
63.6931,2,63690628839,2502412,0
63.6957,2,63693176251,2502412,0
63.7008,4,63698272263,2502412,0
63.7012,3,63701115269,73000,1
63.704,2,63701530275,2502412,0
63.7066,4,63704069281,2502412,0
63.7067,2,63706617287,73000,1
63.7092,4,63706688287,2502412,0
63.7118,1,63709308293,2502412,0
63.7143,2,63711838299,2502412,0
63.7169,3,63714368305,2502412,0
63.717,1,63716898311,73000,1
63.717,4,63716898311,73000,1
63.722,2,63719535317,2502412,0
63.7246,3,63722092323,2502412,0
63.7271,1,63724622329,2502412,0
63.7322,2,63729736341,2502412,0
63.7348,3,63732266347,2502412,0
63.7373,1,63734814353,2502412,0
63.7399,3,63737389359,2502412,0
63.745,4,63742449371,2502412,0
63.7475,1,63744997377,2502412,0
63.75,2,63747527383,2502412,0
63.7526,1,63750057389,2502412,0
63.7554,3,63752911401,2502412,0
63.758,1,63755450407,2502412,0
63.763,4,63760537419,2502412,0
63.7656,2,63763067425,2502412,0
63.7681,1,63765624431,2502412,0
63.7707,3,63768163437,2502412,0
63.7735,1,63771005849,2502412,0
63.7761,2,63773562855,2502412,0
63.7786,1,63776092861,2502412,0
63.7811,4,63778622867,2502412,0
63.7862,4,63783700879,2502412,0
63.7888,3,63786266885,2502412,0
63.7889,3,63788796297,73000,1
63.7889,2,63788796891,73000,1
63.7914,4,63788894891,2502412,0
63.7939,1,63791424897,2502412,0
63.7965,4,63793990903,2502412,0
63.7966,2,63796547909,73000,1
63.7992,4,63796663909,2502412,0
63.8017,1,63799193915,2502412,0
63.8045,4,63802036921,2502412,0
63.8074,3,63804917933,2502412,0
63.81,2,63807447939,2502412,0
63.815,2,63812525951,2502412,0
63.8176,4,63815055957,2502412,0
63.8201,1,63817594963,2502412,0
63.8226,4,63820124969,2502412,0
63.8252,2,63822672975,2502412,0
63.8277,3,63825211981,2502412,0
63.8303,4,63827768987,2502412,0
63.8329,3,63832837999,73000,1
63.8329,1,63832837999,73000,1
63.8354,2,63832917999,2502412,0
63.8356,2,63835519411,73000,1
63.8356,4,63835520005,73000,1
63.8381,2,63835600005,2502412,0
63.8382,3,63838166011,73000,1
63.8408,4,63838255011,2502412,0
63.8433,3,63840803017,2502412,0
63.8458,1,63843342023,2502412,0
63.8484,2,63845872029,2502412,0
63.8485,1,63848447035,73000,1
63.851,4,63848527035,2502412,0
63.8536,3,63851057041,2502412,0
63.8564,3,63853902053,2502412,0
63.859,2,63856459059,2502412,0
63.8617,3,63861582071,73000,1
63.8617,4,63861582071,73000,1
63.8642,1,63861671071,2502412,0
63.8667,2,63864228077,2502412,0
63.8693,1,63866758083,2502412,0
63.8718,2,63869297089,2502412,0
63.8748,2,63874679101,73000,1
63.8748,1,63874679101,73000,1
63.8749,4,63874804101,73000,1
63.8749,2,63874804101,73000,1
63.8774,1,63874893101,2502412,0
63.8775,1,63877458513,73000,1
63.8801,3,63877548107,2502412,0
63.8826,3,63880086519,2502412,0
63.8827,3,63882651931,73000,1
63.8827,2,63882652525,73000,1
63.8878,1,63885289531,2502412,0
63.8903,3,63887819537,2502412,0
63.8929,2,63890349543,2502412,0
63.8954,4,63892915549,2502412,0
63.8979,1,63895445555,2502412,0
63.9005,1,63897974967,2502412,0
63.9059,3,63903349985,2502412,0
63.9087,1,63906192991,2502412,0
63.9112,2,63908731997,2502412,0
63.9138,2,63911261409,2502412,0
63.9163,4,63913836415,2502412,0
63.9189,1,63916375421,2502412,0
63.9214,1,63918904833,2502412,0
63.9239,2,63921434839,2502412,0
63.924,1,63923964845,73000,1
63.924,3,63923964845,73000,1
63.9291,4,63926565851,2502412,0
63.9316,2,63929113857,2502412,0
63.9342,3,63931652863,2502412,0
63.9367,3,63934182275,2502412,0
63.9392,4,63936721281,2502412,0
63.9418,3,63939278287,2502412,0
63.9443,2,63941808293,2502412,0
63.9444,4,63944347299,73000,1
63.9444,1,63944347299,73000,1
63.9469,3,63944427299,2502412,0
63.9521,2,63949550311,2502412,0
63.9549,2,63952431323,2502412,0
63.9575,3,63954961329,2502412,0
63.96,3,63957499741,2502412,0
63.9626,4,63960047747,2502412,0
63.9651,2,63962577753,2502412,0
63.9676,4,63965107759,2502412,0
63.9677,1,63967655765,73000,1
63.9702,4,63967726765,2502412,0
63.9728,4,63970274177,2502412,0
63.9753,3,63972804183,2502412,0
63.9781,2,63975646595,2502412,0
63.9807,3,63978212601,2502412,0
63.9833,4,63980760607,2502412,0
63.9858,3,63983299613,2502412,0
63.9859,2,63985865619,73000,1
63.9885,4,63985972619,2502412,0
63.991,3,63988538625,2502412,0
63.9912,4,63991140631,73000,1
63.9937,3,63991220631,2502412,0
63.9989,2,63996352643,2502412,0
64.0014,4,63998909649,2502412,0
64.0039,3,64001439655,2502412,0
64.0045,3,64004411667,73000,1
64.0045,2,64004411667,73000,1
64.007,3,64004491667,2502412,0
64.01,3,64009882679,73000,1
64.01,4,64009882679,73000,1
64.0125,3,64009980679,2502412,0
64.015,3,64012528091,2502412,0
64.0201,2,64017633103,2502412,0
64.0227,3,64020199109,2502412,0
64.0252,2,64022738115,2502412,0
64.0278,4,64025286121,2502412,0
64.0279,3,64027816127,73000,1
64.0305,2,64027950127,2502412,0
64.033,4,64030507133,2502412,0
64.0381,4,64035594145,2502412,0
64.0406,2,64038133151,2502412,0
64.0432,3,64040672157,2502412,0
64.0433,3,64043201569,73000,1
64.0433,1,64043202163,73000,1
64.0458,3,64043300163,2502412,0
64.0509,4,64048369175,2502412,0
64.0537,2,64051241187,2502412,0
64.0563,3,64053816193,2502412,0
64.0588,2,64056346199,2502412,0
64.059,2,64058884611,73000,1
64.0615,4,64058956205,2502412,0
64.0641,4,64061557617,2502412,0
64.0666,3,64064105623,2502412,0
64.0717,1,64069210635,2502412,0
64.0718,3,64071749641,73000,1
64.0718,4,64071749641,73000,1
64.0743,1,64071838641,2502412,0
64.0794,2,64076943653,2502412,0
64.0823,2,64079795065,2502412,0
64.0824,1,64082343071,73000,1
64.0824,3,64082343071,73000,1
64.0849,2,64082414071,2502412,0
64.085,4,64084962077,73000,1
64.0876,2,64085051077,2502412,0
64.0901,3,64087599083,2502412,0
64.0952,2,64092731095,2502412,0
64.0978,3,64095270101,2502412,0
64.1003,3,64097826513,2502412,0
64.1004,2,64100356519,73000,1
64.1055,1,64102984525,2502412,0
64.1059,1,64105874537,73000,1
64.1059,3,64105874537,73000,1
64.1085,1,64105981537,2502412,0
64.1139,4,64111362955,2502412,0
64.1164,2,64113928961,2502412,0
64.119,4,64116476967,2502412,0
64.1215,1,64119006973,2502412,0
64.1267,2,64124147985,2502412,0
64.1268,1,64126677991,73000,1
64.1268,4,64126677991,73000,1
64.1293,1,64126750991,2502412,0
64.1318,3,64129289997,2502412,0
64.1369,3,64134368009,2502412,0
64.1394,1,64136898015,2502412,0
64.1419,2,64139428021,2502412,0
64.1445,3,64141967027,2502412,0
64.1446,2,64144542033,73000,1
64.1446,4,64144542033,73000,1
64.1447,1,64144640033,73000,1
64.1472,3,64144711033,2502412,0
64.1498,4,64147277039,2502412,0
64.1523,3,64149834045,2502412,0
64.1528,4,64152715057,73000,1
64.1529,3,64152804057,73000,1
64.1529,2,64152804057,73000,1
64.1554,1,64152929057,2502412,0
64.1605,1,64158007069,2502412,0
64.1631,3,64160555075,2502412,0
64.1656,3,64163093487,2502412,0
64.1681,2,64165623493,2502412,0
64.1707,3,64168153499,2502412,0
64.1732,1,64170701505,2502412,0
64.1783,4,64175761517,2502412,0
64.1808,4,64178317929,2502412,0
64.1837,3,64181160341,2502412,0
64.1838,4,64183690347,73000,1
64.1838,1,64183690347,73000,1
64.1863,2,64183788347,2502412,0
64.1888,2,64186326759,2502412,0
64.1939,3,64191422771,2502412,0
64.1965,2,64193952777,2502412,0
64.1966,2,64196491189,73000,1
64.1966,4,64196491783,73000,1
64.1991,3,64196562783,2502412,0
64.2016,2,64199092789,2502412,0
64.2045,1,64201955801,2502412,0
64.207,2,64204539807,2502412,0
64.2121,3,64209599819,2502412,0
64.2149,1,64212442825,2502412,0
64.2151,1,64215062237,73000,1
64.2151,2,64215062831,73000,1
64.2177,3,64215160831,2502412,0
64.2228,3,64220256843,2502412,0
64.2253,3,64222813255,2502412,0
64.2279,3,64225378667,2502412,0
64.2304,3,64227908079,2502412,0
64.2355,1,64232986091,2502412,0
64.238,2,64235525097,2502412,0
64.2406,4,64238073103,2502412,0
64.2431,3,64240612109,2502412,0
64.2433,4,64243178115,73000,1
64.2458,2,64243249115,2502412,0
64.2483,1,64245779121,2502412,0
64.2509,3,64248354127,2502412,0
64.2534,2,64250884133,2502412,0
64.2562,2,64253738145,2502412,0
64.2588,1,64256268151,2502412,0
64.2613,4,64258798157,2502412,0
64.2664,3,64263876169,2502412,0
64.2665,3,64266441581,73000,1
64.2665,2,64266442175,73000,1
64.269,1,64266540175,2502412,0
64.2716,4,64269070181,2502412,0
64.2743,4,64274184193,73000,1
64.2743,2,64274184193,73000,1
64.2768,4,64274264193,2502412,0
64.2793,4,64276811605,2502412,0
64.2819,1,64279350611,2502412,0
64.2844,3,64281907617,2502412,0
64.2873,3,64284750029,2502412,0
64.2874,3,64287279441,73000,1
64.2874,4,64287280035,73000,1
64.2899,1,64287360035,2502412,0
64.2925,3,64289962041,2502412,0
64.295,1,64292510047,2502412,0
64.3001,1,64297597059,2502412,0
64.3002,2,64300127065,73000,1
64.303,3,64300540071,2502412,0
64.3056,3,64303078483,2502412,0
64.3081,1,64305617489,2502412,0
64.3082,4,64308156495,73000,1
64.3108,3,64308254495,2502412,0
64.3133,1,64310784501,2502412,0
64.3158,3,64313332507,2502412,0
64.3163,1,64316256513,73000,1
64.3189,3,64316363513,2502412,0
64.3214,3,64318910925,2502412,0
64.324,1,64321467931,2502412,0
64.3291,3,64326563943,2502412,0
64.3316,1,64329111949,2502412,0
64.3342,3,64331668955,2502412,0
64.3369,3,64336791967,73000,1
64.3369,1,64336791967,73000,1
64.3419,1,64339437973,2502412,0
64.3445,3,64341967979,2502412,0
64.347,1,64344506985,2502412,0
64.3495,4,64347045991,2502412,0
64.3521,3,64349584997,2502412,0
64.3547,2,64352186003,2502412,0
64.3576,1,64355058015,2502412,0
64.3601,4,64357588021,2502412,0
64.3626,4,64360144433,2502412,0
64.3628,1,64362692439,73000,1
64.3628,2,64362692439,73000,1
64.3653,3,64362763439,2502412,0
64.3703,3,64367832451,2502412,0
64.3729,3,64370370863,2502412,0
64.373,4,64372900869,73000,1
64.373,1,64372900869,73000,1
64.3755,4,64372980869,2502412,0
64.378,2,64375510875,2502412,0
64.3805,3,64378040881,2502412,0
64.3831,4,64380579887,2502412,0
64.3856,4,64383136299,2502412,0
64.3885,4,64385996711,2502412,0
64.3936,3,64391065723,2502412,0
64.3961,2,64393604729,2502412,0
64.3987,3,64396170735,2502412,0
64.4012,3,64398700147,2502412,0
64.404,4,64401545159,2502412,0
64.4066,3,64404084165,2502412,0
64.4092,2,64406650171,2502412,0
64.4117,2,64409179583,2502412,0
64.4142,2,64411708995,2502412,0
64.4172,3,64417117413,73000,1
64.4172,4,64417117413,73000,1
64.4197,3,64417206413,2502412,0
64.4223,2,64419781419,2502412,0
64.4248,1,64422338425,2502412,0
64.4274,4,64424877431,2502412,0
64.4275,2,64427407437,73000,1
64.4275,3,64427407437,73000,1
64.4326,2,64430062443,2502412,0
64.4351,4,64432610449,2502412,0
64.4376,1,64435140455,2502412,0
64.4402,2,64437679461,2502412,0
64.4427,4,64440218467,2502412,0
64.4453,1,64442766473,2502412,0
64.4503,3,64447835485,2502412,0
64.4529,1,64450365491,2502412,0
64.4533,4,64453201503,73000,1
64.4533,2,64453201503,73000,1
64.4558,1,64453308503,2502412,0
64.4584,3,64455856509,2502412,0
64.4609,4,64458404515,2502412,0
64.4636,4,64463491527,73000,1
64.4636,3,64463491527,73000,1
64.4661,1,64463562527,2502412,0
64.4686,3,64466128533,2502412,0
64.4712,3,64468693945,2502412,0
64.4737,1,64471223951,2502412,0
64.4763,2,64473771957,2502412,0
64.4814,1,64478876969,2502412,0
64.4839,3,64481406975,2502412,0
64.484,2,64483963981,73000,1
64.484,4,64483963981,73000,1
64.4865,4,64484036981,2502412,0
64.4867,4,64486593393,73000,1
64.4867,2,64486593987,73000,1
64.4892,3,64486664987,2502412,0
64.4896,1,64489516399,73000,1
64.4922,3,64489668399,2502412,0
64.4947,4,64492198405,2502412,0
64.4972,3,64494737411,2502412,0
64.4974,3,64497302823,73000,1
64.4999,1,64497383417,2502412,0
64.5024,4,64499940423,2502412,0
64.5079,3,64505360441,2502412,0
64.508,4,64507908447,73000,1
64.508,1,64507908447,73000,1
64.5131,4,64510581453,2502412,0
64.5156,3,64513111459,2502412,0
64.5182,2,64515650465,2502412,0
64.5183,3,64518198471,73000,1
64.521,4,64518530003,2502412,0
64.5236,1,64521078009,2502412,0
64.5262,1,64526138021,73000,1
64.5262,4,64526138021,73000,1
64.5287,2,64526209021,2502412,0
64.5313,2,64528792433,2502412,0
64.5314,2,64531339845,73000,1
64.5314,3,64531340439,73000,1
64.5339,2,64531412845,2502412,0
64.5391,4,64536580857,2502412,0
64.5416,2,64539110863,2502412,0
64.5442,1,64541676869,2502412,0
64.5492,4,64546736881,2502412,0
64.5518,2,64549311887,2502412,0
64.5523,2,64552192899,73000,1
64.5523,4,64552272899,73000,1
64.5523,1,64552272899,73000,1
64.5601,1,64557583317,2502412,0
64.5602,2,64560113323,73000,1
64.5602,3,64560113323,73000,1
64.5653,4,64562759329,2502412,0
64.5678,1,64565334335,2502412,0
64.5704,4,64567864341,2502412,0
64.5755,4,64572951353,2502412,0
64.578,4,64575480765,2502412,0
64.5805,1,64578010771,2502412,0
64.5831,1,64580576183,2502412,0
64.5856,1,64583123595,2502412,0
64.5907,3,64588192607,2502412,0
64.5936,4,64591062019,2502412,0
64.5961,3,64593601025,2502412,0
64.5986,1,64596140031,2502412,0
64.6012,1,64598687443,2502412,0
64.6013,1,64601216855,73000,1
64.6038,3,64601297449,2502412,0
64.6092,4,64606672467,2502412,0
64.6117,3,64609247473,2502412,0
64.6143,2,64611777479,2502412,0
64.6168,1,64614316485,2502412,0
64.6193,4,64616846491,2502412,0
64.6219,1,64619421497,2502412,0
64.6223,4,64622264503,73000,1
64.6223,2,64622264503,73000,1
64.6249,1,64622353503,2502412,0
64.625,3,64624883509,73000,1
64.625,4,64624883509,73000,1
64.6275,1,64625008509,2502412,0
64.6301,1,64627573921,2502412,0
64.6302,3,64630121927,73000,1
64.6328,2,64630255927,2502412,0
64.6329,2,64632794339,73000,1
64.6329,1,64632794933,73000,1
64.6354,1,64632892933,2502412,0
64.6405,4,64637952945,2502412,0
64.643,2,64640491951,2502412,0
64.6455,4,64643021957,2502412,0
64.6457,4,64645605369,73000,1
64.6457,2,64645605963,73000,1
64.6458,1,64645685963,73000,1
64.6485,3,64648439969,73000,1
64.6485,2,64648439969,73000,1
64.6486,4,64648546969,73000,1
64.6511,4,64648626969,2502412,0
64.654,1,64651471981,2502412,0
64.6565,1,64654001393,2502412,0
64.6616,1,64659097405,2502412,0
64.6642,4,64661681411,2502412,0
64.6667,4,64664237823,2502412,0
64.6693,1,64666767829,2502412,0
64.6694,2,64669306835,73000,1
64.6719,1,64669404835,2502412,0
64.6745,4,64671988841,2502412,0
64.677,4,64674518253,2502412,0
64.6796,4,64677047665,2502412,0
64.6797,1,64679586671,73000,1
64.6823,4,64679747671,2502412,0
64.6874,4,64684906683,2502412,0
64.6925,1,64689966695,2502412,0
64.6979,1,64695420113,2502412,0
64.698,4,64697959119,73000,1
64.698,3,64697959119,73000,1
64.7005,1,64698039119,2502412,0
64.701,4,64700902131,73000,1
64.7036,4,64701063131,2502412,0
64.7061,1,64703593137,2502412,0
64.7112,4,64708725149,2502412,0
64.7138,1,64711282155,2502412,0
64.7189,1,64716378167,2502412,0
64.7214,1,64718925579,2502412,0
64.724,4,64721464585,2502412,0
64.7294,2,64726864597,2502412,0
64.7319,1,64729394603,2502412,0
64.7344,1,64731924015,2502412,0
64.737,3,64734463021,2502412,0
64.7395,4,64737029027,2502412,0
64.7396,3,64739559033,73000,1
64.7421,2,64739639033,2502412,0
64.7447,4,64742169039,2502412,0
64.7472,1,64744717045,2502412,0
64.7498,1,64747264457,2502412,0
64.7523,4,64749794463,2502412,0
64.7551,1,64752639475,2502412,0
64.7577,2,64755169481,2502412,0
64.7628,2,64760256493,2502412,0
64.7653,1,64762813499,2502412,0
64.7678,3,64765343505,2502412,0
64.7704,4,64767891511,2502412,0
64.7729,3,64770439517,2502412,0
64.7755,2,64772987523,2502412,0
64.778,1,64775517529,2502412,0
64.7805,4,64778047535,2502412,0
64.7856,2,64783125547,2502412,0
64.7857,1,64785673553,73000,1
64.7857,3,64785673553,73000,1
64.7883,4,64785762553,2502412,0
64.7908,2,64788328559,2502412,0
64.7934,4,64790876565,2502412,0
64.7959,2,64793406571,2502412,0
64.7988,3,64796266983,2502412,0
64.8013,1,64798796989,2502412,0
64.8067,4,64804181007,2502412,0
64.8092,3,64806738013,2502412,0
64.8118,2,64809277019,2502412,0
64.8143,1,64811834025,2502412,0
64.8144,3,64814373031,73000,1
64.8144,4,64814373031,73000,1
64.8195,2,64817037037,2502412,0
64.8221,2,64819566449,2502412,0
64.8246,1,64822105455,2502412,0
64.8272,3,64824662461,2502412,0
64.83,2,64827541467,2502412,0
64.8351,2,64832619479,2502412,0
64.8377,1,64835158485,2502412,0
64.8378,1,64837687897,73000,1
64.8378,3,64837688491,73000,1
64.8403,4,64837768491,2502412,0
64.8428,2,64840334497,2502412,0
64.843,4,64842882503,73000,1
64.8455,2,64842971503,2502412,0
64.8456,2,64845527915,73000,1
64.8456,1,64845528509,73000,1
64.8456,4,64845528509,73000,1
64.8481,3,64845644509,2502412,0
64.8532,3,64850722521,2502412,0
64.8561,3,64853585533,2502412,0
64.8586,4,64856115539,2502412,0
64.8588,2,64858699545,73000,1
64.8613,4,64858770545,2502412,0
64.8638,2,64861336551,2502412,0
64.8664,3,64863866557,2502412,0
64.8689,3,64866422969,2502412,0
64.8715,2,64868970975,2502412,0
64.8765,4,64874030987,2502412,0
64.8791,3,64876596993,2502412,0
64.8816,3,64879126405,2502412,0
64.8842,1,64881701411,2502412,0
64.8867,3,64884231417,2502412,0
64.8868,4,64886761423,73000,1
64.8868,2,64886761423,73000,1
64.8919,1,64889362429,2502412,0
64.892,1,64891891841,73000,1
64.892,3,64891892435,73000,1
64.8945,3,64891972435,2502412,0
64.897,4,64894529441,2502412,0
64.8999,1,64897416853,2502412,0
64.9024,1,64899946265,2502412,0
64.9025,4,64902476271,73000,1
64.9025,3,64902476271,73000,1
64.9079,4,64905410283,2502412,0
64.9104,2,64907940289,2502412,0
64.913,4,64910515295,2502412,0
64.9156,1,64913063301,2502412,0
64.9181,2,64915602307,2502412,0
64.9207,4,64918150313,2502412,0
64.9257,1,64923246325,2502412,0
64.9283,4,64925776331,2502412,0
64.9311,3,64928637337,2502412,0
64.9312,3,64931175749,73000,1
64.9312,2,64931176343,73000,1
64.9338,3,64931283343,2502412,0
64.9363,1,64933813349,2502412,0
64.9414,3,64938873361,2502412,0
64.9439,4,64941421367,2502412,0
64.9465,3,64943951373,2502412,0
64.949,3,64946525785,2502412,0
64.9516,1,64949073791,2502412,0
64.9544,4,64951918803,2502412,0
64.9545,3,64954457809,73000,1
64.9571,2,64954555809,2502412,0
64.9596,1,64957085815,2502412,0
64.9621,3,64959615821,2502412,0
64.9646,1,64962145827,2502412,0
64.9648,3,64964693833,73000,1
64.9648,4,64964693833,73000,1
64.9649,2,64964791833,73000,1
64.9649,3,64964791833,73000,1
64.9699,1,64967419839,2502412,0
64.9725,1,64969994251,2502412,0
64.9751,4,64972569257,2502412,0
64.9776,1,64975099263,2502412,0
64.9777,1,64977637675,73000,1
64.9777,2,64977638269,73000,1
64.9802,4,64977709269,2502412,0
64.9853,1,64982823281,2502412,0
64.9879,4,64985353287,2502412,0
64.9904,1,64987928293,2502412,0
64.993,4,64990467299,2502412,0
64.9956,1,64995554311,73000,1
64.9956,3,64995554311,73000,1
64.9982,1,64995706311,2502412,0
65.0007,4,64998236317,2502412,0
65.0064,3,65003932741,2502412,0
65.009,2,65006471747,2502412,0
65.0115,2,65009010159,2502412,0
65.0141,4,65011558165,2502412,0
65.0166,2,65014097171,2502412,0
65.0167,3,65016627177,73000,1
65.0168,4,65016698177,73000,1
65.0168,1,65016698177,73000,1
65.0193,2,65016805177,2502412,0
65.0218,1,65019335183,2502412,0
65.0244,4,65021874189,2502412,0
65.0245,2,65024458195,73000,1
65.027,1,65024529195,2502412,0
65.0271,1,65027076607,73000,1
65.0272,3,65027077201,73000,1
65.0297,4,65027184201,2502412,0
65.0351,3,65032610619,2502412,0
65.0352,4,65035167625,73000,1
65.0352,2,65035167625,73000,1
65.0377,1,65035238625,2502412,0
65.0403,3,65037786631,2502412,0
65.0428,1,65040316637,2502412,0
65.0453,3,65042846643,2502412,0
65.0504,1,65047924655,2502412,0
65.0533,4,65050778667,2502412,0
65.0558,3,65053308673,2502412,0
65.0559,3,65055847085,73000,1
65.0559,1,65055847679,73000,1
65.0584,4,65055918679,2502412,0
65.061,1,65058466685,2502412,0
65.0635,4,65060996691,2502412,0
65.0686,4,65066083703,2502412,0
65.0711,4,65068631115,2502412,0
65.0737,1,65071179121,2502412,0
65.0763,1,65073780533,2502412,0
65.0788,4,65076328539,2502412,0
65.0789,4,65078866951,73000,1
65.0814,3,65078938545,2502412,0
65.084,4,65081468551,2502412,0
65.0865,3,65083998557,2502412,0
65.089,1,65086528563,2502412,0
65.0916,4,65089058569,2502412,0
65.0941,1,65091624575,2502412,0
65.0943,3,65094199581,73000,1
65.0968,2,65094279581,2502412,0
65.0993,4,65096827587,2502412,0
65.1019,1,65099357593,2502412,0
65.1051,2,65102560011,2502412,0
65.1076,4,65105099017,2502412,0
65.1127,4,65110195029,2502412,0
65.1152,1,65112725035,2502412,0
65.1178,2,65115282041,2502412,0
65.1203,1,65117812047,2502412,0
65.1204,1,65120350459,73000,1
65.1204,3,65120351053,73000,1
65.1229,4,65120440053,2502412,0
65.1255,2,65122970059,2502412,0
65.1306,2,65128066071,2502412,0
65.1307,1,65130596077,73000,1
65.1307,3,65130596077,73000,1
65.1332,2,65130712077,2502412,0
65.1361,4,65133564083,2502412,0
65.1386,2,65136121089,2502412,0
65.1437,4,65141217101,2502412,0
65.1463,4,65143764513,2502412,0
65.1488,4,65146293925,2502412,0
65.1513,2,65148841931,2502412,0
65.1568,2,65154261949,2502412,0
65.1593,4,65156800955,2502412,0
65.1618,2,65159330961,2502412,0
65.1619,4,65161860967,73000,1
65.1619,3,65161860967,73000,1
65.1621,2,65162003967,73000,1
65.1672,1,65164730973,2502412,0
65.1698,4,65167260979,2502412,0
65.1723,2,65169790985,2502412,0
65.1748,1,65172320991,2502412,0
65.18,1,65177453003,2502412,0
65.1825,1,65179982415,2502412,0
65.185,4,65182512421,2502412,0
65.1876,2,65185060427,2502412,0
65.1901,4,65187599433,2502412,0
65.1928,2,65192731445,73000,1
65.1928,1,65192731445,73000,1
65.1953,4,65192811445,2502412,0
65.1979,1,65195359451,2502412,0
65.198,1,65197915863,73000,1
65.2005,4,65198023457,2502412,0
65.2034,4,65200859469,2502412,0
65.2059,1,65203398475,2502412,0
65.2088,4,65206258887,2502412,0
65.2115,1,65211390899,73000,1
65.2115,2,65211390899,73000,1
65.214,4,65211488899,2502412,0
65.2165,4,65214027311,2502412,0
65.2217,4,65219168323,2502412,0
65.2242,4,65221706735,2502412,0
65.2293,1,65226820747,2502412,0
65.2319,4,65229368753,2502412,0
65.237,1,65234482765,2502412,0
65.2398,2,65237325771,2502412,0
65.2449,4,65242421783,2502412,0
65.2451,2,65245005789,73000,1
65.2451,1,65245005789,73000,1
65.2451,3,65245005789,73000,1
65.2452,4,65245103789,73000,1
65.2452,1,65245174789,73000,1
65.2452,4,65245176789,73000,1
65.2504,1,65247885795,2502412,0
65.2533,2,65250766807,2502412,0
65.2584,1,65255871819,2502412,0
65.2609,2,65258401825,2502412,0
65.2634,2,65260931237,2502412,0
65.2686,1,65266099249,2502412,0
65.2687,1,65268628661,73000,1
65.2687,2,65268629255,73000,1
65.2712,2,65268702255,2502412,0
65.2713,2,65271231667,73000,1
65.2764,2,65273941267,2502412,0
65.279,1,65276489273,2502412,0
65.2815,4,65279019279,2502412,0
65.2866,4,65284115291,2502412,0
65.2892,1,65286672297,2502412,0
65.2917,2,65289202303,2502412,0
65.2968,4,65294307315,2502412,0
65.2994,1,65296873321,2502412,0
65.2995,4,65299430327,73000,1
65.2995,2,65299430327,73000,1
65.302,4,65299510327,2502412,0
65.3021,4,65302039739,73000,1
65.3021,2,65302040333,73000,1
65.3049,4,65302435339,2502412,0
65.3075,1,65304974345,2502412,0
65.3129,1,65310436763,2502412,0
65.3155,4,65312975769,2502412,0
65.318,2,65315505775,2502412,0
65.3205,1,65318035781,2502412,0
65.3231,1,65320565193,2502412,0
65.3256,1,65323103605,2502412,0
65.3257,1,65325660017,73000,1
65.3282,4,65325740611,2502412,0
65.3308,2,65328270617,2502412,0
65.3333,1,65330845623,2502412,0
65.3359,2,65333384629,2502412,0
65.3384,1,65335923635,2502412,0
65.3389,4,65338802641,73000,1
65.339,1,65338909641,73000,1
65.339,4,65338909641,73000,1
65.3415,2,65339007641,2502412,0
65.3466,2,65344121653,2502412,0
65.3492,1,65346651659,2502412,0
65.3518,1,65349253071,2502412,0
65.3571,2,65354637089,2502412,0
65.3597,4,65357194095,2502412,0
65.3648,1,65362299107,2502412,0
65.3674,2,65364856113,2502412,0
65.3699,4,65367404119,2502412,0
65.375,2,65372500131,2502412,0
65.3751,4,65375039137,73000,1
65.3751,1,65375039137,73000,1
65.3753,4,65375182137,73000,1
65.3778,2,65375253137,2502412,0
65.3803,2,65377827549,2502412,0
65.3829,2,65380374961,2502412,0
65.3854,1,65382904967,2502412,0
65.388,1,65387973979,73000,1
65.388,2,65387973979,73000,1
65.3906,2,65388089979,2502412,0
65.3932,2,65390655391,2502412,0
65.3983,1,65395769403,2502412,0
65.4008,2,65398299409,2502412,0
65.4037,2,65401153421,2502412,0
65.4087,1,65406231433,2502412,0
65.4116,4,65409109845,2502412,0
65.4117,1,65411666851,73000,1
65.4117,2,65411666851,73000,1
65.4168,4,65414312857,2502412,0
65.4194,2,65416887863,2502412,0
65.4245,4,65421992875,2502412,0
65.427,4,65424531287,2502412,0
65.4272,2,65427106293,73000,1
65.4272,1,65427106293,73000,1
65.4322,4,65429734299,2502412,0
65.4348,4,65432272711,2502412,0
65.4373,2,65434829717,2502412,0
65.4428,2,65440256135,2502412,0
65.4453,4,65442804141,2502412,0
65.4478,4,65445333553,2502412,0
65.4504,2,65447863559,2502412,0
65.4558,4,65453301577,2502412,0
65.4583,2,65455840583,2502412,0
65.4635,2,65460972595,2502412,0
65.466,2,65463502007,2502412,0
65.4661,2,65466049419,73000,1
65.4661,4,65466050013,73000,1
65.4687,2,65466148013,2502412,0
65.4737,1,65471226025,2502412,0
65.4763,1,65473755437,2502412,0
65.4764,1,65476338849,73000,1
65.4764,2,65476339443,73000,1
65.4789,4,65476410443,2502412,0
65.479,4,65478966855,73000,1
65.4816,1,65479092449,2502412,0
65.4842,2,65481649455,2502412,0
65.4867,1,65484188461,2502412,0
65.4918,2,65489293473,2502412,0
65.4945,1,65494416485,73000,1
65.4945,4,65494416485,73000,1
65.497,2,65494505485,2502412,0
65.4996,1,65497053491,2502412,0
65.5021,1,65499591903,2502412,0
65.5022,1,65502121315,73000,1
65.505,1,65502507915,2502412,0
65.5076,2,65505055921,2502412,0
65.5101,1,65507612927,2502412,0
65.5131,1,65513030939,73000,1
65.5131,2,65513030939,73000,1
65.5182,1,65515730945,2502412,0
65.5208,1,65518260357,2502412,0
65.5233,1,65520789769,2502412,0
65.5259,1,65523355181,2502412,0
65.5286,1,65528496193,73000,1
65.5286,2,65528496193,73000,1
65.5311,4,65528594193,2502412,0
65.5362,4,65533735205,2502412,0
65.5363,4,65536273617,73000,1
65.5363,3,65536274211,73000,1
65.5414,1,65538938217,2502412,0
65.544,1,65541467629,2502412,0
65.5494,1,65546894641,2502412,0
65.5519,4,65549424647,2502412,0
65.5574,4,65554880665,2502412,0
65.5599,1,65557410671,2502412,0
65.56,4,65559949677,73000,1
65.56,2,65559949677,73000,1
65.5625,4,65560038677,2502412,0
65.5676,1,65565134689,2502412,0
65.5702,4,65567691695,2502412,0
65.5727,4,65570230107,2502412,0
65.5753,1,65572760113,2502412,0
65.5804,1,65577874125,2502412,0
65.5829,1,65580403537,2502412,0
65.583,1,65582968949,73000,1
65.583,4,65582969543,73000,1
65.5881,4,65585642549,2502412,0
65.5907,2,65588181555,2502412,0
65.5958,2,65593295567,2502412,0
65.5984,4,65595852573,2502412,0
65.5985,1,65598418579,73000,1
65.601,4,65598498579,2502412,0
65.6039,2,65601361591,2502412,0
65.6064,4,65603909597,2502412,0
65.609,2,65606448603,2502412,0
65.614,4,65611508615,2502412,0
65.6169,4,65614396027,2502412,0
65.6195,2,65616989033,2502412,0
65.6246,4,65622067045,2502412,0
65.6271,2,65624615051,2502412,0
65.6322,4,65629729063,2502412,0
65.6324,4,65632285475,73000,1
65.6324,2,65632286069,73000,1
65.6375,1,65634977075,2502412,0
65.64,2,65637534081,2502412,0
65.6451,1,65642621093,2502412,0
65.648,2,65645473099,2502412,0
65.6505,4,65648021105,2502412,0
65.6534,4,65650866117,2502412,0
65.6559,2,65653405123,2502412,0
65.661,1,65658492135,2502412,0
65.6635,1,65661030547,2502412,0
65.6661,2,65663587553,2502412,0
65.6686,4,65666126559,2502412,0
65.6712,4,65668655971,2502412,0
65.6737,2,65671194977,2502412,0
65.6762,1,65673724983,2502412,0
65.6788,2,65676254989,2502412,0
65.6838,1,65681315001,2502412,0
65.6863,1,65683844413,2502412,0
65.6889,4,65686383419,2502412,0
65.689,4,65688939831,73000,1
65.689,1,65688940425,73000,1
65.6915,2,65689011425,2502412,0
65.6941,1,65691604431,2502412,0
65.6992,2,65696691443,2502412,0
65.7017,2,65699220855,2502412,0
65.7046,1,65702101867,2502412,0
65.7071,2,65704631873,2502412,0
65.7097,4,65707206879,2502412,0
65.7122,4,65709736291,2502412,0
65.7123,1,65712275297,73000,1
65.7149,1,65712373297,2502412,0
65.7174,2,65714912303,2502412,0
65.7203,2,65717772715,2502412,0
65.7204,1,65720338721,73000,1
65.7204,4,65720338721,73000,1
65.7229,2,65720418721,2502412,0
65.728,2,65725514733,2502412,0
65.7306,2,65728089145,2502412,0
65.7358,4,65733257157,2502412,0
65.7383,2,65735787163,2502412,0
65.7408,1,65738326169,2502412,0
65.7459,4,65743431181,2502412,0
65.7485,1,65745979187,2502412,0
65.7513,2,65748840193,2502412,0
65.7567,1,65754215211,2502412,0
65.7593,4,65756790217,2502412,0
65.7618,2,65759347223,2502412,0
65.7669,4,65764407235,2502412,0
65.7694,1,65766937241,2502412,0
65.772,1,65769529653,2502412,0
65.7746,2,65772059659,2502412,0
65.7796,4,65777137671,2502412,0
65.7822,1,65779667677,2502412,0
65.7847,1,65782215089,2502412,0
65.7872,1,65784744501,2502412,0
65.7898,4,65787292507,2502412,0
65.7923,4,65789821919,2502412,0
65.7949,2,65792351925,2502412,0
65.7974,2,65794890337,2502412,0
65.7975,1,65797420343,73000,1
65.8,2,65797509343,2502412,0
65.8029,4,65800354355,2502412,0
65.803,4,65802928767,73000,1
65.803,1,65802929361,73000,1
65.8055,2,65803036361,2502412,0
65.8081,4,65805575367,2502412,0
65.8132,2,65810653379,2502412,0
65.8157,2,65813227791,2502412,0
65.8183,4,65815793797,2502412,0
65.8237,2,65821202215,2502412,0
65.8263,4,65823750221,2502412,0
65.8288,1,65826307227,2502412,0
65.8289,4,65828837233,73000,1
65.8289,2,65828837233,73000,1
65.834,1,65831501239,2502412,0
65.8341,1,65834048651,73000,1
65.8341,2,65834049245,73000,1
65.8366,2,65834122245,2502412,0
65.8418,2,65839281257,2502412,0
65.8443,4,65841811263,2502412,0
65.8469,2,65844359269,2502412,0
65.847,1,65846889275,73000,1
65.8495,2,65847005275,2502412,0
65.8524,4,65849857281,2502412,0
65.8528,4,65852729293,73000,1
65.8553,1,65852809293,2502412,0
65.8579,2,65855375299,2502412,0
65.8604,3,65857905305,2502412,0
65.8631,3,65863019317,73000,1
65.8631,2,65863019317,73000,1
65.8631,1,65863019317,73000,1
65.8656,2,65863135317,2502412,0
65.8707,4,65868231329,2502412,0
65.8709,2,65870779335,73000,1
65.8709,1,65870779335,73000,1
65.876,4,65873461341,2502412,0
65.8785,3,65876018347,2502412,0
65.8786,4,65878575353,73000,1
65.8811,3,65878646353,2502412,0
65.8837,3,65881202765,2502412,0
65.8862,3,65883732177,2502412,0
65.8889,3,65888837189,73000,1
65.8889,2,65888837189,73000,1
65.8941,4,65891591195,2502412,0
65.8966,2,65894121201,2502412,0
65.8967,1,65896660207,73000,1
65.8993,4,65896749207,2502412,0
65.9018,3,65899288213,2502412,0
65.9019,2,65901818219,73000,1
65.9047,4,65902222225,2502412,0
65.9073,3,65904752231,2502412,0
65.9074,4,65907282237,73000,1
65.9099,2,65907362237,2502412,0
65.91,2,65909891649,73000,1
65.91,3,65909892243,73000,1
65.9125,3,65909999243,2502412,0
65.9151,4,65912565249,2502412,0
65.9176,3,65915095255,2502412,0
65.9201,3,65917642667,2502412,0
65.9256,4,65923069679,2502412,0
65.9281,1,65925617685,2502412,0
65.9282,3,65928147691,73000,1
65.9282,2,65928147691,73000,1
65.9307,3,65928236691,2502412,0
65.9333,1,65930766697,2502412,0
65.9384,4,65935880709,2502412,0
65.9409,4,65938410121,2502412,0
65.9434,1,65940940127,2502412,0
65.946,3,65943488133,2502412,0
65.9461,3,65946035545,73000,1
65.9461,1,65946036139,73000,1
65.9486,4,65946107139,2502412,0
65.954,3,65951518157,2502412,0
65.9569,4,65954370163,2502412,0
65.9594,2,65956900169,2502412,0
65.9619,1,65959430175,2502412,0
65.9645,3,65961960181,2502412,0
65.967,4,65964517187,2502412,0
65.9696,2,65967056193,2502412,0
65.9746,1,65972134205,2502412,0
65.9772,3,65974673211,2502412,0
65.9797,1,65977212217,2502412,0
65.9822,2,65979742223,2502412,0
65.9848,4,65982299229,2502412,0
65.9873,3,65984829235,2502412,0
65.9899,2,65987359241,2502412,0
65.9924,3,65989889247,2502412,0
65.9949,1,65992419253,2502412,0
65.9976,1,65997542265,73000,1
65.9976,2,65997542265,73000,1
66.0001,4,65997622265,2502412,0
66.003,3,66000485277,2502412,0
66.0056,3,66003050689,2502412,0
66.0081,4,66005634695,2502412,0
66.0132,3,66010694707,2502412,0
66.0158,4,66013287713,2502412,0
66.0183,2,66015826719,2502412,0
66.0209,3,66018356725,2502412,0
66.021,3,66020886137,73000,1
66.021,1,66020886731,73000,1
66.0264,2,66023872737,2502412,0
66.0265,3,66026402743,73000,1
66.0265,4,66026402743,73000,1
66.0266,2,66026545743,73000,1
66.0266,1,66026545743,73000,1
66.0317,2,66029209749,2502412,0
66.0368,2,66034314761,2502412,0
66.0394,3,66036853767,2502412,0
66.0419,4,66039419773,2502412,0
66.047,2,66044488785,2502412,0
66.0495,3,66047036791,2502412,0
66.0521,2,66049584797,2502412,0
66.055,2,66052447809,2502412,0
66.0579,3,66057829821,73000,1
66.0579,4,66057829821,73000,1
66.0605,4,66057990821,2502412,0
66.063,4,66060520233,2502412,0
66.0656,2,66063050239,2502412,0
66.0706,2,66068128251,2502412,0
66.0732,4,66070694257,2502412,0
66.0734,2,66073278263,73000,1
66.0759,3,66073367263,2502412,0
66.0784,4,66075906269,2502412,0
66.0835,4,66081038281,2502412,0
66.0861,3,66083595287,2502412,0
66.0887,4,66086152293,2502412,0
66.0937,1,66091212305,2502412,0
66.0962,1,66093741717,2502412,0
66.0988,2,66096271723,2502412,0
66.1013,1,66098801729,2502412,0
66.1042,3,66101664741,2502412,0
66.1067,2,66104203747,2502412,0
66.1118,4,66109290759,2502412,0
66.1143,1,66111820765,2502412,0
66.1169,4,66114359771,2502412,0
66.1194,3,66116907777,2502412,0
66.1219,2,66119446783,2502412,0
66.1245,2,66122021195,2502412,0
66.1299,1,66127403207,2502412,0
66.1324,4,66129933213,2502412,0
66.135,3,66132490219,2502412,0
66.1375,1,66135029225,2502412,0
66.1401,2,66137568231,2502412,0
66.1426,4,66140098237,2502412,0
66.1451,4,66142627649,2502412,0
66.1477,1,66145157655,2502412,0
66.1502,3,66147687661,2502412,0
66.1503,4,66150226667,73000,1
66.1557,3,66153151679,2502412,0
66.1582,2,66155681685,2502412,0
66.161,3,66158524691,2502412,0
66.1636,1,66161090697,2502412,0
66.1661,1,66163638109,2502412,0
66.1663,3,66166177115,73000,1
66.1663,2,66166177115,73000,1
66.1688,2,66166257115,2502412,0
66.1713,2,66168795527,2502412,0
66.1714,1,66171361533,73000,1
66.1714,4,66171361533,73000,1
66.1765,2,66173971539,2502412,0
66.1791,2,66176599951,2502412,0
66.1816,3,66179138957,2502412,0
66.1842,1,66181695963,2502412,0
66.1868,3,66186764975,73000,1
66.1868,2,66186764975,73000,1
66.1894,1,66186862975,2502412,0
66.1919,1,66189428387,2502412,0
66.1945,1,66191957799,2502412,0
66.197,4,66194487805,2502412,0
66.1995,1,66197026811,2502412,0
66.2049,2,66202392829,2502412,0
66.2074,1,66204940835,2502412,0
66.21,2,66207488841,2502412,0
66.2125,1,66210036847,2502412,0
66.2126,2,66212566853,73000,1
66.2126,4,66212566853,73000,1
66.2126,3,66212566853,73000,1
66.2177,1,66215221859,2502412,0
66.2203,4,66217751865,2502412,0
66.2228,2,66220344871,2502412,0
66.2254,4,66222892877,2502412,0
66.2279,1,66225431883,2502412,0
66.2283,2,66228274295,73000,1
66.2308,1,66228345295,2502412,0
66.2334,2,66230875301,2502412,0
66.236,4,66233459307,2502412,0
66.2385,3,66235998313,2502412,0
66.2411,2,66238555319,2502412,0
66.2412,1,66241085325,73000,1
66.2412,2,66241156325,73000,1
66.2412,4,66241156325,73000,1
66.2437,3,66241236325,2502412,0
66.2464,3,66243855737,2502412,0
66.2515,2,66248987749,2502412,0
66.254,4,66251526755,2502412,0
66.2544,2,66254371767,73000,1
66.2544,3,66254371767,73000,1
66.2545,1,66254442767,73000,1
66.2546,4,66254531767,73000,1
66.2546,3,66254531767,73000,1
66.2598,4,66257285773,2502412,0
66.2652,4,66262685785,2502412,0
66.2677,3,66265224791,2502412,0
66.2703,2,66267754797,2502412,0
66.2754,2,66272886809,2502412,0
66.2755,3,66275425815,73000,1
66.2755,4,66275425815,73000,1
66.2806,4,66278080821,2502412,0
66.2831,2,66280610827,2502412,0
66.2857,1,66283185833,2502412,0
66.2908,4,66288263845,2502412,0
66.2933,2,66290820851,2502412,0
66.296,4,66295925863,73000,1
66.296,3,66295925863,73000,1
66.2985,1,66295996863,2502412,0
66.3011,2,66298571869,2502412,0
66.3041,1,66304009887,73000,1
66.3041,4,66304009887,73000,1
66.3066,2,66304116887,2502412,0
66.3117,2,66309239899,2502412,0
66.3169,1,66314362911,2502412,0
66.3194,1,66316919323,2502412,0
66.322,2,66319467329,2502412,0
66.3221,4,66321997335,73000,1
66.3246,2,66322068335,2502412,0
66.3272,1,66324652341,2502412,0
66.3297,2,66327182347,2502412,0
66.3351,1,66332582359,2502412,0
66.3376,3,66335112365,2502412,0
66.3402,2,66337669371,2502412,0
66.3403,2,66340216783,73000,1
66.3403,1,66340217377,73000,1
66.3429,3,66342845383,73000,1
66.3429,1,66342845383,73000,1
66.3455,3,66342952383,2502412,0
66.348,3,66345490795,2502412,0
66.3505,2,66348029801,2502412,0
66.3535,2,66353431819,73000,1
66.3535,3,66353431819,73000,1
66.356,1,66353511819,2502412,0
66.3586,3,66356086825,2502412,0
66.3611,1,66358625831,2502412,0
66.3637,1,66361155243,2502412,0
66.3665,3,66363998249,2502412,0
66.369,2,66366528255,2502412,0
66.3716,2,66369057667,2502412,0
66.3766,2,66374144679,2502412,0
66.3792,2,66376701091,2502412,0
66.3817,1,66379231097,2502412,0
66.3843,3,66381770103,2502412,0
66.3868,3,66384299515,2502412,0
66.3893,2,66386829521,2502412,0
66.3945,2,66391970533,2502412,0
66.3946,2,66394499945,73000,1
66.3946,3,66394500539,73000,1
66.3946,1,66394500539,73000,1
66.3946,2,66394572945,73000,1
66.3946,3,66394573539,73000,1
66.3972,1,66394743539,2502412,0
66.4023,2,66399839551,2502412,0
66.4052,1,66402738563,2502412,0
66.4079,1,66407843575,73000,1
66.4079,2,66407843575,73000,1
66.4105,3,66407959575,2502412,0
66.4155,4,66413046587,2502412,0
66.4181,3,66415594593,2502412,0
66.4206,4,66418133599,2502412,0
66.4232,2,66420681605,2502412,0
66.4283,1,66425750617,2502412,0
66.4308,3,66428280623,2502412,0
66.4333,4,66430846629,2502412,0
66.4338,3,66433689041,73000,1
66.4338,2,66433689041,73000,1
66.4363,2,66433762041,2502412,0
66.4388,2,66436300453,2502412,0
66.4413,4,66438839459,2502412,0
66.4414,1,66441369465,73000,1
66.444,4,66441476465,2502412,0
66.4466,2,66444051471,2502412,0
66.4467,2,66446616883,73000,1
66.4467,4,66446617477,73000,1
66.4492,2,66446689883,2502412,0
66.4517,3,66449219889,2502412,0
66.4547,3,66454639907,73000,1
66.4547,2,66454639907,73000,1
66.4572,1,66454710907,2502412,0
66.4598,2,66457258913,2502412,0
66.4599,4,66459815919,73000,1
66.4599,3,66459815919,73000,1
66.465,1,66462461925,2502412,0
66.4678,2,66465331931,2502412,0
66.4679,1,66467870937,73000,1
66.4679,3,66467870937,73000,1
66.4704,2,66467941937,2502412,0
66.4755,2,66473028949,2502412,0
66.4781,2,66475576361,2502412,0
66.4806,2,66478114773,2502412,0
66.4808,2,66480689185,73000,1
66.4808,1,66480689779,73000,1
66.4833,4,66480760779,2502412,0
66.4884,2,66485883791,2502412,0
66.491,4,66488458797,2502412,0
66.496,2,66493536809,2502412,0
66.4986,3,66496075815,2502412,0
66.5011,3,66498632227,2502412,0
66.5016,4,66501495239,73000,1
66.5041,4,66501593239,2502412,0
66.5066,2,66504132245,2502412,0
66.5092,3,66506662251,2502412,0
66.5117,3,66509218663,2502412,0
66.5168,4,66514305675,2502412,0
66.5194,2,66516862681,2502412,0
66.5219,1,66519401687,2502412,0
66.522,4,66521958693,73000,1
66.522,3,66521958693,73000,1
66.5271,3,66524586699,2502412,0
66.5296,2,66527125705,2502412,0
66.5322,1,66529682711,2502412,0
66.5348,3,66532257717,2502412,0
66.5401,2,66537639729,2502412,0
66.5427,3,66540178735,2502412,0
66.5452,4,66542717741,2502412,0
66.5478,2,66545247747,2502412,0
66.5503,1,66547786753,2502412,0
66.5531,3,66550631765,2502412,0
66.5557,4,66553179771,2502412,0
66.5558,3,66555718777,73000,1
66.5583,2,66555789777,2502412,0
66.5609,1,66558355783,2502412,0
66.5634,4,66560885789,2502412,0
66.5659,1,66563424795,2502412,0
66.5685,1,66565999207,2502412,0
66.5714,2,66568851213,2502412,0
66.5739,3,66571381219,2502412,0
66.574,4,66573911225,73000,1
66.5765,1,66573982225,2502412,0
66.5767,1,66576619637,73000,1
66.5767,2,66576620231,73000,1
66.5792,3,66576691231,2502412,0
66.5843,1,66581778243,2502412,0
66.5868,1,66584316655,2502412,0
66.5894,1,66586891067,2502412,0
66.5919,3,66589421073,2502412,0
66.5945,4,66591960079,2502412,0
66.5995,3,66597020091,2502412,0
66.6021,1,66599577097,2502412,0
66.6046,4,66602116103,2502412,0
66.6051,4,66605006115,73000,1
66.6051,3,66605006115,73000,1
66.6051,2,66605006115,73000,1
66.6101,1,66607643121,2502412,0
66.6127,1,66610199533,2502412,0
66.6152,2,66612747539,2502412,0
66.6203,2,66617843551,2502412,0
66.6229,1,66620382557,2502412,0
66.6254,4,66622930563,2502412,0
66.628,2,66625460569,2502412,0
66.6305,3,66627999575,2502412,0
66.6356,4,66633086587,2502412,0
66.6381,2,66635616593,2502412,0
66.641,1,66638468005,2502412,0
66.6435,2,66640998011,2502412,0
66.646,2,66643536423,2502412,0
66.6486,1,66646066429,2502412,0
66.6487,1,66648604841,73000,1
66.6487,4,66648605435,73000,1
66.6512,3,66648685435,2502412,0
66.6516,4,66651539447,73000,1
66.6541,2,66651619447,2502412,0
66.6567,2,66654193859,2502412,0
66.6568,2,66656750271,73000,1
66.6568,3,66656750865,73000,1
66.6594,3,66656848865,2502412,0
66.6619,1,66659378871,2502412,0
66.6644,4,66661917877,2502412,0
66.6695,1,66666995889,2502412,0
66.6724,3,66669856895,2502412,0
66.6749,4,66672404901,2502412,0
66.6774,2,66674943907,2502412,0
66.68,1,66677473913,2502412,0
66.6825,2,66680003919,2502412,0
66.685,2,66682542331,2502412,0
66.6852,1,66685081337,73000,1
66.6852,3,66685081337,73000,1
66.6877,3,66685154337,2502412,0
66.6903,2,66690232349,73000,1
66.6903,4,66690232349,73000,1
66.6928,4,66690312349,2502412,0
66.6954,3,66692896355,2502412,0
66.6955,4,66695462361,73000,1
66.6955,1,66695462361,73000,1
66.7006,3,66698108367,2502412,0
66.7035,2,66700962379,2502412,0
66.706,3,66703510385,2502412,0
66.7061,2,66706049391,73000,1
66.7061,4,66706049391,73000,1
66.7112,3,66708713397,2502412,0
66.7137,3,66711242809,2502412,0
66.7163,4,66713808815,2502412,0
66.7189,2,66716365821,2502412,0
66.7214,4,66718904827,2502412,0
66.7265,2,66723964839,2502412,0
66.729,3,66726503845,2502412,0
66.7291,2,66729033851,73000,1
66.7291,1,66729033851,73000,1
66.7316,4,66729113851,2502412,0
66.7342,3,66731688857,2502412,0
66.7343,4,66734245863,73000,1
66.7368,3,66734316863,2502412,0
66.7394,2,66736864869,2502412,0
66.7419,3,66739412875,2502412,0
66.7448,4,66742273287,2502412,0
66.7473,2,66744812293,2502412,0
66.7524,4,66749908305,2502412,0
66.7525,2,66752447311,73000,1
66.755,3,66752527311,2502412,0
66.7555,4,66755444323,73000,1
66.7556,3,66755560323,73000,1
66.7556,4,66755560323,73000,1
66.7582,2,66755658323,2502412,0
66.7583,2,66758223735,73000,1
66.7608,3,66758322329,2502412,0
66.7634,3,66760869741,2502412,0
66.7659,2,66763408747,2502412,0
66.771,3,66768513759,2502412,0
66.7739,4,66771356765,2502412,0
66.7764,2,66773895771,2502412,0
66.7791,4,66779036783,73000,1
66.7791,3,66779036783,73000,1
66.7816,2,66779116783,2502412,0
66.7842,2,66781673195,2502412,0
66.7869,2,66786787207,73000,1
66.7869,3,66786787207,73000,1
66.7894,4,66786867207,2502412,0
66.7945,4,66791963219,2502412,0
66.797,1,66794547225,2502412,0
66.7972,2,66797104231,73000,1
66.7997,4,66797202231,2502412,0
66.8022,4,66799731643,2502412,0
66.8026,4,66802576655,73000,1
66.8026,1,66802576655,73000,1
66.8078,2,66805285661,2502412,0
66.8105,4,66810408673,73000,1
66.8105,1,66810408673,73000,1
66.8106,2,66810497673,73000,1
66.8106,3,66810497673,73000,1
66.8107,2,66810577673,73000,1
66.8132,1,66810720673,2502412,0
66.8183,1,66815798685,2502412,0
66.8209,1,66818391097,2502412,0
66.826,2,66823541109,2502412,0
66.8261,1,66826071115,73000,1
66.8287,2,66826187115,2502412,0
66.8312,2,66828734527,2502412,0
66.8363,2,66833794539,2502412,0
66.8389,4,66836351545,2502412,0
66.844,2,66841474557,2502412,0
66.8468,4,66844316969,2502412,0
66.8494,2,66846855975,2502412,0
66.8519,4,66849394981,2502412,0
66.8544,1,66851933987,2502412,0
66.8573,3,66854769999,2502412,0
66.8574,2,66857309005,73000,1
66.8599,3,66857398005,2502412,0
66.8624,4,66859937011,2502412,0
66.865,1,66862467017,2502412,0
66.8675,1,66865032429,2502412,0
66.8701,3,66867580435,2502412,0
66.8702,4,66870137441,73000,1
66.8727,4,66870217441,2502412,0
66.8729,3,66872792447,73000,1
66.8729,1,66872792447,73000,1
66.8754,2,66872890447,2502412,0
66.8782,4,66875733453,2502412,0
66.8833,2,66880820465,2502412,0
66.8859,4,66883413471,2502412,0
66.8885,3,66885970477,2502412,0
66.8936,2,66891048489,2502412,0
66.8961,2,66893577901,2502412,0
66.8986,4,66896116907,2502412,0
66.9012,1,66898655913,2502412,0
66.904,4,66901509925,2502412,0
66.9065,4,66904039337,2502412,0
66.9066,3,66906569343,73000,1
66.9091,2,66906640343,2502412,0
66.9117,1,66909206349,2502412,0
66.9142,4,66911736355,2502412,0
66.9168,4,66914265767,2502412,0
66.9194,2,66916849773,2502412,0
66.9195,2,66919406185,73000,1
66.922,4,66919477779,2502412,0
66.9245,1,66922007785,2502412,0
66.9271,4,66924564791,2502412,0
66.9296,3,66927103797,2502412,0
66.9321,1,66929633803,2502412,0
66.9347,2,66932163809,2502412,0
66.9372,2,66934720221,2502412,0
66.9398,3,66937250227,2502412,0
66.9448,3,66942310239,2502412,0
66.9477,4,66945152651,2502412,0
66.9502,4,66947691063,2502412,0
66.9531,2,66950554075,2502412,0
66.9556,1,66953084081,2502412,0
66.9581,4,66955614087,2502412,0
66.9607,4,66958152499,2502412,0
66.9608,4,66960699911,73000,1
66.9608,2,66960700505,73000,1
66.9608,3,66960700505,73000,1
66.9633,2,66960773505,2502412,0
66.9658,3,66963303511,2502412,0
66.9685,1,66968390523,73000,1
66.9685,4,66968390523,73000,1
66.971,1,66968506523,2502412,0
66.9711,4,66971054529,73000,1
66.9711,2,66971054529,73000,1
66.9736,3,66971125529,2502412,0
66.9762,1,66973682535,2502412,0
66.9791,1,66976561541,2502412,0
66.9842,3,66981657553,2502412,0
66.9867,1,66984241559,2502412,0
66.9893,3,66986807565,2502412,0
66.9919,2,66989364571,2502412,0
66.9945,3,66994433583,73000,1
66.9945,1,66994433583,73000,1
66.997,3,66994506583,2502412,0
66.9972,3,66997107995,73000,1
66.9972,2,66997108589,73000,1
66.9997,1,66997188589,2502412,0
67.0051,1,67002644607,2502412,0
67.0052,1,67005174019,73000,1
67.0052,3,67005174613,73000,1
67.0053,4,67005263613,73000,1
67.0079,2,67005415613,2502412,0
67.013,1,67010493625,2502412,0
67.0155,1,67013041037,2502412,0
67.0181,2,67015607043,2502412,0
67.0208,2,67020694055,73000,1
67.0208,1,67020694055,73000,1
67.0209,3,67020837055,73000,1
67.0261,2,67023555061,2502412,0
67.0311,1,67028642073,2502412,0
67.0313,1,67031180485,73000,1
67.0313,2,67031181079,73000,1
67.0364,1,67033854085,2502412,0
67.0389,1,67036401497,2502412,0
67.0414,2,67038940503,2502412,0
67.0465,2,67044027515,2502412,0
67.0491,1,67046602521,2502412,0
67.0519,2,67049444933,2502412,0
67.0548,1,67052289945,2502412,0
67.0599,2,67057421957,2502412,0
67.0625,1,67059978963,2502412,0
67.0676,3,67065092975,2502412,0
67.0701,3,67067622387,2502412,0
67.0702,1,67070170393,73000,1
67.0702,2,67070170393,73000,1
67.0728,3,67070259393,2502412,0
67.0754,3,67075328405,73000,1
67.0754,1,67075328405,73000,1
67.0805,2,67078037411,2502412,0
67.0834,2,67080907417,2502412,0
67.0886,3,67086057429,2502412,0
67.0911,2,67088605435,2502412,0
67.0962,3,67093728447,2502412,0
67.1013,2,67098833459,2502412,0
67.1014,3,67101372465,73000,1
67.1014,1,67101372465,73000,1
67.1068,2,67104344477,2502412,0
67.107,2,67106954889,73000,1
67.1095,3,67107044483,2502412,0
67.1147,3,67112176495,2502412,0
67.1198,3,67117308507,2502412,0
67.12,2,67119892513,73000,1
67.1225,4,67119990513,2502412,0
67.125,3,67122547519,2502412,0
67.1301,4,67127634531,2502412,0
67.1327,3,67130173537,2502412,0
67.1352,4,67132712543,2502412,0
67.1354,2,67135278549,73000,1
67.1354,4,67135367549,73000,1
67.1354,3,67135367549,73000,1
67.1379,3,67135447549,2502412,0
67.1405,3,67138012961,2502412,0
67.1457,3,67143180973,2502412,0
67.1458,4,67145719979,73000,1
67.1484,3,67145853979,2502412,0
67.1485,4,67148392985,73000,1
67.151,1,67148517985,2502412,0
67.1567,3,67154214409,2502412,0
67.1593,3,67156770821,2502412,0
67.1618,1,67159345827,2502412,0
67.1619,1,67161875239,73000,1
67.1644,2,67161946833,2502412,0
67.167,3,67164476839,2502412,0
67.1671,3,67167060251,73000,1
67.1671,2,67167060845,73000,1
67.1722,1,67169688851,2502412,0
67.1747,1,67172227263,2502412,0
67.1773,1,67174810675,2502412,0
67.1824,3,67179933687,2502412,0
67.1853,1,67182776693,2502412,0
67.1878,2,67185306699,2502412,0
67.1904,2,67187854111,2502412,0
67.1955,3,67192959123,2502412,0
67.198,1,67195489129,2502412,0
67.2005,2,67198037135,2502412,0
67.2034,4,67200882147,2502412,0
67.2085,3,67205969159,2502412,0
67.211,1,67208508165,2502412,0
67.2111,1,67211055577,73000,1
67.2111,2,67211056171,73000,1
67.2112,3,67211163171,73000,1
67.2112,4,67211163171,73000,1
67.2164,1,67213899177,2502412,0
67.2165,2,67216447183,73000,1
67.219,4,67216545183,2502412,0
67.2216,1,67219075189,2502412,0
67.2241,3,67221614195,2502412,0
67.2292,4,67226719207,2502412,0
67.2318,1,67229258213,2502412,0
67.2319,3,67231842219,73000,1
67.2344,1,67231913219,2502412,0
67.237,4,67234461225,2502412,0
67.2395,1,67236991231,2502412,0
67.2422,1,67242141243,73000,1
67.2422,3,67242141243,73000,1
67.2447,4,67242230243,2502412,0
67.2498,1,67247326255,2502412,0
67.2524,2,67249892261,2502412,0
67.2552,1,67252734673,2502412,0
67.2581,1,67255579685,2502412,0
67.2606,4,67258109691,2502412,0
67.2657,4,67263187703,2502412,0
67.2683,2,67265753709,2502412,0
67.2708,1,67268328715,2502412,0
67.2759,2,67273406727,2502412,0
67.2784,4,67275936733,2502412,0
67.281,4,67278502145,2502412,0
67.2836,1,67281068151,2502412,0
67.2865,2,67286459163,73000,1
67.2865,3,67286459163,73000,1
67.2891,4,67286566163,2502412,0
67.2916,1,67289114169,2502412,0
67.2942,2,67291653175,2502412,0
67.2992,4,67296740187,2502412,0
67.3018,4,67299287599,2502412,0
67.3047,4,67302150611,2502412,0
67.3072,1,67304680617,2502412,0
67.3097,2,67307210623,2502412,0
67.3148,1,67312297635,2502412,0
67.3173,2,67314836641,2502412,0
67.3199,4,67317411647,2502412,0
67.3224,1,67319941653,2502412,0
67.325,1,67322507065,2502412,0
67.3301,2,67327576077,2502412,0
67.3327,4,67330160083,2502412,0
67.3352,2,67332708089,2502412,0
67.3377,1,67335247095,2502412,0
67.3428,4,67340325107,2502412,0
67.3454,1,67342873113,2502412,0
67.3479,2,67345430119,2502412,0
67.3505,4,67347987125,2502412,0
67.3509,4,67350841137,73000,1
67.3534,2,67350912137,2502412,0
67.356,1,67353451143,2502412,0
67.3588,1,67356293555,2502412,0
67.3614,2,67358850561,2502412,0
67.3639,1,67361380567,2502412,0
67.3665,2,67363955573,2502412,0
67.3715,3,67369015585,2502412,0
67.3741,1,67371554591,2502412,0
67.3766,4,67374138597,2502412,0
67.3792,2,67376677603,2502412,0
67.3817,3,67379225609,2502412,0
67.3843,1,67381764615,2502412,0
67.3896,4,67387137033,2502412,0
67.3897,4,67389666445,73000,1
67.3897,1,67389667039,73000,1
67.3923,2,67389774039,2502412,0
67.3948,3,67392322045,2502412,0
67.3974,2,67394870051,2502412,0
67.3999,3,67397409057,2502412,0
67.4024,3,67399938469,2502412,0
67.4054,1,67402881481,2502412,0
67.4055,1,67405428893,73000,1
67.4055,3,67405429487,73000,1
67.408,2,67405509487,2502412,0
67.4106,4,67408084493,2502412,0
67.4131,4,67410631905,2502412,0
67.4182,2,67415700917,2502412,0
67.4207,1,67418239923,2502412,0
67.4233,3,67420823929,2502412,0
67.4259,2,67423353935,2502412,0
67.4284,1,67425883941,2502412,0
67.4309,4,67428413947,2502412,0
67.4334,3,67430943953,2502412,0
67.436,4,67433473959,2502412,0
67.441,2,67438542971,2502412,0
67.4436,1,67441135977,2502412,0
67.4462,4,67443674983,2502412,0
67.4487,3,67446204989,2502412,0
67.4512,4,67448743995,2502412,0
67.4538,2,67451283001,2502412,0
67.4566,4,67454119013,2502412,0
67.4571,1,67456988425,73000,1
67.4572,4,67457077425,73000,1
67.4572,2,67457077425,73000,1
67.4597,3,67457148425,2502412,0
67.4622,3,67459677837,2502412,0
67.4648,3,67462297249,2502412,0
67.4649,2,67464845255,73000,1
67.4674,1,67464916255,2502412,0
67.47,1,67467454667,2502412,0
67.4725,1,67469984079,2502412,0
67.475,4,67472523085,2502412,0
67.4776,3,67475053091,2502412,0
67.4801,4,67477610097,2502412,0
67.4826,3,67480140103,2502412,0
67.4852,3,67482669515,2502412,0
67.4902,4,67487738527,2502412,0
67.4931,4,67490581533,2502412,0
67.4956,1,67493120539,2502412,0
67.4982,4,67495686545,2502412,0
67.5007,4,67498233957,2502412,0
67.5036,3,67501078969,2502412,0
67.5037,3,67503626381,73000,1
67.5037,4,67503626975,73000,1
67.5037,1,67503626975,73000,1
67.5062,3,67503699381,2502412,0
67.5087,4,67506238387,2502412,0
67.5138,4,67511343399,2502412,0
67.5164,3,67513900405,2502412,0
67.519,3,67516483817,2502412,0
67.5215,1,67519013823,2502412,0
67.5241,1,67521552235,2502412,0
67.5242,4,67524091241,73000,1
67.5242,2,67524091241,73000,1
67.5267,3,67524162241,2502412,0
67.5317,3,67529222253,2502412,0
67.5343,3,67531805665,2502412,0
67.5369,1,67534353671,2502412,0
67.5394,2,67536919677,2502412,0
67.542,3,67539458683,2502412,0
67.5421,4,67541988689,73000,1
67.5422,3,67542104689,73000,1
67.5422,2,67542104689,73000,1
67.5447,1,67542175689,2502412,0
67.5472,1,67544705101,2502412,0
67.5498,3,67547280107,2502412,0
67.5549,2,67552349119,2502412,0
67.5577,1,67555230131,2502412,0
67.5603,1,67557759543,2502412,0
67.5631,1,67560637955,2502412,0
67.5632,2,67563167961,73000,1
67.5632,3,67563167961,73000,1
67.5683,1,67565831967,2502412,0
67.5709,1,67568397379,2502412,0
67.576,1,67573484391,2502412,0
67.5785,4,67576014397,2502412,0
67.5811,4,67578552809,2502412,0
67.5836,2,67581109815,2502412,0
67.5862,3,67583648821,2502412,0
67.5863,4,67586178827,73000,1
67.5888,3,67586276827,2502412,0
67.5913,1,67588806833,2502412,0
67.5917,3,67591667839,73000,1
67.5917,4,67591667839,73000,1
67.5943,2,67591765839,2502412,0
67.5994,1,67596861851,2502412,0
67.6019,2,67599427857,2502412,0
67.6048,3,67602263869,2502412,0
67.6049,2,67604847875,73000,1
67.6074,1,67604936875,2502412,0
67.61,3,67607484881,2502412,0
67.6125,2,67610023887,2502412,0
67.6151,4,67612571893,2502412,0
67.6177,2,67617649905,73000,1
67.6177,3,67617649905,73000,1
67.6177,1,67617649905,73000,1
67.6203,4,67617765905,2502412,0
67.6228,1,67620295911,2502412,0
67.6229,1,67622870323,73000,1
67.623,4,67622941917,73000,1
67.623,2,67622941917,73000,1
67.6256,3,67623102917,2502412,0
67.6307,1,67628162929,2502412,0
67.6332,3,67630692935,2502412,0
67.6358,4,67633258941,2502412,0
67.6409,3,67638363953,2502412,0
67.6434,1,67640893959,2502412,0
67.6459,1,67643432371,2502412,0
67.6485,3,67645962377,2502412,0
67.6486,4,67648528383,73000,1
67.6486,2,67648528383,73000,1
67.6536,3,67651138389,2502412,0
67.6537,3,67653667801,73000,1
67.6563,1,67653748395,2502412,0
67.6564,1,67656277807,73000,1
67.6592,1,67656675407,2502412,0
67.6617,2,67659214413,2502412,0
67.6647,1,67664631831,73000,1
67.6647,4,67664631831,73000,1
67.6672,3,67664702831,2502412,0
67.6698,2,67667277837,2502412,0
67.6724,1,67669852843,2502412,0
67.6749,3,67672382849,2502412,0
67.68,2,67677478861,2502412,0
67.6825,3,67680017867,2502412,0
67.6851,1,67682547873,2502412,0
67.6876,1,67685077285,2502412,0
67.6902,2,67687652291,2502412,0
67.6931,1,67693051709,73000,1
67.6931,3,67693051709,73000,1
67.6956,3,67693124709,2502412,0
67.6982,2,67695654715,2502412,0
67.7007,1,67698220721,2502412,0
67.7036,3,67701065733,2502412,0
67.7061,1,67703595739,2502412,0
67.7086,2,67706125745,2502412,0
67.7087,1,67708664751,73000,1
67.7087,4,67708664751,73000,1
67.7138,3,67711274757,2502412,0
67.7163,1,67713822763,2502412,0
67.7189,1,67716370175,2502412,0
67.7214,2,67718918181,2502412,0
67.7215,1,67721466187,73000,1
67.7215,3,67721466187,73000,1
67.7267,2,67724148193,2502412,0
67.7292,2,67726695605,2502412,0
67.7318,1,67729279611,2502412,0
67.7369,3,67734357623,2502412,0
67.7394,2,67736896629,2502412,0
67.742,1,67739471635,2502412,0
67.7421,1,67742028047,73000,1
67.7421,3,67742028641,73000,1
67.7446,2,67742117641,2502412,0
67.7472,2,67744719053,2502412,0
67.7523,2,67749815065,2502412,0
67.7528,2,67752696077,73000,1
67.7528,1,67752696077,73000,1
67.7578,3,67755333083,2502412,0
67.7604,4,67757863089,2502412,0
67.7629,3,67760393095,2502412,0
67.7654,4,67762941101,2502412,0
67.7683,2,67765783513,2502412,0
67.7708,4,67768313519,2502412,0
67.7709,4,67770842931,73000,1
67.7709,2,67770843525,73000,1
67.7735,3,67770986525,2502412,0
67.7786,2,67776127537,2502412,0
67.7812,3,67778675543,2502412,0
67.7837,2,67781214549,2502412,0
67.7864,3,67786319561,73000,1
67.7864,4,67786319561,73000,1
67.7889,2,67786444561,2502412,0
67.7891,2,67788982973,73000,1
67.7916,1,67789072567,2502412,0
67.7942,2,67791656573,2502412,0
67.7967,3,67794186579,2502412,0
67.8021,1,67799568591,2502412,0
67.8022,3,67802107597,73000,1
67.8047,1,67802178597,2502412,0
67.8075,1,67805041609,2502412,0
67.8102,2,67810128621,73000,1
67.8102,4,67810128621,73000,1
67.8127,2,67810217621,2502412,0
67.8152,2,67812747033,2502412,0
67.8178,1,67815322039,2502412,0
67.8204,3,67817852045,2502412,0
67.8255,1,67822948057,2502412,0
67.828,2,67825496063,2502412,0
67.8281,2,67828034475,73000,1
67.8281,3,67828035069,73000,1
67.8306,2,67828115069,2502412,0
67.8332,2,67830662481,2502412,0
67.8383,1,67835758493,2502412,0
67.8409,2,67838360499,2502412,0
67.8434,1,67840890505,2502412,0
67.8485,3,67845995517,2502412,0
67.8486,3,67848524929,73000,1
67.8486,2,67848525523,73000,1
67.8511,2,67848623523,2502412,0
67.854,1,67851486535,2502412,0
67.8591,2,67856564547,2502412,0
67.8616,1,67859094553,2502412,0
67.8641,2,67861633559,2502412,0
67.8667,3,67864172565,2502412,0
67.8695,1,67867023977,2502412,0
67.8721,4,67869553983,2502412,0
67.8746,4,67872083395,2502412,0
67.8771,3,67874622401,2502412,0
67.8822,2,67879700413,2502412,0
67.8847,3,67882239419,2502412,0
67.8849,4,67884814425,73000,1
67.8849,1,67884814425,73000,1
67.885,3,67884894425,73000,1
67.885,2,67884894425,73000,1
67.8875,2,67884974425,2502412,0
67.89,1,67887504431,2502412,0
67.8902,2,67890079437,73000,1
67.8927,4,67890159437,2502412,0
67.8952,3,67892707443,2502412,0
67.8977,1,67895246449,2502412,0
67.9006,3,67898089455,2502412,0
67.9035,2,67900970467,2502412,0
67.906,3,67903509473,2502412,0
67.9061,4,67906048479,73000,1
67.9062,2,67906119479,73000,1
67.9062,1,67906119479,73000,1
67.9088,3,67906289479,2502412,0
67.9113,1,67908819485,2502412,0
67.9114,4,67911376491,73000,1
67.914,2,67911456491,2502412,0
67.9141,3,67913995497,73000,1
67.9142,1,67914093497,73000,1
67.9167,3,67914164497,2502412,0
67.9192,4,67916694503,2502412,0
67.9243,2,67921772515,2502412,0
67.9268,4,67924320521,2502412,0
67.9294,1,67926886527,2502412,0
67.9295,3,67929434533,73000,1
67.932,4,67929505533,2502412,0
67.9345,2,67932044539,2502412,0
67.9371,1,67934574545,2502412,0
67.9396,4,67937113551,2502412,0
67.9398,2,67939697557,73000,1
67.9399,4,67939795557,73000,1
67.9399,1,67939795557,73000,1
67.9424,4,67939902557,2502412,0
67.945,3,67942450563,2502412,0
67.9475,4,67944980569,2502412,0
67.9529,1,67950373587,2502412,0
67.953,1,67952929999,73000,1
67.953,4,67952930593,73000,1
67.953,3,67952930593,73000,1
67.9555,3,67953028593,2502412,0
67.9556,2,67955567599,73000,1
67.9556,1,67955567599,73000,1
67.9607,3,67958231605,2502412,0
67.9659,3,67963399617,2502412,0
67.9684,4,67965938623,2502412,0
67.9739,3,67971374041,2502412,0
67.979,4,67976470053,2502412,0
67.9815,3,67979009059,2502412,0
67.984,4,67981539065,2502412,0
67.9842,3,67984087071,73000,1
67.9842,1,67984087071,73000,1
67.9893,3,67986760077,2502412,0
67.9918,2,67989299083,2502412,0
67.9943,4,67991829089,2502412,0
67.9969,2,67994386095,2502412,0
67.9995,2,67999455107,73000,1
67.9995,3,67999455107,73000,1
68.0021,4,67999598107,2502412,0
68.0079,4,68005367125,2502412,0
68.0104,4,68007896537,2502412,0
68.0105,2,68010444543,73000,1
68.0131,3,68010569543,2502412,0
68.0132,4,68013135549,73000,1
68.0158,3,68013251549,2502412,0
68.0209,3,68018392561,2502412,0
68.0235,1,68023470573,73000,1
68.0235,4,68023470573,73000,1
68.0286,3,68026143579,2502412,0
68.0312,2,68028682585,2502412,0
68.0363,4,68033841597,2502412,0
68.0364,4,68036371009,73000,1
68.0364,3,68036371603,73000,1
68.039,2,68036451603,2502412,0
68.0391,2,68038999015,73000,1
68.0416,4,68039115609,2502412,0
68.0442,3,68041690615,2502412,0
68.0493,4,68046777627,2502412,0
68.0518,4,68049307039,2502412,0
68.0547,1,68052179051,2502412,0
68.0598,3,68057248063,2502412,0
68.0623,2,68059796069,2502412,0
68.0648,4,68062326075,2502412,0
68.0674,2,68064856081,2502412,0
68.0699,3,68067386087,2502412,0
68.0724,1,68069916093,2502412,0
68.0753,1,68072758505,2502412,0
68.0754,3,68075315511,73000,1
68.0754,2,68075315511,73000,1
68.0779,1,68075404511,2502412,0
68.0805,3,68077952517,2502412,0
68.083,4,68080491523,2502412,0
68.0856,1,68083102529,2502412,0
68.0907,3,68088171541,2502412,0
68.0932,4,68090719547,2502412,0
68.0958,3,68093258553,2502412,0
68.0983,3,68095787965,2502412,0
68.1008,1,68098326971,2502412,0
68.1034,2,68100856977,2502412,0
68.1041,3,68104032989,73000,1
68.1042,2,68104103989,73000,1
68.1042,3,68104105989,73000,1
68.1067,2,68104185989,2502412,0
68.1092,4,68106733995,2502412,0
68.1118,1,68109291001,2502412,0
68.1143,4,68111821007,2502412,0
68.1144,4,68114350419,73000,1
68.1144,1,68114351013,73000,1
68.1145,2,68114449013,73000,1
68.1145,4,68114449013,73000,1
68.1196,2,68117077019,2502412,0
68.1222,1,68119661025,2502412,0
68.1247,4,68122236031,2502412,0
68.1248,4,68124765443,73000,1
68.1248,1,68124766037,73000,1
68.1248,2,68124766037,73000,1
68.1273,4,68124838443,2502412,0
68.1325,4,68129997455,2502412,0
68.135,1,68132527461,2502412,0
68.1376,1,68135065873,2502412,0
68.1426,2,68140125885,2502412,0
68.1428,1,68142691891,73000,1
68.1428,4,68142691891,73000,1
68.1428,3,68142691891,73000,1
68.1479,2,68145355897,2502412,0
68.148,2,68147912309,73000,1
68.148,1,68147912903,73000,1
68.1534,2,68150882915,2502412,0
68.1559,2,68153439327,2502412,0
68.1585,4,68155969333,2502412,0
68.161,1,68158499339,2502412,0
68.1635,1,68161037751,2502412,0
68.1662,1,68166106763,73000,1
68.1662,4,68166106763,73000,1
68.1687,2,68166186763,2502412,0
68.1713,2,68168779175,2502412,0
68.1738,2,68171308587,2502412,0
68.1767,2,68174177999,2502412,0
68.1817,2,68179247011,2502412,0
68.1843,1,68181804017,2502412,0
68.1844,2,68184352023,73000,1
68.1844,4,68184352023,73000,1
68.187,1,68184450023,2502412,0
68.192,4,68189537035,2502412,0
68.1946,4,68192075447,2502412,0
68.1971,4,68194604859,2502412,0
68.1996,2,68197134865,2502412,0
68.2022,2,68199673277,2502412,0
68.205,2,68202509289,2502412,0
68.2079,1,68205361295,2502412,0
68.2104,4,68207891301,2502412,0
68.2105,1,68210439307,73000,1
68.213,2,68210510307,2502412,0
68.2156,2,68213057719,2502412,0
68.2181,2,68215596131,2502412,0
68.2206,3,68218126137,2502412,0
68.2207,3,68220655549,73000,1
68.2207,4,68220656143,73000,1
68.2233,1,68220754143,2502412,0
68.2258,4,68223311149,2502412,0
68.2259,4,68225840561,73000,1
68.2259,2,68225841155,73000,1
68.226,4,68225939155,73000,1
68.2285,1,68226019155,2502412,0
68.2311,1,68228638567,2502412,0
68.2337,2,68231177573,2502412,0
68.2362,3,68233734579,2502412,0
68.2413,3,68238803591,2502412,0
68.2439,2,68241378597,2502412,0
68.2464,1,68243908603,2502412,0
68.2515,3,68249031615,2502412,0
68.2541,1,68251570621,2502412,0
68.2569,2,68254406633,2502412,0
68.2571,2,68256990045,73000,1
68.2571,3,68256990639,73000,1
68.2621,1,68259645645,2502412,0
68.2647,3,68262175651,2502412,0
68.2672,3,68264714063,2502412,0
68.2697,4,68267244069,2502412,0
68.2723,3,68269783075,2502412,0
68.2774,4,68274861087,2502412,0
68.2802,3,68277703499,2502412,0
68.2828,1,68280260505,2502412,0
68.2853,3,68282799511,2502412,0
68.2878,2,68285347517,2502412,0
68.288,4,68287904523,73000,1
68.2905,3,68288002523,2502412,0
68.293,1,68290532529,2502412,0
68.2956,3,68293071535,2502412,0
68.2981,2,68295628541,2502412,0
68.3007,1,68298176547,2502412,0
68.3035,2,68301012559,2502412,0
68.3086,1,68306072571,2502412,0
68.3114,3,68308933577,2502412,0
68.314,4,68311463583,2502412,0
68.3141,3,68314002589,73000,1
68.3141,2,68314002589,73000,1
68.3166,1,68314118589,2502412,0
68.3168,4,68316684595,73000,1
68.3193,3,68316755595,2502412,0
68.3218,3,68319321007,2502412,0
68.3244,1,68321860013,2502412,0
68.3269,3,68324399019,2502412,0
68.332,4,68329504031,2502412,0
68.3345,2,68332034037,2502412,0
68.3371,2,68334572449,2502412,0
68.3396,1,68337129455,2502412,0
68.3397,1,68339658867,73000,1
68.3397,2,68339659461,73000,1
68.3397,4,68339659461,73000,1
68.3397,3,68339659461,73000,1
68.3422,4,68339732461,2502412,0
68.3448,4,68342279873,2502412,0
68.3499,3,68347420885,2502412,0
68.3525,4,68349950891,2502412,0
68.3553,4,68352804903,2502412,0
68.3578,1,68355334909,2502412,0
68.3604,2,68357873915,2502412,0
68.3629,3,68360412921,2502412,0
68.3655,1,68365472933,73000,1
68.3655,4,68365472933,73000,1
68.3681,3,68365588933,2502412,0
68.3706,2,68368127939,2502412,0
68.3732,2,68370657351,2502412,0
68.3757,3,68373187357,2502412,0
68.3811,2,68378632369,2502412,0
68.3837,3,68381162375,2502412,0
68.3862,4,68383692381,2502412,0
68.3887,2,68386240387,2502412,0
68.3913,1,68388815393,2502412,0
68.3938,4,68391345399,2502412,0
68.394,1,68393884405,73000,1
68.3965,3,68393955405,2502412,0
68.399,2,68396521411,2502412,0
68.4016,4,68399060417,2502412,0
68.4044,3,68401923429,2502412,0
68.4095,3,68407037441,2502412,0
68.4124,1,68409880447,2502412,0
68.4149,2,68412410453,2502412,0
68.4175,4,68414949459,2502412,0
68.42,3,68417542465,2502412,0
68.4251,1,68422620477,2502412,0
68.4277,3,68425150483,2502412,0
68.4302,2,68427680489,2502412,0
68.4327,4,68430210495,2502412,0
68.4328,4,68432766907,73000,1
68.4328,3,68432767501,73000,1
68.4328,1,68432767501,73000,1
68.4353,2,68432838501,2502412,0
68.4379,3,68435368507,2502412,0
68.4404,1,68437898513,2502412,0
68.4455,2,68443012525,2502412,0
68.4456,1,68445542531,73000,1
68.4456,3,68445542531,73000,1
68.4481,3,68445622531,2502412,0
68.4507,2,68448188537,2502412,0
68.4508,1,68450718543,73000,1
68.4536,4,68451115549,2502412,0
68.4587,3,68456202561,2502412,0
68.4588,4,68458759567,73000,1
68.4588,2,68458759567,73000,1
68.4614,2,68458857567,2502412,0
68.4639,3,68461432573,2502412,0
68.4665,1,68463971579,2502412,0
68.4666,2,68466510585,73000,1
68.4692,4,68466653585,2502412,0
68.4693,1,68469201591,73000,1
68.4693,3,68469201591,73000,1
68.4718,4,68469290591,2502412,0
68.4719,3,68471820597,73000,1
68.4744,1,68471927597,2502412,0
68.4746,4,68474511603,73000,1
68.4746,2,68474511603,73000,1
68.4796,1,68477139609,2502412,0
68.4851,4,68482575621,2502412,0
68.4877,1,68485159627,2502412,0
68.4902,3,68487689633,2502412,0
68.4953,1,68492776645,2502412,0
68.4978,3,68495306651,2502412,0
68.5003,4,68497836657,2502412,0
68.5032,4,68500708669,2502412,0
68.5033,1,68503247675,73000,1
68.5058,1,68503327675,2502412,0
68.5084,4,68505884681,2502412,0
68.5109,3,68508414687,2502412,0
68.5135,2,68510953693,2502412,0
68.5163,4,68513832699,2502412,0
68.5214,2,68518901711,2502412,0
68.5215,3,68521431717,73000,1
68.5215,1,68521431717,73000,1
68.524,2,68521502717,2502412,0
68.5266,4,68524077723,2502412,0
68.5291,1,68526625729,2502412,0
68.5317,2,68529155735,2502412,0
68.5367,1,68534242747,2502412,0
68.5393,2,68536772753,2502412,0
68.5418,2,68539302165,2502412,0
68.5443,3,68541841171,2502412,0
68.5469,1,68544371177,2502412,0
68.547,1,68546909589,73000,1
68.547,4,68546910183,73000,1
68.5471,3,68547026183,73000,1
68.5471,4,68547026183,73000,1
68.5472,2,68547115183,73000,1
68.5498,2,68547294183,2502412,0
68.5499,1,68549824189,73000,1
68.5499,3,68549824189,73000,1
68.55,1,68549931189,73000,1
68.5529,2,68550371195,2502412,0
68.5554,2,68552900607,2502412,0
68.5555,2,68555439019,73000,1
68.5555,4,68555439613,73000,1
68.5607,2,68558148619,2502412,0
68.5632,2,68560678031,2502412,0
68.5633,3,68563208037,73000,1
68.5658,3,68563342037,2502412,0
68.5709,2,68568447049,2502412,0
68.5735,3,68570977055,2502412,0
68.5736,2,68573552061,73000,1
68.5737,3,68573650061,73000,1
68.5737,2,68573650061,73000,1
68.5763,4,68573775061,2502412,0
68.5814,4,68578916073,2502412,0
68.5868,3,68584298085,2502412,0
68.5894,3,68586863497,2502412,0
68.5945,3,68591950509,2502412,0
68.5946,4,68594489515,73000,1
68.5946,1,68594489515,73000,1
68.5971,2,68594569515,2502412,0
68.5996,3,68597099521,2502412,0
68.6022,2,68599665527,2502412,0
68.6075,4,68605031545,2502412,0
68.6077,4,68607596957,73000,1
68.6077,2,68607597551,73000,1
68.6102,3,68607686551,2502412,0
68.6127,2,68610243557,2502412,0
68.6158,3,68615705975,73000,1
68.6158,4,68615705975,73000,1
68.6183,3,68615794975,2502412,0
68.6208,2,68618324981,2502412,0
68.6259,2,68623393993,2502412,0
68.6284,2,68625923405,2502412,0
68.631,2,68628452817,2502412,0
68.6335,3,68630982823,2502412,0
68.6387,3,68636150835,2502412,0
68.6412,2,68638680841,2502412,0
68.6414,2,68641282253,73000,1
68.6439,3,68641353847,2502412,0
68.6464,4,68643919853,2502412,0
68.649,2,68646449859,2502412,0
68.654,4,68651545871,2502412,0
68.6569,2,68654399883,2502412,0
68.6594,3,68656929889,2502412,0
68.662,3,68659477301,2502412,0
68.6645,4,68662034307,2502412,0
68.6696,4,68667094319,2502412,0
68.6721,2,68669633325,2502412,0
68.6747,4,68672190331,2502412,0
68.6748,4,68674728743,73000,1
68.6748,3,68674729337,73000,1
68.6773,2,68674818337,2502412,0
68.6824,3,68679941349,2502412,0
68.685,2,68682516355,2502412,0
68.6876,4,68685073361,2502412,0
68.688,4,68687933773,73000,1
68.6905,3,68688004773,2502412,0
68.6931,2,68690597779,2502412,0
68.6982,3,68695711791,2502412,0
68.7008,3,68698259203,2502412,0
68.7036,2,68701104215,2502412,0
68.7061,4,68703634221,2502412,0
68.7062,3,68706173227,73000,1
68.7088,2,68706271227,2502412,0
68.7113,2,68708827639,2502412,0
68.7139,4,68711357645,2502412,0
68.7164,4,68713896057,2502412,0
68.7218,3,68719295475,2502412,0
68.7244,3,68721860887,2502412,0
68.7269,2,68724390893,2502412,0
68.7294,4,68726938899,2502412,0
68.732,2,68729468905,2502412,0
68.7321,2,68732007317,73000,1
68.7321,3,68732007911,73000,1
68.7322,4,68732087911,73000,1
68.7374,2,68734859917,2502412,0
68.7375,3,68737434923,73000,1
68.74,4,68737514923,2502412,0
68.7426,4,68740062335,2502412,0
68.7451,2,68742592341,2502412,0
68.7476,4,68745122347,2502412,0
68.7502,3,68747661353,2502412,0
68.7556,3,68753072371,2502412,0
68.7581,2,68755602377,2502412,0
68.7606,4,68758132383,2502412,0
68.7632,4,68760670795,2502412,0
68.7657,2,68763209801,2502412,0
68.7683,1,68765748807,2502412,0
68.7733,3,68770826819,2502412,0
68.7759,2,68773365825,2502412,0
68.7784,4,68775922831,2502412,0
68.781,1,68778470837,2502412,0
68.7811,4,68781027843,73000,1
68.7811,2,68781027843,73000,1
68.7836,3,68781107843,2502412,0
68.7861,3,68783637255,2502412,0
68.7862,1,68786167261,73000,1
68.7887,2,68786247261,2502412,0
68.7916,2,68789143673,2502412,0
68.7942,3,68791682679,2502412,0
68.7967,2,68794230685,2502412,0
68.7993,4,68796778691,2502412,0
68.7994,3,68799317697,73000,1
68.8019,2,68799424697,2502412,0
68.8048,4,68802278709,2502412,0
68.8073,1,68804808715,2502412,0
68.8074,2,68807365721,73000,1
68.8074,3,68807365721,73000,1
68.8125,4,68809984727,2502412,0
68.8151,1,68812550733,2502412,0
68.8176,4,68815107739,2502412,0
68.8202,2,68817673745,2502412,0
68.8231,4,68823064757,73000,1
68.8231,1,68823064757,73000,1
68.8256,1,68823137757,2502412,0
68.8282,1,68825685169,2502412,0
68.8308,2,68828251175,2502412,0
68.8358,1,68833338187,2502412,0
68.8384,2,68835913193,2502412,0
68.841,1,68838461199,2502412,0
68.8411,2,68841018205,73000,1
68.8436,4,68841116205,2502412,0
68.8462,1,68843682211,2502412,0
68.8487,3,68846230217,2502412,0
68.8541,3,68851605235,2502412,0
68.8567,4,68854153241,2502412,0
68.8592,1,68856701247,2502412,0
68.8618,3,68859249253,2502412,0
68.8668,2,68864336265,2502412,0
68.8694,4,68866902271,2502412,0
68.8695,3,68869432277,73000,1
68.8695,1,68869432277,73000,1
68.872,1,68869512277,2502412,0
68.8746,2,68872060283,2502412,0
68.8747,1,68874599289,73000,1
68.8772,4,68874670289,2502412,0
68.8773,4,68877199701,73000,1
68.8773,2,68877200295,73000,1
68.8798,1,68877307295,2502412,0
68.8849,2,68882439307,2502412,0
68.8875,3,68884969313,2502412,0
68.89,3,68887507725,2502412,0
68.8929,1,68890350137,2502412,0
68.8954,1,68892879549,2502412,0
68.8955,3,68895427555,73000,1
68.8955,4,68895427555,73000,1
68.898,2,68895498555,2502412,0
68.9005,1,68898028561,2502412,0
68.9031,3,68900558567,2502412,0
68.9035,2,68903394579,73000,1
68.9036,3,68903564579,73000,1
68.9036,1,68903564579,73000,1
68.9088,3,68906255585,2502412,0
68.9113,3,68908811997,2502412,0
68.9138,3,68911341409,2502412,0
68.9164,2,68913880415,2502412,0
68.9215,3,68918976427,2502412,0
68.9243,1,68921828433,2502412,0
68.9269,1,68924357845,2502412,0
68.9294,3,68926887851,2502412,0
68.9295,1,68929444857,73000,1
68.9295,2,68929444857,73000,1
68.9346,1,68932054863,2502412,0
68.9371,3,68934602869,2502412,0
68.9397,4,68937159875,2502412,0
68.9422,4,68939707287,2502412,0
68.9447,4,68942236699,2502412,0
68.9473,2,68944775705,2502412,0
68.9474,4,68947314711,73000,1
68.9474,3,68947314711,73000,1
68.9499,1,68947385711,2502412,0
68.9524,3,68949942717,2502412,0
68.9525,1,68952472723,73000,1
68.9551,2,68952552723,2502412,0
68.9552,1,68955109729,73000,1
68.9577,1,68955189729,2502412,0
68.9581,2,68958034741,73000,1
68.9581,4,68958034741,73000,1
68.9606,1,68958105741,2502412,0
68.9657,3,68963165753,2502412,0
68.9682,3,68965722165,2502412,0
68.9684,3,68968323577,73000,1
68.9684,1,68968324171,73000,1
68.9709,2,68968431171,2502412,0
68.9761,2,68973590183,2502412,0
68.9788,2,68978704195,73000,1
68.9788,3,68978704195,73000,1
68.9813,1,68978784195,2502412,0
68.9864,2,68983880207,2502412,0
68.989,1,68986473213,2502412,0
68.9941,2,68991560225,2502412,0
68.9945,2,68994402637,73000,1
68.9945,4,68994402637,73000,1
68.997,1,68994527637,2502412,0
68.9971,2,68997057643,73000,1
68.9996,1,68997137643,2502412,0
69.0022,4,68999685649,2502412,0
69.0051,4,69002548661,2502412,0
69.0102,3,69007653673,2502412,0
69.0127,4,69010183679,2502412,0
69.0152,1,69012713685,2502412,0
69.0153,1,69015270097,73000,1
69.0153,4,69015270691,73000,1
69.0178,3,69015341691,2502412,0
69.0229,4,69020419703,2502412,0
69.0255,3,69023012709,2502412,0
69.0309,4,69028439721,2502412,0
69.0311,3,69030996727,73000,1
69.0311,1,69030996727,73000,1
69.0336,4,69031067727,2502412,0
69.0361,3,69033624733,2502412,0
69.0412,3,69038693745,2502412,0
69.0437,2,69041223751,2502412,0
69.0438,2,69043771163,73000,1
69.0438,3,69043771757,73000,1
69.0464,4,69043851757,2502412,0
69.0491,2,69049001769,73000,1
69.0491,3,69049001769,73000,1
69.0516,4,69049081769,2502412,0
69.0571,4,69054555787,2502412,0
69.0622,2,69059678799,2502412,0
69.0623,2,69062208211,73000,1
69.0623,4,69062208805,73000,1
69.0648,4,69062281805,2502412,0
69.0649,1,69064865811,73000,1
69.0649,2,69064865811,73000,1
69.0675,4,69064999811,2502412,0
69.0701,3,69067547817,2502412,0
69.0752,3,69072670829,2502412,0
69.0753,3,69075200241,73000,1
69.0753,4,69075200835,73000,1
69.0803,3,69077846841,2502412,0
69.0829,3,69080421253,2502412,0
69.0855,4,69082951259,2502412,0
69.0905,4,69088020271,2502412,0
69.0931,3,69090559277,2502412,0
69.0956,3,69093106689,2502412,0
69.0985,2,69095967101,2502412,0
69.1036,2,69101054113,2502412,0
69.1064,4,69103890125,2502412,0
69.1089,3,69106438131,2502412,0
69.1115,4,69108977137,2502412,0
69.1116,4,69111524549,73000,1
69.1116,2,69111525143,73000,1
69.1167,1,69114171149,2502412,0
69.1192,3,69116701155,2502412,0
69.1217,3,69119230567,2502412,0
69.1243,1,69121796573,2502412,0
69.1269,3,69124353579,2502412,0
69.1297,3,69127205585,2502412,0
69.1323,3,69132265597,73000,1
69.1323,1,69132265597,73000,1
69.1349,2,69132381597,2502412,0
69.135,1,69134929603,73000,1
69.135,4,69134929603,73000,1
69.1351,2,69135036603,73000,1
69.1351,3,69135036603,73000,1
69.1402,4,69137673609,2502412,0
69.1428,4,69140275021,2502412,0
69.1453,1,69142805027,2502412,0
69.148,4,69147901039,73000,1
69.148,2,69147901039,73000,1
69.1505,1,69148008039,2502412,0
69.1559,2,69153419057,2502412,0
69.1585,1,69155985063,2502412,0
69.1636,2,69161081075,2502412,0
69.1661,4,69163647081,2502412,0
69.1687,1,69166186087,2502412,0
69.1688,4,69168734093,73000,1
69.1688,2,69168734093,73000,1
69.1739,1,69171362099,2502412,0
69.174,4,69173919105,73000,1
69.174,3,69173919105,73000,1
69.1765,1,69174017105,2502412,0
69.1816,1,69179095117,2502412,0
69.1842,2,69181670123,2502412,0
69.1893,1,69186784135,2502412,0
69.1918,1,69189313547,2502412,0
69.1944,2,69191861553,2502412,0
69.1995,1,69196975565,2502412,0
69.2023,2,69199817977,2502412,0
69.2078,1,69205291995,2502412,0
69.2103,2,69207822001,2502412,0
69.2129,2,69210369413,2502412,0
69.2154,4,69212899419,2502412,0
69.2205,1,69217995431,2502412,0
69.2231,2,69220561437,2502412,0
69.2256,1,69223091443,2502412,0
69.2282,4,69225648449,2502412,0
69.2307,4,69228177861,2502412,0
69.2361,3,69233568873,2502412,0
69.2386,4,69236107879,2502412,0
69.2411,3,69238637885,2502412,0
69.2437,4,69241167891,2502412,0
69.2438,1,69243706897,73000,1
69.2438,2,69243706897,73000,1
69.2463,4,69243795897,2502412,0
69.249,4,69248909909,73000,1
69.249,3,69248909909,73000,1
69.2515,4,69249007909,2502412,0
69.254,2,69251537915,2502412,0
69.2569,4,69254391927,2502412,0
69.2594,1,69256939933,2502412,0
69.2596,4,69259496939,73000,1
69.2621,2,69259585939,2502412,0
69.2647,1,69262178945,2502412,0
69.2672,3,69264717951,2502412,0
69.2698,2,69267265957,2502412,0
69.2723,3,69269795963,2502412,0
69.2724,2,69272325969,73000,1
69.2724,1,69272325969,73000,1
69.2725,3,69272423969,73000,1
69.2725,4,69272423969,73000,1
69.2751,3,69272557969,2502412,0
69.2776,2,69275096975,2502412,0
69.2827,3,69280183987,2502412,0
69.2852,1,69282740993,2502412,0
69.2854,2,69285315999,73000,1
69.2879,3,69285395999,2502412,0
69.2904,4,69287926005,2502412,0
69.293,3,69290474011,2502412,0
69.2955,2,69293004017,2502412,0
69.298,1,69295543023,2502412,0
69.3038,4,69301276041,2502412,0
69.3063,1,69303815047,2502412,0
69.3088,2,69306345053,2502412,0
69.3089,4,69308875059,73000,1
69.3089,3,69308875059,73000,1
69.3115,4,69308948059,2502412,0
69.314,1,69311514065,2502412,0
69.3141,4,69314044071,73000,1
69.3141,3,69314044071,73000,1
69.3166,1,69314115071,2502412,0
69.3192,3,69316663077,2502412,0
69.3217,1,69319193083,2502412,0
69.3242,2,69321723089,2502412,0
69.3268,1,69324262095,2502412,0
69.3269,3,69326792101,73000,1
69.3269,4,69326792101,73000,1
69.3294,1,69326890101,2502412,0
69.3319,1,69329419513,2502412,0
69.3348,2,69332289519,2502412,0
69.3399,1,69337376531,2502412,0
69.34,2,69339915537,73000,1
69.34,3,69339915537,73000,1
69.3425,1,69340022537,2502412,0
69.3451,1,69342578949,2502412,0
69.3478,1,69347755961,73000,1
69.3478,2,69347755961,73000,1
69.3558,4,69353345979,2502412,0
69.3586,1,69358477991,73000,1
69.3586,2,69358477991,73000,1
69.3611,4,69358548991,2502412,0
69.3636,3,69361105997,2502412,0
69.3637,3,69363644409,73000,1
69.3663,4,69363752003,2502412,0
69.3714,4,69368902015,2502412,0
69.3765,3,69374025027,2502412,0
69.3791,4,69376591033,2502412,0
69.3792,3,69379130039,73000,1
69.3817,3,69379228039,2502412,0
69.3819,4,69381821045,73000,1
69.3844,1,69381901045,2502412,0
69.3869,3,69384431051,2502412,0
69.3895,1,69386970057,2502412,0
69.392,1,69389508469,2502412,0
69.3971,1,69394613481,2502412,0
69.3996,3,69397143487,2502412,0
69.4022,2,69399682493,2502412,0
69.405,1,69402524905,2502412,0
69.4079,3,69405360917,2502412,0
69.4104,2,69407908923,2502412,0
69.4129,3,69410438929,2502412,0
69.418,4,69415507941,2502412,0
69.4205,4,69418037353,2502412,0
69.4207,3,69420585359,73000,1
69.4207,1,69420585359,73000,1
69.4232,2,69420656359,2502412,0
69.4257,4,69423213365,2502412,0
69.4283,2,69425752371,2502412,0
69.4308,4,69428282377,2502412,0
69.4359,2,69433387389,2502412,0
69.4387,4,69436230395,2502412,0
69.4413,1,69438760401,2502412,0
69.4439,4,69441389407,2502412,0
69.4464,2,69443928413,2502412,0
69.4465,1,69446458419,73000,1
69.4465,3,69446458419,73000,1
69.4516,2,69449068425,2502412,0
69.4544,2,69451940437,2502412,0
69.457,4,69454479443,2502412,0
69.4621,2,69459611455,2502412,0
69.4646,4,69462141461,2502412,0
69.4672,4,69464688873,2502412,0
69.4697,2,69467218879,2502412,0
69.4723,1,69469766885,2502412,0
69.4774,4,69474871897,2502412,0
69.4799,2,69477410903,2502412,0
69.4801,4,69479985909,73000,1
69.4801,1,69479985909,73000,1
69.4802,3,69480110909,73000,1
69.4827,2,69480199909,2502412,0
69.4852,1,69482729915,2502412,0
69.4878,4,69485268921,2502412,0
69.4903,2,69487834927,2502412,0
69.4954,2,69492903939,2502412,0
69.4979,2,69495442351,2502412,0
69.5005,1,69497972357,2502412,0
69.5033,4,69500817369,2502412,0
69.5059,4,69503400781,2502412,0
69.5063,1,69506252193,73000,1
69.5063,2,69506252193,73000,1
69.5089,1,69506368193,2502412,0
69.5114,1,69508906605,2502412,0
69.514,4,69511481611,2502412,0
69.5191,1,69516586623,2502412,0
69.5216,2,69519116629,2502412,0
69.5242,4,69521682635,2502412,0
69.5243,1,69524221641,73000,1
69.5268,2,69524319641,2502412,0
69.5294,4,69526912647,2502412,0
69.5345,2,69531990659,2502412,0
69.5371,1,69534547665,2502412,0
69.5399,4,69537399671,2502412,0
69.5424,2,69539929677,2502412,0
69.5425,1,69542468683,73000,1
69.545,2,69542539683,2502412,0
69.5476,1,69545069689,2502412,0
69.5501,1,69547599101,2502412,0
69.553,1,69550453113,2502412,0
69.5555,4,69552983119,2502412,0
69.558,2,69555513125,2502412,0
69.5605,2,69558042537,2502412,0
69.5631,3,69560590543,2502412,0
69.5682,4,69565668555,2502412,0
69.5707,1,69568216561,2502412,0
69.5733,2,69570782567,2502412,0
69.5758,2,69573320979,2502412,0
69.5784,3,69575850985,2502412,0
69.5785,1,69578380991,73000,1
69.5785,4,69578380991,73000,1
69.581,2,69578451991,2502412,0
69.5835,2,69580981403,2502412,0
69.5836,3,69583556409,73000,1
69.5837,2,69583654409,73000,1
69.5837,4,69583654409,73000,1
69.5863,1,69583761409,2502412,0
69.5889,1,69586353821,2502412,0
69.594,1,69591476833,2502412,0
69.5965,3,69594006839,2502412,0
69.5991,1,69596554845,2502412,0
69.6016,2,69599102851,2502412,0
69.607,3,69604477869,2502412,0
69.6098,1,69607347281,2502412,0
69.6124,3,69609877287,2502412,0
69.6149,1,69612407293,2502412,0
69.6151,2,69614991299,73000,1
69.6176,3,69615080299,2502412,0
69.6201,4,69617619305,2502412,0
69.6227,1,69620167311,2502412,0
69.6252,3,69622697317,2502412,0
69.6278,3,69625253729,2502412,0
69.6279,3,69627792141,73000,1
69.6279,4,69627792735,73000,1
69.6304,3,69627872735,2502412,0
69.6329,3,69630411147,2502412,0
69.6355,1,69632959153,2502412,0
69.638,3,69635516159,2502412,0
69.6406,4,69638073165,2502412,0
69.6435,3,69643446177,73000,1
69.6435,1,69643446177,73000,1
69.6435,2,69643446177,73000,1
69.6461,1,69643589177,2502412,0
69.6462,3,69646128183,73000,1
69.6462,4,69646128183,73000,1
69.6463,1,69646217183,73000,1
69.6463,2,69646217183,73000,1
69.6543,1,69651824607,2502412,0
69.6569,1,69654354019,2502412,0
69.6594,3,69656884025,2502412,0
69.6645,4,69661971037,2502412,0
69.6671,3,69664564043,2502412,0
69.6672,1,69667094049,73000,1
69.6697,4,69667165049,2502412,0
69.6723,3,69669767055,2502412,0
69.6749,3,69674845067,73000,1
69.6749,4,69674845067,73000,1
69.6751,1,69674997067,73000,1
69.6776,3,69675113067,2502412,0
69.6827,3,69680200079,2502412,0
69.6852,3,69682738491,2502412,0
69.6904,4,69687861503,2502412,0
69.6929,3,69690400509,2502412,0
69.6955,3,69692965921,2502412,0
69.6981,4,69698070933,73000,1
69.6981,2,69698070933,73000,1
69.7007,1,69698150933,2502412,0
69.7035,3,69701004945,2502412,0
69.7061,4,69703552951,2502412,0
69.7062,1,69706082957,73000,1
69.7087,4,69706207957,2502412,0
69.7113,3,69708764963,2502412,0
69.7141,2,69711607375,2502412,0
69.7166,3,69714146381,2502412,0
69.7168,1,69716685387,73000,1
69.7168,3,69716765387,73000,1
69.7168,2,69716765387,73000,1
69.7193,4,69716845387,2502412,0
69.7219,3,69719438393,2502412,0
69.7221,4,69721977399,73000,1
69.7221,2,69721977399,73000,1
69.7221,4,69722050399,73000,1
69.7272,3,69724723405,2502412,0
69.7324,3,69729900417,2502412,0
69.7349,2,69732439423,2502412,0
69.7377,3,69737598435,73000,1
69.7377,4,69737598435,73000,1
69.7402,2,69737669435,2502412,0
69.7456,2,69743059853,2502412,0
69.7481,1,69745589859,2502412,0
69.7506,4,69748137865,2502412,0
69.7511,3,69751018877,73000,1
69.7512,4,69751116877,73000,1
69.7512,1,69751116877,73000,1
69.7537,2,69751196877,2502412,0
69.7564,2,69756364889,73000,1
69.7564,4,69756364889,73000,1
69.7615,1,69759028895,2502412,0
69.7641,2,69761603901,2502412,0
69.7692,1,69766690913,2502412,0
69.7718,2,69769256919,2502412,0
69.7743,2,69771795331,2502412,0
69.7768,1,69774325337,2502412,0
69.7819,2,69779412349,2502412,0
69.7845,1,69781978355,2502412,0
69.787,2,69784535361,2502412,0
69.7896,4,69787065367,2502412,0
69.7897,3,69789595373,73000,1
69.7922,1,69789693373,2502412,0
69.7948,2,69792259379,2502412,0
69.7973,2,69794815791,2502412,0
69.7974,4,69797354797,73000,1
69.8,1,69797461797,2502412,0
69.8028,2,69800315809,2502412,0
69.8054,4,69802872815,2502412,0
69.8104,1,69807932827,2502412,0
69.813,1,69810471239,2502412,0
69.8158,1,69813313651,2502412,0
69.8183,2,69815843657,2502412,0
69.8185,1,69818445663,73000,1
69.8185,4,69818445663,73000,1
69.8236,2,69821082669,2502412,0
69.8261,1,69823612675,2502412,0
69.8286,4,69826142681,2502412,0
69.8312,4,69828726093,2502412,0
69.8363,2,69833813105,2502412,0
69.8389,1,69836352111,2502412,0
69.839,1,69838890523,73000,1
69.839,4,69838891117,73000,1
69.8391,3,69839025117,73000,1
69.8416,2,69839105117,2502412,0
69.8417,2,69841670529,73000,1
69.8417,4,69841671123,73000,1
69.8443,1,69841778123,2502412,0
69.8497,4,69847196135,2502412,0
69.8522,1,69849726141,2502412,0
69.8576,1,69855137159,2502412,0
69.8602,1,69857684571,2502412,0
69.8627,4,69860214577,2502412,0
69.8628,4,69862770989,73000,1
69.8628,1,69862771583,73000,1
69.8654,2,69862851583,2502412,0
69.8704,2,69867938595,2502412,0
69.873,2,69870468007,2502412,0
69.8756,2,69873087419,2502412,0
69.8807,1,69878156431,2502412,0
69.8833,4,69880749437,2502412,0
69.8858,2,69883288443,2502412,0
69.8909,1,69888348455,2502412,0
69.8934,4,69890941461,2502412,0
69.896,2,69893471467,2502412,0
69.8985,1,69896001473,2502412,0
69.904,4,69901448491,2502412,0
69.9065,2,69903996497,2502412,0
69.909,1,69906535503,2502412,0
69.9142,4,69911667515,2502412,0
69.917,2,69914509927,2502412,0
69.9171,4,69917039933,73000,1
69.9171,1,69917039933,73000,1
69.9222,2,69919667939,2502412,0
69.9247,2,69922197351,2502412,0
69.9273,1,69924763357,2502412,0
69.9298,1,69927292769,2502412,0
69.9323,2,69929831775,2502412,0
69.9349,1,69932361781,2502412,0
69.935,1,69934900193,73000,1
69.9375,4,69935016787,2502412,0
69.9401,2,69937591793,2502412,0
69.9426,4,69940121799,2502412,0
69.9477,2,69945235811,2502412,0
69.9506,1,69948096817,2502412,0
69.9507,1,69950635229,73000,1
69.9508,4,69950706823,73000,1
69.9533,2,69950797823,2502412,0
69.9587,2,69956244841,2502412,0
69.9639,1,69961349853,2502412,0
69.9664,1,69963888265,2502412,0
69.9665,1,69966417677,73000,1
69.9665,4,69966418271,73000,1
69.969,2,69966489271,2502412,0
69.9716,2,69969054683,2502412,0
69.9766,1,69974132695,2502412,0
69.9792,1,69976743107,2502412,0
69.9793,2,69979273113,73000,1
69.9793,4,69979273113,73000,1
69.9844,1,69981928119,2502412,0
69.9896,1,69987114131,2502412,0
69.9947,2,69992183143,2502412,0
69.9972,3,69994713149,2502412,0
69.9998,3,69997287561,2502412,0
70.0052,1,70002680579,2502412,0
70.0053,3,70005228585,73000,1
70.0053,2,70005228585,73000,1
70.0078,4,70005299585,2502412,0
70.0104,3,70007856591,2502412,0
70.0155,1,70012961603,2502412,0
70.018,4,70015491609,2502412,0
70.0184,4,70018343021,73000,1
70.0184,2,70018343021,73000,1
70.0209,3,70018423021,2502412,0
70.0236,4,70023528033,73000,1
70.0236,1,70023528033,73000,1
70.0261,3,70023617033,2502412,0
70.0287,4,70026156039,2502412,0
70.0288,3,70028713045,73000,1
70.0288,1,70028713045,73000,1
70.0339,4,70031377051,2502412,0
70.0364,4,70033915463,2502412,0
70.0389,3,70036445469,2502412,0
70.0415,3,70039001881,2502412,0
70.0466,3,70044106893,2502412,0
70.0492,4,70046654899,2502412,0
70.052,4,70049515905,2502412,0
70.0525,3,70052396917,73000,1
70.0526,1,70052485917,73000,1
70.0526,3,70052485917,73000,1
70.0551,4,70052565917,2502412,0
70.0552,4,70055095329,73000,1
70.0552,2,70055095923,73000,1
70.0577,4,70055193923,2502412,0
70.0602,4,70057732335,2502412,0
70.0653,4,70062810347,2502412,0
70.0678,4,70065339759,2502412,0
70.0704,4,70067914171,2502412,0
70.073,4,70070461583,2502412,0
70.0755,4,70073017995,2502412,0
70.0806,3,70078096007,2502412,0
70.0832,4,70080716013,2502412,0
70.0857,3,70083246019,2502412,0
70.0884,3,70088342031,73000,1
70.0884,4,70088342031,73000,1
70.0885,2,70088440031,73000,1
70.0885,4,70088440031,73000,1
70.0936,3,70091086037,2502412,0
70.0962,1,70093679043,2502412,0
70.1012,3,70098739055,2502412,0
70.1041,1,70101629067,2502412,0
70.1067,4,70104168073,2502412,0
70.1118,3,70109255085,2502412,0
70.1119,3,70111838497,73000,1
70.1119,4,70111839091,73000,1
70.1144,1,70111919091,2502412,0
70.1195,4,70116997103,2502412,0
70.1224,1,70119857515,2502412,0
70.1249,4,70122414521,2502412,0
70.1274,4,70124943933,2502412,0
70.13,1,70127473939,2502412,0
70.1325,4,70130012945,2502412,0
70.1376,1,70135108957,2502412,0
70.1402,1,70137656369,2502412,0
70.1427,3,70140186375,2502412,0
70.1452,3,70142724787,2502412,0
70.1478,4,70145281793,2502412,0
70.1535,4,70150978217,2502412,0
70.156,3,70153517223,2502412,0
70.1586,1,70156065229,2502412,0
70.1611,4,70158604235,2502412,0
70.1612,4,70161133647,73000,1
70.1612,3,70161134241,73000,1
70.1663,4,70163807247,2502412,0
70.1689,1,70166355253,2502412,0
70.174,4,70171496265,2502412,0
70.1765,1,70174026271,2502412,0
70.1767,2,70176592277,73000,1
70.1767,3,70176592277,73000,1
70.1792,4,70176690277,2502412,0
70.1819,4,70181795289,73000,1
70.1819,1,70181795289,73000,1
70.187,1,70184513295,2502412,0
70.1895,4,70187043301,2502412,0
70.1921,4,70189581713,2502412,0
70.1971,4,70194641725,2502412,0
70.1997,1,70197171731,2502412,0
70.2023,4,70199764737,2502412,0
70.2077,4,70205157755,2502412,0
70.2102,4,70207687167,2502412,0
70.2127,1,70210217173,2502412,0
70.2153,4,70212765179,2502412,0
70.2178,4,70215312591,2502412,0
70.2229,1,70220390603,2502412,0
70.2258,3,70223251015,2502412,0
70.2283,4,70225790021,2502412,0
70.2309,4,70228355433,2502412,0
70.231,1,70230921439,73000,1
70.2335,3,70231019439,2502412,0
70.2361,3,70233557851,2502412,0
70.2386,4,70236114857,2502412,0
70.2437,3,70241210869,2502412,0
70.2463,4,70243785875,2502412,0
70.2488,3,70246315881,2502412,0
70.2489,4,70248845887,73000,1
70.2489,1,70248845887,73000,1
70.249,3,70248943887,73000,1
70.2515,1,70249023887,2502412,0
70.2541,1,70251553299,2502412,0
70.2572,3,70254720311,2502412,0
70.2574,1,70257277317,73000,1
70.2574,4,70257277317,73000,1
70.2599,1,70257375317,2502412,0
70.265,1,70262453329,2502412,0
70.2651,1,70264991741,73000,1
70.2651,3,70264992335,73000,1
70.2703,1,70267764341,2502412,0
70.2754,3,70272878353,2502412,0
70.2779,1,70275435359,2502412,0
70.2831,1,70280567371,2502412,0
70.2856,3,70283106377,2502412,0
70.2881,4,70285636383,2502412,0
70.2908,4,70290705395,73000,1
70.2908,1,70290705395,73000,1
70.2933,3,70290812395,2502412,0
70.2958,3,70293341807,2502412,0
70.301,3,70298509819,2502412,0
70.3011,4,70301048825,73000,1
70.3036,3,70301119825,2502412,0
70.309,1,70306530843,2502412,0
70.3116,3,70309060849,2502412,0
70.3167,3,70314174861,2502412,0
70.3192,1,70316722867,2502412,0
70.3218,3,70319288873,2502412,0
70.3272,1,70324697885,2502412,0
70.3297,3,70327245891,2502412,0
70.3323,3,70329802303,2502412,0
70.3374,4,70334871315,2502412,0
70.3399,4,70337409727,2502412,0
70.3424,4,70339939139,2502412,0
70.345,3,70342478145,2502412,0
70.3475,1,70345008151,2502412,0
70.3529,3,70350446169,2502412,0
70.3555,1,70352976175,2502412,0
70.3583,4,70355819181,2502412,0
70.3609,4,70358348593,2502412,0
70.3634,4,70360887005,2502412,0
70.3635,1,70363471011,73000,1
70.3661,3,70363569011,2502412,0
70.3686,4,70366117017,2502412,0
70.3712,3,70368719023,2502412,0
70.3763,4,70373806035,2502412,0
70.3788,3,70376336041,2502412,0
70.3814,4,70378875047,2502412,0
70.3839,4,70381422459,2502412,0
70.3841,4,70383978871,73000,1
70.3866,1,70384050465,2502412,0
70.3891,3,70386616471,2502412,0
70.3916,1,70389146477,2502412,0
70.3942,4,70391712483,2502412,0
70.3993,1,70396808495,2502412,0
70.4018,3,70399338501,2502412,0
70.4047,4,70402228513,2502412,0
70.4049,3,70404785519,73000,1
70.4074,1,70404874519,2502412,0
70.4099,4,70407422525,2502412,0
70.4125,1,70409970531,2502412,0
70.415,1,70412535943,2502412,0
70.4201,1,70417604955,2502412,0
70.4227,4,70420161961,2502412,0
70.4252,3,70422727967,2502412,0
70.4254,1,70425284973,73000,1
70.4279,3,70425355973,2502412,0
70.4307,3,70428207385,2502412,0
70.4332,4,70430737391,2502412,0
70.4334,4,70433293803,73000,1
70.4334,1,70433294397,73000,1
70.4359,3,70433392397,2502412,0
70.441,3,70438533409,2502412,0
70.4461,4,70443638421,2502412,0
70.4487,4,70446194833,2502412,0
70.4512,3,70448724839,2502412,0
70.4517,1,70451587851,73000,1
70.4542,3,70451676851,2502412,0
70.4567,4,70454215857,2502412,0
70.4592,4,70456745269,2502412,0
70.4622,4,70459651275,2502412,0
70.4623,3,70462181281,73000,1
70.4648,3,70462342281,2502412,0
70.4674,4,70464881287,2502412,0
70.4725,4,70469977299,2502412,0
70.475,3,70472543305,2502412,0
70.4776,2,70475082311,2502412,0
70.4827,3,70480151323,2502412,0
70.4852,4,70482690329,2502412,0
70.4877,1,70485220335,2502412,0
70.4903,1,70487758747,2502412,0
70.4928,1,70490324159,2502412,0
70.4929,4,70492854165,73000,1
70.493,3,70492925165,73000,1
70.493,2,70492925165,73000,1
70.4956,1,70493068165,2502412,0
70.5007,3,70498227177,2502412,0
70.5036,1,70501063189,2502412,0
70.5087,4,70506159201,2502412,0
70.5112,2,70508698207,2502412,0
70.5137,1,70511237213,2502412,0
70.5138,2,70513776219,73000,1
70.5138,4,70513776219,73000,1
70.5164,3,70513856219,2502412,0
70.5189,3,70516385631,2502412,0
70.524,1,70521517643,2502412,0
70.5266,2,70524056649,2502412,0
70.5291,3,70526604655,2502412,0
70.532,2,70529465067,2502412,0
70.537,1,70534534079,2502412,0
70.5396,4,70537082085,2502412,0
70.5421,1,70539612091,2502412,0
70.5422,2,70542160097,73000,1
70.5422,3,70542160097,73000,1
70.5448,2,70542258097,2502412,0
70.5498,4,70547327109,2502412,0
70.5524,1,70549866115,2502412,0
70.5552,4,70552729127,2502412,0
70.5578,2,70555259133,2502412,0
70.5603,2,70557806545,2502412,0
70.5632,1,70560658551,2502412,0
70.5657,4,70563188557,2502412,0
70.5658,3,70565727563,73000,1
70.5683,4,70565798563,2502412,0
70.5709,2,70568355569,2502412,0
70.5735,1,70570948575,2502412,0
70.5736,2,70573478581,73000,1
70.5736,4,70573478581,73000,1
70.5787,1,70576196587,2502412,0
70.5812,2,70578726593,2502412,0
70.5864,2,70583849605,2502412,0
70.5889,1,70586379611,2502412,0
70.5914,4,70588909617,2502412,0
70.5965,2,70594023629,2502412,0
70.5991,1,70596580635,2502412,0
70.6016,4,70599137641,2502412,0
70.607,1,70604530659,2502412,0
70.6071,2,70607060665,73000,1
70.6071,3,70607060665,73000,1
70.6096,4,70607131665,2502412,0
70.6122,2,70609679671,2502412,0
70.6147,4,70612236677,2502412,0
70.6173,1,70614784683,2502412,0
70.6224,2,70619862695,2502412,0
70.6225,1,70622392701,73000,1
70.6225,4,70622392701,73000,1
70.625,1,70622490701,2502412,0
70.6275,2,70625038707,2502412,0
70.6301,2,70627586119,2502412,0
70.6326,1,70630143125,2502412,0
70.6381,1,70635569543,2502412,0
70.6406,2,70638126549,2502412,0
70.6432,4,70640656555,2502412,0
70.6457,2,70643222561,2502412,0
70.6508,4,70648291573,2502412,0
70.6536,1,70651127585,2502412,0
70.6562,4,70653702591,2502412,0
70.6588,2,70656250597,2502412,0
70.6613,3,70658780603,2502412,0
70.6642,4,70664171021,73000,1
70.6642,1,70664171021,73000,1
70.6668,2,70664269021,2502412,0
70.6693,1,70666835027,2502412,0
70.6719,2,70669374033,2502412,0
70.6744,3,70671904039,2502412,0
70.677,3,70676973051,73000,1
70.677,1,70676973051,73000,1
70.6772,1,70677116051,73000,1
70.6772,4,70677116051,73000,1
70.6797,2,70677205051,2502412,0
70.6822,3,70679744057,2502412,0
70.6873,2,70684804069,2502412,0
70.6899,2,70687369481,2502412,0
70.6924,2,70689925893,2502412,0
70.695,3,70692473899,2502412,0
70.7001,2,70697551911,2502412,0
70.7002,2,70700081323,73000,1
70.7002,3,70700081917,73000,1
70.703,4,70700458923,2502412,0
70.7055,1,70702997929,2502412,0
70.7081,4,70705554935,2502412,0
70.7107,4,70710650947,73000,1
70.7107,1,70710650947,73000,1
70.7132,1,70710723947,2502412,0
70.7158,3,70713334953,2502412,0
70.7184,1,70715864959,2502412,0
70.7185,1,70718394371,73000,1
70.7185,2,70718394965,73000,1
70.7235,4,70721013971,2502412,0
70.7261,3,70723615977,2502412,0
70.7287,1,70726163983,2502412,0
70.7288,3,70728693989,73000,1
70.7288,4,70728693989,73000,1
70.7338,2,70731330995,2502412,0
70.7367,1,70734191407,2502412,0
70.7394,2,70739350419,73000,1
70.7394,3,70739350419,73000,1
70.7395,1,70739439419,73000,1
70.7395,4,70739439419,73000,1
70.7446,1,70742103425,2502412,0
70.7497,1,70747208437,2502412,0
70.7523,1,70749755849,2502412,0
70.7577,2,70755184867,2502412,0
70.7602,2,70757741279,2502412,0
70.7628,1,70760280285,2502412,0
70.7629,2,70762810291,73000,1
70.7629,3,70762810291,73000,1
70.7629,4,70762810291,73000,1
70.7682,1,70765741703,2502412,0
70.7708,1,70768343115,2502412,0
70.776,1,70773475127,2502412,0
70.7785,2,70776014133,2502412,0
70.7836,1,70781137145,2502412,0
70.7862,2,70783667151,2502412,0
70.7887,2,70786214563,2502412,0
70.7913,3,70788762569,2502412,0
70.7964,1,70793867581,2502412,0
70.7989,1,70796414993,2502412,0
70.799,3,70798944999,73000,1
70.799,2,70798944999,73000,1
70.8015,3,70799033999,2502412,0
70.8045,1,70801988011,2502412,0
70.8071,2,70804572017,2502412,0
70.8096,3,70807102023,2502412,0
70.8123,2,70812189035,73000,1
70.8123,4,70812189035,73000,1
70.8148,1,70812278035,2502412,0
70.8173,3,70814817041,2502412,0
70.8199,3,70817364453,2502412,0
70.825,3,70822451465,2502412,0
70.8275,3,70825016877,2502412,0
70.83,1,70827546883,2502412,0
70.8326,2,70830112889,2502412,0
70.8327,1,70832660895,73000,1
70.8353,3,70832758895,2502412,0
70.8378,1,70835297901,2502412,0
70.8407,2,70838149313,2502412,0
70.8432,3,70840697319,2502412,0
70.8483,3,70845784331,2502412,0
70.8508,2,70848341337,2502412,0
70.8534,1,70850880343,2502412,0
70.8562,3,70853716355,2502412,0
70.8614,2,70858848367,2502412,0
70.8639,1,70861378373,2502412,0
70.864,1,70863943785,73000,1
70.864,3,70863944379,73000,1
70.8665,1,70864016785,2502412,0
70.8691,2,70866564791,2502412,0
70.8745,1,70872000803,2502412,0
70.877,2,70874530809,2502412,0
70.8822,1,70879662821,2502412,0
70.8823,1,70882192233,73000,1
70.8823,2,70882192827,73000,1
70.8823,3,70882192827,73000,1
70.8901,1,70887557245,2502412,0
70.8951,2,70892617257,2502412,0
70.8976,3,70895147263,2502412,0
70.9002,3,70897712675,2502412,0
70.9027,2,70900242681,2502412,0
70.9081,2,70905626699,2502412,0
70.9107,1,70908156705,2502412,0
70.9132,3,70910695711,2502412,0
70.9157,2,70913234717,2502412,0
70.9183,2,70915764129,2502412,0
70.9234,4,70920887141,2502412,0
70.9259,1,70923417147,2502412,0
70.9285,3,70925965153,2502412,0
70.931,2,70928495159,2502412,0
70.9335,3,70931025165,2502412,0
70.9361,4,70933573171,2502412,0
70.9386,1,70936139177,2502412,0
70.9391,3,70938981589,73000,1
70.9416,2,70939061589,2502412,0
70.9441,4,70941636595,2502412,0
70.9442,2,70944166601,73000,1
70.9442,1,70944166601,73000,1
70.9468,1,70944255601,2502412,0
70.9493,3,70946785607,2502412,0
70.9518,2,70949324613,2502412,0
70.9572,3,70954744631,2502412,0
70.9598,4,70957274637,2502412,0
70.9623,2,70959804643,2502412,0
70.9648,1,70962343649,2502412,0
70.9675,3,70964954655,2502412,0
70.9704,3,70970336073,73000,1
70.9704,2,70970336073,73000,1
70.9704,4,70970336073,73000,1
70.9729,1,70970416073,2502412,0
70.9755,1,70973035485,2502412,0
70.9806,1,70978095497,2502412,0
70.9807,1,70980624909,73000,1
70.9807,4,70980625503,73000,1
70.9809,2,70980786503,73000,1
70.9834,4,70980857503,2502412,0
70.9859,4,70983404915,2502412,0
70.9884,3,70985934921,2502412,0
70.991,4,70988464927,2502412,0
70.9961,3,70993596939,2502412,0
70.9986,1,70996126945,2502412,0
71.0012,4,70998683951,2502412,0
71.0013,3,71001213957,73000,1
71.0041,4,71001610963,2502412,0
71.0066,2,71004140969,2502412,0
71.0117,1,71009245981,2502412,0
71.0143,4,71011802987,2502412,0
71.0168,2,71014341993,2502412,0
71.0194,1,71016871999,2502412,0
71.0219,4,71019402005,2502412,0
71.0244,4,71021931417,2502412,0
71.0295,2,71027018429,2502412,0
71.0321,3,71029566435,2502412,0
71.0346,4,71032132441,2502412,0
71.0347,2,71034662447,73000,1
71.0347,1,71034662447,73000,1
71.0373,3,71034751447,2502412,0
71.0424,4,71039856459,2502412,0
71.0428,4,71042707871,73000,1
71.0428,2,71042707871,73000,1
71.0453,3,71042823871,2502412,0
71.0479,1,71045371877,2502412,0
71.0504,3,71047910883,2502412,0
71.0558,1,71053312901,2502412,0
71.0584,4,71055869907,2502412,0
71.0609,3,71058408913,2502412,0
71.066,1,71063540925,2502412,0
71.0686,4,71066070931,2502412,0
71.0711,3,71068618937,2502412,0
71.0765,3,71074027355,2502412,0
71.0791,1,71076584361,2502412,0
71.0816,4,71079114367,2502412,0
71.0867,4,71084228379,2502412,0
71.0893,4,71086757791,2502412,0
71.0918,3,71089296797,2502412,0
71.0943,1,71091844803,2502412,0
71.0969,2,71094383809,2502412,0
71.0994,2,71096913221,2502412,0
71.1019,2,71099442633,2502412,0
71.102,1,71101972639,73000,1
71.1049,4,71102367645,2502412,0
71.1074,3,71104897651,2502412,0
71.1099,4,71107436657,2502412,0
71.1125,2,71109966663,2502412,0
71.115,2,71112523075,2502412,0
71.1176,2,71115070487,2502412,0
71.1202,4,71120166499,73000,1
71.1202,3,71120166499,73000,1
71.1203,2,71120264499,73000,1
71.1203,1,71120264499,73000,1
71.1229,3,71120353499,2502412,0
71.1254,2,71122883505,2502412,0
71.1279,2,71125412917,2502412,0
71.1305,3,71127978923,2502412,0
71.1331,3,71133065935,73000,1
71.1331,2,71133065935,73000,1
71.1356,2,71133145935,2502412,0
71.1382,4,71135711941,2502412,0
71.1408,3,71138277947,2502412,0
71.1433,1,71140834953,2502412,0
71.1438,2,71143677365,73000,1
71.1463,4,71143748365,2502412,0
71.1488,1,71146278371,2502412,0
71.1513,3,71148835377,2502412,0
71.1542,4,71151689389,2502412,0
71.1567,2,71154246395,2502412,0
71.1569,1,71156794401,73000,1
71.1594,3,71156910401,2502412,0
71.162,2,71159449407,2502412,0
71.1621,3,71161979413,73000,1
71.1621,4,71161979413,73000,1
71.1646,4,71162059413,2502412,0
71.1671,1,71164598419,2502412,0
71.1722,1,71169694431,2502412,0
71.1747,1,71172241843,2502412,0
71.1776,2,71175084849,2502412,0
71.1801,4,71177632855,2502412,0
71.1827,2,71180207861,2502412,0
71.1852,1,71182737867,2502412,0
71.1903,1,71187806879,2502412,0
71.1928,1,71190336291,2502412,0
71.193,4,71192884297,73000,1
71.193,3,71192884297,73000,1
71.1955,2,71192964297,2502412,0
71.198,3,71195503303,2502412,0
71.2006,4,71198051309,2502412,0
71.2034,1,71200905321,2502412,0
71.2035,4,71203435327,73000,1
71.2035,3,71203435327,73000,1
71.2085,2,71206036333,2502412,0
71.2111,2,71208610745,2502412,0
71.2137,2,71211167157,2502412,0
71.2138,2,71213705569,73000,1
71.2138,1,71213706163,73000,1
71.2163,2,71213795163,2502412,0
71.2188,4,71216334169,2502412,0
71.219,3,71218891175,73000,1
71.2215,2,71218989175,2502412,0
71.224,2,71221518587,2502412,0
71.2266,4,71224048593,2502412,0
71.2291,2,71226641599,2502412,0
71.2342,4,71231746611,2502412,0
71.2344,2,71234285617,73000,1
71.2344,1,71234285617,73000,1
71.2369,3,71234374617,2502412,0
71.237,3,71236904029,73000,1
71.237,2,71236904623,73000,1
71.2395,4,71236993623,2502412,0
71.2446,4,71242125635,2502412,0
71.2472,4,71244673047,2502412,0
71.2476,4,71247560459,73000,1
71.2476,1,71247560459,73000,1
71.2502,3,71247649459,2502412,0
71.2556,4,71253105477,2502412,0
71.2581,4,71255634889,2502412,0
71.2607,3,71258164895,2502412,0
71.2632,1,71260730901,2502412,0
71.2658,4,71263260907,2502412,0
71.2684,3,71268329919,73000,1
71.2684,2,71268329919,73000,1
71.2709,1,71268409919,2502412,0
71.2735,4,71270957925,2502412,0
71.276,4,71273505337,2502412,0
71.2761,1,71276044343,73000,1
71.2761,3,71276044343,73000,1
71.2762,4,71276142343,73000,1
71.2787,3,71276222343,2502412,0
71.2816,3,71279101349,2502412,0
71.2867,3,71284242361,2502412,0
71.2893,4,71286808367,2502412,0
71.2918,1,71289347373,2502412,0
71.297,3,71294452385,2502412,0
71.2995,3,71296990797,2502412,0
71.302,4,71299520803,2502412,0
71.3049,1,71302374815,2502412,0
71.305,1,71304922227,73000,1
71.3075,1,71305002821,2502412,0
71.3101,4,71307559827,2502412,0
71.3126,3,71310089833,2502412,0
71.3127,1,71312655839,73000,1
71.3127,2,71312655839,73000,1
71.3128,4,71312753839,73000,1
71.3154,3,71312860839,2502412,0
71.3205,3,71318001851,2502412,0
71.3231,3,71320558263,2502412,0
71.3256,2,71323088269,2502412,0
71.3281,2,71325617681,2502412,0
71.3332,1,71330704693,2502412,0
71.3333,3,71333270699,73000,1
71.3333,4,71333270699,73000,1
71.3359,1,71333359699,2502412,0
71.3384,2,71335898705,2502412,0
71.3385,1,71338446711,73000,1
71.341,3,71338517711,2502412,0
71.3436,2,71341056717,2502412,0
71.3461,3,71343622723,2502412,0
71.3487,2,71346197729,2502412,0
71.3544,2,71351903153,2502412,0
71.3569,1,71354442159,2502412,0
71.3595,4,71356981165,2502412,0
71.362,3,71359511171,2502412,0
71.3646,4,71362068177,2502412,0
71.3647,2,71364607183,73000,1
71.3672,4,71364687183,2502412,0
71.3697,1,71367217189,2502412,0
71.3723,1,71369755601,2502412,0
71.3748,3,71372285607,2502412,0
71.3774,4,71374851613,2502412,0
71.3799,3,71377426619,2502412,0
71.3803,2,71380269625,73000,1
71.3829,1,71380358625,2502412,0
71.3854,4,71382897631,2502412,0
71.3879,1,71385436637,2502412,0
71.388,4,71387966643,73000,1
71.388,3,71387966643,73000,1
71.3906,1,71388109643,2502412,0
71.3958,1,71393277655,2502412,0
71.3984,1,71398364667,73000,1
71.3984,4,71398364667,73000,1
71.4009,1,71398444667,2502412,0
71.4038,3,71401289679,2502412,0
71.4039,2,71403846685,73000,1
71.4064,3,71403935685,2502412,0
71.409,4,71406465691,2502412,0
71.4115,3,71408995697,2502412,0
71.414,4,71411534703,2502412,0
71.4141,4,71414073115,73000,1
71.4141,1,71414073709,73000,1
71.4142,3,71414171709,73000,1
71.4168,1,71414260709,2502412,0
71.4193,4,71416799715,2502412,0
71.4219,1,71419347721,2502412,0
71.4244,4,71421895727,2502412,0
71.4245,1,71424425733,73000,1
71.4245,3,71424425733,73000,1
71.4296,4,71427125739,2502412,0
71.4322,1,71429700745,2502412,0
71.4323,4,71432230751,73000,1
71.4349,1,71432355751,2502412,0
71.4374,3,71434903757,2502412,0
71.4401,1,71439990769,73000,1
71.4401,4,71439990769,73000,1
71.4452,3,71442672775,2502412,0
71.4477,1,71445202781,2502412,0
71.4502,1,71447732193,2502412,0
71.4534,1,71450916611,2502412,0
71.4585,3,71456003623,2502412,0
71.461,2,71458542629,2502412,0
71.4636,1,71461117635,2502412,0
71.4637,2,71463665641,73000,1
71.4637,3,71463665641,73000,1
71.4688,4,71466275647,2502412,0
71.4713,1,71468832653,2502412,0
71.4739,3,71471398659,2502412,0
71.479,1,71476485671,2502412,0
71.4815,4,71479015677,2502412,0
71.482,3,71481885683,73000,1
71.482,2,71481885683,73000,1
71.4845,1,71481956683,2502412,0
71.487,4,71484486689,2502412,0
71.4895,1,71487025695,2502412,0
71.4896,1,71489573107,73000,1
71.4921,4,71489644701,2502412,0
71.4947,3,71492210707,2502412,0
71.4973,4,71494749713,2502412,0
71.4998,2,71497288719,2502412,0
71.5023,4,71499818725,2502412,0
71.5028,3,71502708737,73000,1
71.5053,4,71502779737,2502412,0
71.5078,2,71505309743,2502412,0
71.5103,1,71507839749,2502412,0
71.5129,1,71510432161,2502412,0
71.5155,4,71512980167,2502412,0
71.518,2,71515510173,2502412,0
71.5231,1,71520624185,2502412,0
71.5257,4,71523172191,2502412,0
71.5282,1,71525702197,2502412,0
71.5307,2,71528232203,2502412,0
71.5333,2,71530779615,2502412,0
71.5334,2,71533309027,73000,1
71.5334,3,71533309621,73000,1
71.5359,4,71533398621,2502412,0
71.541,1,71538476633,2502412,0
71.5435,1,71541024045,2502412,0
71.5461,4,71543572051,2502412,0
71.5486,1,71546111057,2502412,0
71.5512,4,71548659063,2502412,0
71.5569,2,71554401081,2502412,0
71.557,2,71556948493,73000,1
71.557,1,71556949087,73000,1
71.5595,4,71557047087,2502412,0
71.5621,4,71559621499,2502412,0
71.5648,4,71564717511,73000,1
71.5648,1,71564717511,73000,1
71.5699,3,71567399517,2502412,0
71.57,3,71569937929,73000,1
71.57,2,71569938523,73000,1
71.5725,4,71570009523,2502412,0
71.5777,4,71575159535,2502412,0
71.5802,2,71577716541,2502412,0
71.5853,2,71582812553,2502412,0
71.5882,3,71585664559,2502412,0
71.5907,4,71588203565,2502412,0
71.5958,4,71593299577,2502412,0
71.5983,2,71595847583,2502412,0
71.6009,3,71598404589,2502412,0
71.601,2,71600934595,73000,1
71.6011,3,71601032595,73000,1
71.6039,4,71601427601,2502412,0
71.6065,1,71603966607,2502412,0
71.6091,2,71606559613,2502412,0
71.6092,1,71609098619,73000,1
71.6117,4,71609178619,2502412,0
71.6142,2,71611735625,2502412,0
71.6168,4,71614301631,2502412,0
71.6193,3,71616840637,2502412,0
71.6219,2,71619370643,2502412,0
71.6269,4,71624430655,2502412,0
71.6295,1,71626960661,2502412,0
71.632,3,71629499667,2502412,0
71.6321,3,71632047079,73000,1
71.6321,2,71632047673,73000,1
71.6346,1,71632127673,2502412,0
71.6347,1,71634657085,73000,1
71.6347,4,71634657679,73000,1
71.6373,4,71634755679,2502412,0
71.6374,2,71637294685,73000,1
71.6399,4,71637374685,2502412,0
71.6424,1,71639931691,2502412,0
71.645,3,71642524697,2502412,0
71.6452,3,71645081109,73000,1
71.6452,4,71645081703,73000,1
71.6502,1,71647700709,2502412,0
71.6531,1,71650554721,2502412,0
71.6532,4,71653156727,73000,1
71.6557,3,71653245727,2502412,0
71.6586,1,71656106139,2502412,0
71.6612,2,71658672145,2502412,0
71.6637,3,71661202151,2502412,0
71.6638,4,71663732157,73000,1
71.6663,3,71663839157,2502412,0
71.6689,1,71666369163,2502412,0
71.6715,2,71668962169,2502412,0
71.6766,3,71674067181,2502412,0
71.6791,1,71676597187,2502412,0
71.6816,4,71679127193,2502412,0
71.6842,1,71681666199,2502412,0
71.6867,2,71684205205,2502412,0
71.6871,1,71687048211,73000,1
71.6872,2,71687128211,73000,1
71.6872,4,71687128211,73000,1
71.6897,3,71687199211,2502412,0
71.6899,3,71689782623,73000,1
71.6899,4,71689783217,73000,1
71.6924,2,71689854217,2502412,0
71.6975,2,71694995229,2502412,0
71.7,3,71697534235,2502412,0
71.7001,3,71700063647,73000,1
71.7001,2,71700064241,73000,1
71.7026,1,71700135241,2502412,0
71.7032,1,71703132253,73000,1
71.7032,2,71703132253,73000,1
71.7083,3,71705796259,2502412,0
71.7108,4,71708344265,2502412,0
71.7134,4,71710900677,2502412,0
71.7135,1,71713457683,73000,1
71.716,3,71713528683,2502412,0
71.7186,4,71716058689,2502412,0
71.7212,3,71718669695,2502412,0
71.7213,4,71721199701,73000,1
71.7214,4,71721351701,73000,1
71.7214,1,71721351701,73000,1
71.7239,3,71721422701,2502412,0
71.7267,3,71726590713,73000,1
71.7292,3,71726663713,2502412,0
71.7317,3,71729193125,2502412,0
71.7342,2,71731723131,2502412,0
71.7369,2,71736873143,73000,1
71.7369,3,71736873143,73000,1
71.7446,3,71742138561,2502412,0
71.7472,4,71744668567,2502412,0
71.7497,3,71747225573,2502412,0
71.7551,2,71752627591,2502412,0
71.7577,3,71755184597,2502412,0
71.7605,4,71758027009,2502412,0
71.7631,3,71760557015,2502412,0
71.7656,3,71763086427,2502412,0
71.7681,2,71765616433,2502412,0
71.7732,4,71770721445,2502412,0
71.7758,2,71773251451,2502412,0
71.7783,2,71775780863,2502412,0
71.7808,2,71778310275,2502412,0
71.7809,2,71780875687,73000,1
71.7809,4,71780876281,73000,1
71.7809,3,71780876281,73000,1
71.7861,2,71783576287,2502412,0
71.7862,2,71786159699,73000,1
71.7862,4,71786160293,73000,1
71.7916,2,71789127705,2502412,0
71.7942,3,71791666711,2502412,0
71.7967,2,71794214717,2502412,0
71.8018,2,71799274729,2502412,0
71.8043,3,71801804735,2502412,0
71.8044,1,71804334741,73000,1
71.8072,3,71804731747,2502412,0
71.8124,2,71809854759,2502412,0
71.8149,2,71812384171,2502412,0
71.8174,2,71814940583,2502412,0
71.82,3,71817479589,2502412,0
71.8226,2,71820054595,2502412,0
71.8252,3,71825168607,73000,1
71.8252,4,71825168607,73000,1
71.8278,2,71825302607,2502412,0
71.8329,2,71830416619,2502412,0
71.8355,2,71832973031,2502412,0
71.8356,3,71835503037,73000,1
71.8381,1,71835601037,2502412,0
71.8432,2,71840724049,2502412,0
71.8458,1,71843254055,2502412,0
71.8483,3,71845811061,2502412,0
71.8509,2,71848350067,2502412,0
71.8538,2,71851286079,2502412,0
71.8564,1,71853852085,2502412,0
71.8589,3,71856400091,2502412,0
71.8615,2,71858948097,2502412,0
71.8619,3,71861790509,73000,1
71.8644,1,71861888509,2502412,0
71.8669,4,71864436515,2502412,0
71.8695,1,71866966521,2502412,0
71.8696,4,71869514527,73000,1
71.8696,2,71869514527,73000,1
71.8697,4,71869621527,73000,1
71.8722,2,71869728527,2502412,0
71.8748,1,71872258533,2502412,0
71.8798,2,71877318545,2502412,0
71.8824,3,71879848551,2502412,0
71.8849,3,71882395963,2502412,0
71.8874,2,71884934969,2502412,0
71.89,3,71887482975,2502412,0
71.8901,3,71890030387,73000,1
71.8901,1,71890030981,73000,1
71.8955,3,71892980393,2502412,0
71.898,2,71895519399,2502412,0
71.9006,3,71898076405,2502412,0
71.9034,2,71900921417,2502412,0
71.9085,1,71906026429,2502412,0
71.9111,2,71908583435,2502412,0
71.9136,3,71911113441,2502412,0
71.9137,3,71913651853,73000,1
71.9137,1,71913652447,73000,1
71.9188,1,71916307453,2502412,0
71.9214,2,71918855459,2502412,0
71.9215,2,71921393871,73000,1
71.9215,1,71921394465,73000,1
71.9215,4,71921465465,73000,1
71.9215,2,71921466871,73000,1
71.924,4,71921546871,2502412,0
71.9267,3,71926660883,73000,1
71.9267,1,71926660883,73000,1
71.9293,4,71926749883,2502412,0
71.9318,2,71929342889,2502412,0
71.9344,4,71931881895,2502412,0
71.9395,1,71936995907,2502412,0
71.9421,1,71939552319,2502412,0
71.9446,2,71942091325,2502412,0
71.9471,4,71944621331,2502412,0
71.9472,3,71947151337,73000,1
71.9498,2,71947303337,2502412,0
71.9499,2,71949832749,73000,1
71.9499,1,71949833343,73000,1
71.9524,4,71949913343,2502412,0
71.9528,4,71952758355,73000,1
71.9554,2,71952856355,2502412,0
71.9579,2,71955430767,2502412,0
71.9581,1,71957996773,73000,1
71.9632,2,71960678779,2502412,0
71.9686,2,71966078197,2502412,0
71.9687,2,71968607609,73000,1
71.9687,4,71968608203,73000,1
71.9738,3,71971317209,2502412,0
71.9789,3,71976413221,2502412,0
71.9791,2,71979015227,73000,1
71.9816,1,71979086227,2502412,0
71.9841,3,71981643233,2502412,0
71.9893,1,71986748245,2502412,0
71.9918,4,71989296251,2502412,0
71.9944,3,71991862257,2502412,0
71.9972,2,71994705263,2502412,0
71.9999,3,71999783275,73000,1
71.9999,4,71999783275,73000,1
71.9999,2,71999854275,73000,1
71.9999,1,71999854275,73000,1
72.0025,4,71999979275,2502412,0
72.0053,2,72002833287,2502412,0
72.0054,2,72005362699,73000,1
72.0079,4,72005434293,2502412,0
72.0105,3,72007982299,2502412,0
72.013,4,72010521305,2502412,0
72.0156,1,72013051311,2502412,0
72.0181,4,72015581317,2502412,0
72.0206,3,72018147323,2502412,0
72.0208,4,72020677329,73000,1
72.0208,1,72020677329,73000,1
72.0259,3,72023350335,2502412,0
72.0284,3,72025897747,2502412,0
72.0309,2,72028436753,2502412,0
72.0335,3,72030966759,2502412,0
72.036,1,72033505765,2502412,0
72.0385,1,72036035177,2502412,0
72.0436,4,72041122189,2502412,0
72.0462,2,72043661195,2502412,0
72.0463,2,72046208607,73000,1
72.0463,4,72046209201,73000,1
72.0488,3,72046289201,2502412,0
72.0513,1,72048819207,2502412,0
72.0542,2,72051700219,2502412,0
72.0569,1,72056796231,73000,1
72.0569,3,72056796231,73000,1
72.0594,1,72056885231,2502412,0
72.0619,2,72059442237,2502412,0
72.062,1,72061972243,73000,1
72.062,4,72061972243,73000,1
72.0646,1,72062061243,2502412,0
72.065,2,72064921655,73000,1
72.0675,3,72065001655,2502412,0
72.07,3,72067540067,2502412,0
72.0726,1,72070115073,2502412,0
72.0752,3,72072654079,2502412,0
72.0803,3,72077795091,2502412,0
72.0828,1,72080325097,2502412,0
72.0854,4,72082864103,2502412,0
72.0879,1,72085394109,2502412,0
72.0904,2,72087924115,2502412,0
72.093,4,72090463121,2502412,0
72.0931,3,72092993127,73000,1
72.0956,2,72093082127,2502412,0
72.0981,4,72095621133,2502412,0
72.101,1,72098518139,2502412,0
72.1011,2,72101048145,73000,1
72.1036,2,72101128145,2502412,0
72.1037,4,72103676151,73000,1
72.1042,2,72104098157,73000,1
72.1042,1,72104098157,73000,1
72.1067,4,72104196157,2502412,0
72.1092,3,72106726163,2502412,0
72.1118,3,72109264575,2502412,0
72.1143,1,72111794581,2502412,0
72.1168,3,72114324587,2502412,0
72.1219,1,72119402599,2502412,0
72.122,3,72121932605,73000,1
72.122,2,72121932605,73000,1
72.1221,1,72122030605,73000,1
72.1221,4,72122030605,73000,1
72.1246,4,72122146605,2502412,0
72.1298,3,72127269617,2502412,0
72.1299,4,72129808623,73000,1
72.1299,1,72129808623,73000,1
72.1324,2,72129888623,2502412,0
72.1349,2,72132418035,2502412,0
72.1375,2,72134956447,2502412,0
72.1376,2,72137494859,73000,1
72.1376,1,72137495453,73000,1
72.1401,3,72137566453,2502412,0
72.1452,3,72142662465,2502412,0
72.1477,3,72145245877,2502412,0
72.1503,2,72147793883,2502412,0
72.1528,3,72150332889,2502412,0
72.1533,2,72153177901,73000,1
72.1558,4,72153257901,2502412,0
72.1583,3,72155796907,2502412,0
72.1608,3,72158335319,2502412,0
72.1634,3,72160873731,2502412,0
72.1659,3,72163412143,2502412,0
72.1685,4,72165960149,2502412,0
72.1739,4,72171350567,2502412,0
72.1764,4,72173915979,2502412,0
72.179,3,72176463985,2502412,0
72.1815,4,72178993991,2502412,0
72.1841,2,72181559997,2502412,0
72.1842,2,72184098409,73000,1
72.1843,4,72184188003,73000,1
72.1843,1,72184188003,73000,1
72.1868,3,72184259003,2502412,0
72.1893,4,72186789009,2502412,0
72.1919,3,72189400015,2502412,0
72.192,4,72191930021,73000,1
72.1945,3,72192019021,2502412,0
72.1971,2,72194567027,2502412,0
72.2028,3,72200335451,2502412,0
72.203,2,72202883457,73000,1
72.203,4,72202883457,73000,1
72.2055,2,72202972457,2502412,0
72.208,3,72205502463,2502412,0
72.2131,3,72210571475,2502412,0
72.2156,3,72213100887,2502412,0
72.2182,2,72215675893,2502412,0
72.2208,3,72218250899,2502412,0
72.2209,2,72220780905,73000,1
72.2234,3,72220905905,2502412,0
72.226,4,72223453911,2502412,0
72.2285,3,72225983917,2502412,0
72.2336,4,72231079929,2502412,0
72.2361,3,72233636935,2502412,0
72.2387,3,72236175347,2502412,0
72.2412,2,72238732353,2502412,0
72.2413,3,72241262359,73000,1
72.2438,4,72241333359,2502412,0
72.2464,2,72243863365,2502412,0
72.2489,2,72246392777,2502412,0
72.2515,2,72248994189,2502412,0
72.254,4,72251533195,2502412,0
72.2595,4,72256971213,2502412,0
72.262,2,72259501219,2502412,0
72.2646,3,72262067225,2502412,0
72.2647,2,72264597231,73000,1
72.2672,3,72264695231,2502412,0
72.2697,4,72267225237,2502412,0
72.2752,4,72272669655,2502412,0
72.2777,3,72275199661,2502412,0
72.2803,1,72277747667,2502412,0
72.2828,2,72280304673,2502412,0
72.2854,3,72285373685,73000,1
72.2854,4,72285373685,73000,1
72.2879,1,72285444685,2502412,0
72.2905,4,72287974691,2502412,0
72.293,1,72290504697,2502412,0
72.2956,2,72293052703,2502412,0
72.2981,4,72295627709,2502412,0
72.3039,1,72301351133,2502412,0
72.304,2,72303899139,73000,1
72.304,3,72303899139,73000,1
72.3041,1,72303979139,73000,1
72.3041,4,72303979139,73000,1
72.3066,3,72304050139,2502412,0
72.3117,3,72309236151,2502412,0
72.3119,3,72311810563,73000,1
72.3119,2,72311811157,73000,1
72.3119,4,72311811157,73000,1
72.3144,1,72311927157,2502412,0
72.3195,1,72317023169,2502412,0
72.3221,1,72319588581,2502412,0
72.3272,3,72324666593,2502412,0
72.3273,1,72327196599,73000,1
72.3273,4,72327196599,73000,1
72.3298,2,72327294599,2502412,0
72.3324,1,72329851605,2502412,0
72.3374,3,72334929617,2502412,0
72.34,2,72337468623,2502412,0
72.3425,1,72340016629,2502412,0
72.345,1,72342546041,2502412,0
72.3476,3,72345112047,2502412,0
72.3477,3,72347650459,73000,1
72.3477,1,72347651053,73000,1
72.3503,2,72347758053,2502412,0
72.3531,2,72350639065,2502412,0
72.3557,2,72353186477,2502412,0
72.3608,3,72358255489,2502412,0
72.3633,3,72360793901,2502412,0
72.3659,2,72363350907,2502412,0
72.3684,1,72365880913,2502412,0
72.3709,2,72368410919,2502412,0
72.3735,1,72370958925,2502412,0
72.3739,3,72373819337,73000,1
72.3764,1,72373908337,2502412,0
72.379,3,72376474343,2502412,0
72.3815,2,72379004349,2502412,0
72.384,1,72381543355,2502412,0
72.3892,3,72386666367,2502412,0
72.3917,2,72389214373,2502412,0
72.3918,3,72391762379,73000,1
72.3918,1,72391762379,73000,1
72.3943,2,72391833379,2502412,0
72.3995,1,72396974391,2502412,0
72.402,2,72399504397,2502412,0
72.4049,2,72402385409,2502412,0
72.4053,2,72405228415,73000,1
72.4053,1,72405228415,73000,1
72.4103,1,72407838421,2502412,0
72.4129,3,72410422427,2502412,0
72.4155,2,72412970433,2502412,0
72.4156,1,72415536439,73000,1
72.4181,3,72415607439,2502412,0
72.4207,4,72418155445,2502412,0
72.4208,4,72420684857,73000,1
72.4208,2,72420685451,73000,1
72.4233,4,72420757857,2502412,0
72.4258,2,72423287863,2502412,0
72.4283,4,72425826869,2502412,0
72.4309,1,72428356875,2502412,0
72.4334,1,72430895287,2502412,0
72.4335,4,72433425293,73000,1
72.436,3,72433514293,2502412,0
72.4385,2,72436044299,2502412,0
72.4411,1,72438583305,2502412,0
72.4436,4,72441122311,2502412,0
72.4462,3,72443652317,2502412,0
72.4487,2,72446209323,2502412,0
72.4512,4,72448739329,2502412,0
72.4541,4,72451584341,2502412,0
72.4566,3,72454114347,2502412,0
72.4592,1,72456653353,2502412,0
72.4617,4,72459183359,2502412,0
72.4668,2,72464252371,2502412,0
72.4693,2,72466799783,2502412,0
72.4718,3,72469329789,2502412,0
72.4744,3,72471868201,2502412,0
72.4748,4,72474728613,73000,1
72.4748,1,72474728613,73000,1
72.4773,3,72474826613,2502412,0
72.4799,2,72477383619,2502412,0
72.4824,1,72479913625,2502412,0
72.485,3,72482470631,2502412,0
72.4875,3,72485009043,2502412,0
72.4876,3,72487538455,73000,1
72.4876,1,72487539049,73000,1
72.4901,3,72487646049,2502412,0
72.4927,2,72490176055,2502412,0
72.4928,2,72492705467,73000,1
72.4928,4,72492706061,73000,1
72.4953,3,72492777061,2502412,0
72.4978,3,72495333473,2502412,0
72.5004,3,72497943885,2502412,0
72.5033,1,72500779897,2502412,0
72.5087,1,72506152315,2502412,0
72.5112,1,72508708727,2502412,0
72.5138,3,72511292733,2502412,0
72.5163,1,72513822739,2502412,0
72.5189,1,72516352151,2502412,0
72.5214,2,72518882157,2502412,0
72.5239,2,72521411569,2502412,0
72.5264,1,72523941575,2502412,0
72.5316,4,72529055587,2502412,0
72.5317,2,72531603593,73000,1
72.5317,3,72531603593,73000,1
72.5318,1,72531692593,73000,1
72.5318,3,72531692593,73000,1
72.5343,4,72531763593,2502412,0
72.5368,4,72534338005,2502412,0
72.542,4,72539497017,2502412,0
72.5446,2,72542054023,2502412,0
72.5496,1,72547123035,2502412,0
72.5522,2,72549653041,2502412,0
72.5523,4,72552201047,73000,1
72.5577,1,72555173059,2502412,0
72.5602,2,72557730065,2502412,0
72.5628,2,72560295477,2502412,0
72.5679,1,72565373489,2502412,0
72.568,1,72567902901,73000,1
72.568,2,72567903495,73000,1
72.5705,4,72567992495,2502412,0
72.573,3,72570540501,2502412,0
72.5756,1,72573070507,2502412,0
72.5781,3,72575609513,2502412,0
72.581,1,72578451925,2502412,0
72.586,4,72583529937,2502412,0
72.5886,2,72586068943,2502412,0
72.5911,3,72588625949,2502412,0
72.5937,4,72591155955,2502412,0
72.5962,1,72593721961,2502412,0
72.5963,3,72596251967,73000,1
72.5963,2,72596251967,73000,1
72.6014,1,72598879973,2502412,0
72.6042,1,72601724985,2502412,0
72.6068,4,72604254991,2502412,0
72.6093,1,72606784997,2502412,0
72.6122,4,72609682003,2502412,0
72.6173,1,72614787015,2502412,0
72.6174,4,72617326021,73000,1
72.6174,3,72617326021,73000,1
72.6175,2,72617451021,73000,1
72.6175,4,72617451021,73000,1
72.62,1,72617522021,2502412,0
72.6227,1,72622627033,73000,1
72.6227,4,72622627033,73000,1
72.6252,3,72622743033,2502412,0
72.6278,3,72625281445,2502412,0
72.6305,3,72630377457,73000,1
72.6305,1,72630377457,73000,1
72.633,3,72630450457,2502412,0
72.6355,2,72632989463,2502412,0
72.6381,2,72635554875,2502412,0
72.6431,1,72640641887,2502412,0
72.6457,1,72643180299,2502412,0
72.6482,3,72645710305,2502412,0
72.6507,1,72648240311,2502412,0
72.6533,3,72650779317,2502412,0
72.6561,2,72653615329,2502412,0
72.6612,2,72658729341,2502412,0
72.6638,1,72661259347,2502412,0
72.6663,3,72663834353,2502412,0
72.6689,2,72666373359,2502412,0
72.6714,1,72668930365,2502412,0
72.6741,2,72674017377,73000,1
72.6741,3,72674017377,73000,1
72.6766,1,72674106377,2502412,0
72.6821,1,72679569389,2502412,0
72.6847,2,72682180395,2502412,0
72.6898,1,72687249407,2502412,0
72.6923,3,72689779413,2502412,0
72.6948,2,72692345419,2502412,0
72.6974,4,72694893425,2502412,0
72.7025,4,72699962437,2502412,0
72.7053,3,72702798449,2502412,0
72.7054,4,72705337455,73000,1
72.7054,1,72705337455,73000,1
72.7079,3,72705426455,2502412,0
72.7105,2,72707974461,2502412,0
72.7159,3,72713374473,2502412,0
72.7184,2,72715913479,2502412,0
72.721,3,72718461485,2502412,0
72.7235,4,72721000491,2502412,0
72.726,3,72723530497,2502412,0
72.7286,2,72726060503,2502412,0
72.7287,3,72728608509,73000,1
72.7287,4,72728608509,73000,1
72.7337,4,72731227515,2502412,0
72.7363,2,72733757521,2502412,0
72.7364,2,72736286933,73000,1
72.7364,4,72736287527,73000,1
72.7389,1,72736376527,2502412,0
72.7414,4,72738915533,2502412,0
72.744,1,72741463539,2502412,0
72.7465,2,72744029545,2502412,0
72.7516,4,72749107557,2502412,0
72.7541,4,72751636969,2502412,0
72.757,3,72754472981,2502412,0
72.7571,3,72757029393,73000,1
72.7571,2,72757029987,73000,1
72.7596,1,72757100987,2502412,0
72.7622,4,72759666993,2502412,0
72.7647,1,72762196999,2502412,0
72.7648,1,72764762411,73000,1
72.7673,3,72764843005,2502412,0
72.7675,3,72767381417,73000,1
72.7675,4,72767382011,73000,1
72.77,1,72767480011,2502412,0
72.7751,2,72772630023,2502412,0
72.7777,1,72775160029,2502412,0
72.7802,4,72777717035,2502412,0
72.7827,4,72780246447,2502412,0
72.7856,2,72783097859,2502412,0
72.7907,3,72788202871,2502412,0
72.7908,4,72790732877,73000,1
72.7908,1,72790732877,73000,1
72.7933,2,72790812877,2502412,0
72.7934,2,72793369289,73000,1
72.7934,1,72793369883,73000,1
72.7959,4,72793440883,2502412,0
72.801,3,72798545895,2502412,0
72.8039,4,72801426907,2502412,0
72.8065,3,72803956913,2502412,0
72.809,3,72806486325,2502412,0
72.8115,4,72809034331,2502412,0
72.8141,3,72811573337,2502412,0
72.8195,2,72816955349,2502412,0
72.822,4,72819503355,2502412,0
72.8245,4,72822041767,2502412,0
72.8271,3,72824571773,2502412,0
72.8297,2,72827173779,2502412,0
72.8298,4,72829703785,73000,1
72.8323,3,72829801785,2502412,0
72.8348,1,72832331791,2502412,0
72.8374,2,72834870797,2502412,0
72.8375,2,72837409209,73000,1
72.8375,1,72837409803,73000,1
72.8375,3,72837409803,73000,1
72.8426,2,72840082809,2502412,0
72.8451,3,72842612815,2502412,0
72.8476,3,72845142227,2502412,0
72.8502,3,72847689639,2502412,0
72.8507,3,72850579651,73000,1
72.8507,4,72850579651,73000,1
72.8532,2,72850650651,2502412,0
72.8533,2,72853234063,73000,1
72.8533,1,72853234657,73000,1
72.861,2,72858536075,2502412,0
72.8636,3,72861066081,2502412,0
72.8687,2,72866207093,2502412,0
72.8688,3,72868764099,73000,1
72.8688,1,72868764099,73000,1
72.8715,2,72871437105,73000,1
72.8715,4,72871437105,73000,1
72.8792,3,72876693523,2502412,0
72.8817,3,72879222935,2502412,0
72.8818,3,72881770347,73000,1
72.8818,2,72881770941,73000,1
72.8872,4,72884729947,2502412,0
72.8898,3,72887259953,2502412,0
72.8899,1,72889843959,73000,1
72.8924,4,72889941959,2502412,0
72.895,3,72892489965,2502412,0
72.9001,4,72897585977,2502412,0
72.9029,2,72900421989,2502412,0
72.9031,2,72902978401,73000,1
72.9031,3,72902978995,73000,1
72.9081,4,72905625001,2502412,0
72.9107,4,72908226413,2502412,0
72.9108,2,72910774419,73000,1
72.9134,3,72910854419,2502412,0
72.9159,3,72913446831,2502412,0
72.9164,4,72916298837,73000,1
72.9189,3,72916405837,2502412,0
72.9215,3,72918980249,2502412,0
72.9266,3,72924112261,2502412,0
72.9267,4,72926660267,73000,1
72.9292,4,72926733267,2502412,0
72.9318,3,72929326273,2502412,0
72.9319,4,72931856279,73000,1
72.9345,3,72931999279,2502412,0
72.937,4,72934529285,2502412,0
72.9371,3,72937068291,73000,1
72.9398,4,72939696297,73000,1
72.9398,2,72939696297,73000,1
72.9449,3,72942378303,2502412,0
72.9474,4,72944926309,2502412,0
72.9528,3,72950346327,2502412,0
72.9554,4,72952912333,2502412,0
72.958,4,72955450745,2502412,0
72.9605,3,72957980751,2502412,0
72.9656,3,72963049763,2502412,0
72.9681,3,72965588175,2502412,0
72.9707,4,72968172181,2502412,0
72.9758,3,72973259193,2502412,0
72.9784,4,72975879199,2502412,0
72.9835,3,72980966211,2502412,0
72.9836,4,72983532217,73000,1
72.9836,2,72983532217,73000,1
72.989,3,72986473223,2502412,0
72.9916,3,72989056635,2502412,0
72.9941,4,72991586641,2502412,0
72.9992,4,72996655653,2502412,0
73.0017,3,72999185659,2502412,0
73.0042,4,73001724665,2502412,0
73.0071,3,73004605677,2502412,0
73.0122,4,73009701689,2502412,0
73.0148,3,73012258695,2502412,0
73.0149,4,73014851701,73000,1
73.0174,3,73014931701,2502412,0
73.0205,3,73020421713,73000,1
73.0205,2,73020421713,73000,1
73.023,4,73020519713,2502412,0
73.0281,3,73025579725,2502412,0
73.0306,1,73028127731,2502412,0
73.0358,4,73033259743,2502412,0
73.0383,3,73035798749,2502412,0
73.0384,4,73038355755,73000,1
73.0384,1,73038355755,73000,1
73.0409,4,73038435755,2502412,0
73.041,4,73040965167,73000,1
73.041,3,73040965761,73000,1
73.0461,4,73043620767,2502412,0
73.0487,4,73046159179,2502412,0
73.0512,4,73048733591,2502412,0
73.0566,1,73054117609,2502412,0
73.0592,3,73056656615,2502412,0
73.0617,1,73059186621,2502412,0
73.0618,1,73061716033,73000,1
73.0618,3,73061716627,73000,1
73.0643,1,73061814627,2502412,0
73.0668,3,73064344633,2502412,0
73.0719,4,73069404645,2502412,0
73.0745,3,73071970651,2502412,0
73.077,4,73074509657,2502412,0
73.0796,1,73077066663,2502412,0
73.0821,1,73079623075,2502412,0
73.0847,3,73082153081,2502412,0
73.0897,4,73087222093,2502412,0
73.0926,4,73090082505,2502412,0
73.0952,3,73092648511,2502412,0
73.0953,4,73095205517,73000,1
73.0953,1,73095205517,73000,1
73.1003,3,73097833523,2502412,0
73.1029,3,73100362935,2502412,0
73.1058,4,73103261947,2502412,0
73.1109,3,73108366959,2502412,0
73.1134,1,73110914965,2502412,0
73.116,4,73113489971,2502412,0
73.1211,3,73118585983,2502412,0
73.1239,1,73121446989,2502412,0
73.1265,3,73123985995,2502412,0
73.1316,4,73129073007,2502412,0
73.1341,1,73131639013,2502412,0
73.1367,3,73134178019,2502412,0
73.1392,4,73136717025,2502412,0
73.1443,1,73141795037,2502412,0
73.1469,3,73144361043,2502412,0
73.1494,1,73146927049,2502412,0
73.152,4,73149457055,2502412,0
73.1545,3,73151987061,2502412,0
73.1573,3,73154823073,2502412,0
73.1574,3,73157352485,73000,1
73.1576,4,73157496079,73000,1
73.1576,1,73157496079,73000,1
73.1577,3,73157630079,73000,1
73.1577,1,73157630079,73000,1
73.163,4,73162877497,73000,1
73.163,3,73162877497,73000,1
73.1657,1,73165604503,73000,1
73.171,4,73170950921,73000,1
73.1736,3,73171084921,2502412,0
73.1786,3,73176144933,2502412,0
73.1838,3,73181330945,2502412,0
73.1889,3,73186435957,2502412,0
73.1891,3,73189010369,73000,1
73.1916,1,73189117963,2502412,0
73.197,1,73194544381,2502412,0
73.2022,3,73199667393,2502412,0
73.2047,1,73202197399,2502412,0
73.2101,3,73207644417,2502412,0
73.2127,3,73210191829,2502412,0
73.2152,1,73212730835,2502412,0
73.2153,3,73215260841,73000,1
73.2153,2,73215260841,73000,1
73.2204,1,73217870847,2502412,0
73.2229,1,73220436259,2502412,0
73.2258,4,73223333265,2502412,0
73.2259,3,73225872271,73000,1
73.2285,1,73225961271,2502412,0
73.231,4,73228491277,2502412,0
73.2335,3,73231039283,2502412,0
73.2361,4,73233578289,2502412,0
73.2412,1,73238665301,2502412,0
73.2437,4,73241195307,2502412,0
73.2463,3,73243788313,2502412,0
73.2464,4,73246345319,73000,1
73.2464,1,73246345319,73000,1
73.2514,3,73248946325,2502412,0
73.2543,3,73251818337,2502412,0
73.2569,4,73254402343,2502412,0
73.2594,4,73256931755,2502412,0
73.2595,3,73259461761,73000,1
73.2595,1,73259461761,73000,1
73.2621,4,73259568761,2502412,0
73.2622,3,73262098767,73000,1
73.2622,1,73262098767,73000,1
73.2647,4,73262196767,2502412,0
73.2698,1,73267310779,2502412,0
73.2699,1,73269858191,73000,1
73.2699,3,73269858785,73000,1
73.2725,4,73269947785,2502412,0
73.2776,4,73275088797,2502412,0
73.2802,1,73277654803,2502412,0
73.2803,1,73280193215,73000,1
73.2828,4,73280327809,2502412,0
73.283,4,73282884221,73000,1
73.2855,4,73282973815,2502412,0
73.2881,1,73285548821,2502412,0
73.2931,4,73290635833,2502412,0
73.2957,1,73293165839,2502412,0
73.3011,4,73298601257,2502412,0
73.3036,1,73301140263,2502412,0
73.3065,4,73303994275,2502412,0
73.3116,1,73309099287,2502412,0
73.3141,1,73311646699,2502412,0
73.3167,4,73314176705,2502412,0
73.3192,1,73316706711,2502412,0
73.3243,4,73321811723,2502412,0
73.3269,1,73324395729,2502412,0
73.3298,1,73327247735,2502412,0
73.3323,4,73329804741,2502412,0
73.3374,1,73334927753,2502412,0
73.34,4,73337457759,2502412,0
73.3425,4,73340005171,2502412,0
73.345,4,73342543583,2502412,0
73.3501,3,73347603595,2502412,0
73.353,1,73350493607,2502412,0
73.3555,4,73353032613,2502412,0
73.3581,3,73355571619,2502412,0
73.3632,1,73360685631,2502412,0
73.3657,1,73363233043,2502412,0
73.3658,3,73365763049,73000,1
73.3658,4,73365763049,73000,1
73.3709,1,73368436055,2502412,0
73.3735,3,73370984061,2502412,0
73.376,1,73373514067,2502412,0
73.3761,1,73376061479,73000,1
73.3761,4,73376062073,73000,1
73.3812,3,73378717079,2502412,0
73.3837,1,73381247085,2502412,0
73.3863,1,73383776497,2502412,0
73.3889,3,73386360503,2502412,0
73.394,3,73391465515,2502412,0
73.3941,3,73394003927,73000,1
73.3941,1,73394004521,73000,1
73.3995,1,73396999527,2502412,0
73.3997,3,73399592533,73000,1
73.4022,1,73399672533,2502412,0
73.4023,4,73402202539,73000,1
73.4077,1,73405190551,2502412,0
73.4128,1,73410340563,2502412,0
73.418,1,73415490575,2502412,0
73.4205,3,73418047581,2502412,0
73.4256,3,73423134593,2502412,0
73.4282,1,73425673599,2502412,0
73.4336,4,73431091611,2502412,0
73.4361,4,73433639023,2502412,0
73.4363,1,73436178029,73000,1
73.4363,3,73436178029,73000,1
73.4388,3,73436276029,2502412,0
73.4439,4,73441354041,2502412,0
73.4464,1,73443884047,2502412,0
73.449,1,73446449459,2502412,0
73.4515,3,73449015465,2502412,0
73.4569,4,73454399483,2502412,0
73.4594,3,73456947489,2502412,0
73.462,1,73459504495,2502412,0
73.4671,4,73464618507,2502412,0
73.4697,3,73467148513,2502412,0
73.4722,1,73469732519,2502412,0
73.4773,4,73474810531,2502412,0
73.4798,1,73477340537,2502412,0
73.48,1,73479878949,73000,1
73.48,3,73479879543,73000,1
73.4825,4,73479986543,2502412,0
73.485,3,73482525549,2502412,0
73.4901,4,73487630561,2502412,0
73.4927,3,73490187567,2502412,0
73.4953,4,73492753573,2502412,0
73.5003,1,73497831585,2502412,0
73.5035,3,73501025003,2502412,0
73.5061,3,73503572415,2502412,0
73.5086,4,73506102421,2502412,0
73.5137,1,73511162433,2502412,0
73.5162,3,73513692439,2502412,0
73.5187,4,73516240445,2502412,0
73.5213,4,73518778857,2502412,0
73.5238,1,73521335863,2502412,0
73.5264,4,73523865869,2502412,0
73.5289,1,73526404875,2502412,0
73.5343,1,73531777293,2502412,0
73.5344,4,73534316299,73000,1
73.5344,3,73534316299,73000,1
73.5369,1,73534414299,2502412,0
73.5421,1,73539600311,2502412,0
73.5446,3,73542139317,2502412,0
73.5472,2,73544669323,2502412,0
73.5497,1,73547217329,2502412,0
73.5524,4,73552313341,73000,1
73.5552,3,73552735347,2502412,0
73.5553,1,73555265353,73000,1
73.5553,2,73555265353,73000,1
73.5604,3,73557902359,2502412,0
73.5629,1,73560441365,2502412,0
73.5655,1,73563015777,2502412,0
73.5656,1,73565554189,73000,1
73.5656,2,73565554783,73000,1
73.5681,3,73565625783,2502412,0
73.5707,3,73568155195,2502412,0
73.5708,1,73570694201,73000,1
73.5734,3,73570873201,2502412,0
73.5785,3,73576023213,2502412,0
73.5836,3,73581110225,2502412,0
73.5837,4,73583676231,73000,1
73.5837,1,73583676231,73000,1
73.5888,3,73586322237,2502412,0
73.594,3,73591454249,2502412,0
73.5965,2,73593993255,2502412,0
73.6016,3,73599143267,2502412,0
73.6045,2,73601985679,2502412,0
73.6073,2,73604830691,2502412,0
73.6099,2,73607369103,2502412,0
73.6125,2,73612465115,73000,1
73.6125,3,73612465115,73000,1
73.6125,1,73612465115,73000,1
73.6151,2,73612563115,2502412,0
73.6178,2,73617713127,73000,1
73.6178,4,73617713127,73000,1
73.6203,3,73617784127,2502412,0
73.6254,3,73622889139,2502412,0
73.628,3,73625454551,2502412,0
73.6331,3,73630595563,2502412,0
73.6359,2,73633447569,2502412,0
73.6411,3,73638588581,2502412,0
73.6436,2,73641127587,2502412,0
73.6462,3,73643675593,2502412,0
73.6512,3,73648735605,2502412,0
73.6541,3,73651589617,2502412,0
73.6567,3,73654164029,2502412,0
73.6592,2,73656694035,2502412,0
73.6643,2,73661781047,2502412,0
73.6668,3,73664320053,2502412,0
73.6694,2,73666859059,2502412,0
73.6721,2,73672009071,73000,1
73.6721,3,73672009071,73000,1
73.6746,2,73672125071,2502412,0
73.6772,3,73674664077,2502412,0
73.6823,2,73679805089,2502412,0
73.6848,2,73682334501,2502412,0
73.6849,3,73684873507,73000,1
73.6875,2,73684998507,2502412,0
73.6926,3,73690094519,2502412,0
73.6951,2,73692624525,2502412,0
73.6977,3,73695163531,2502412,0
73.7004,3,73700286543,73000,1
73.7029,2,73700357543,2502412,0
73.706,3,73703532961,2502412,0
73.7111,2,73708628973,2502412,0
73.7137,3,73711230979,2502412,0
73.7163,2,73713778985,2502412,0
73.719,2,73718892997,73000,1
73.719,3,73718892997,73000,1
73.7241,1,73721548003,2502412,0
73.7266,3,73724132009,2502412,0
73.7267,2,73726671015,73000,1
73.7293,3,73726787015,2502412,0
73.7294,1,73729317021,73000,1
73.7294,4,73729317021,73000,1
73.7345,3,73731999027,2502412,0
73.7399,3,73737444039,2502412,0
73.7451,3,73742558051,2502412,0
73.7476,1,73745097057,2502412,0
73.7527,1,73750202069,2502412,0
73.7531,3,73753074081,73000,1
73.7531,2,73753074081,73000,1
73.7557,1,73753163081,2502412,0
73.7582,1,73755692493,2502412,0
73.7583,3,73758231499,73000,1
73.7608,1,73758302499,2502412,0
73.7634,1,73760903911,2502412,0
73.7685,1,73766008923,2502412,0
73.7711,1,73768556335,2502412,0
73.7762,1,73773724347,2502412,0
73.7814,1,73778865359,2502412,0
73.7865,1,73783988371,2502412,0
73.7916,1,73789102383,2502412,0
73.7941,3,73791632389,2502412,0
73.7967,3,73794206801,2502412,0
73.8018,1,73799266813,2502412,0
73.8048,1,73804740831,73000,1
73.8048,3,73804740831,73000,1
73.8073,1,73804813831,2502412,0
73.8078,3,73807728243,73000,1
73.8079,1,73807799243,73000,1
73.8079,2,73807799243,73000,1
73.8156,1,73813127661,2502412,0
73.8182,1,73815666073,2502412,0
73.8233,1,73820807085,2502412,0
73.8284,3,73825939097,2502412,0
73.831,1,73828478103,2502412,0
73.8335,3,73831008109,2502412,0
73.8386,3,73836131121,2502412,0
73.8391,1,73839010127,73000,1
73.8416,3,73839108127,2502412,0
73.8441,4,73841638133,2502412,0
73.8467,3,73844195139,2502412,0
73.8518,4,73849264151,2502412,0
73.8543,4,73851793563,2502412,0
73.8572,4,73854683575,2502412,0
73.8597,4,73857221987,2502412,0
73.8598,3,73859751993,73000,1
73.8623,1,73859822993,2502412,0
73.8649,1,73862361405,2502412,0
73.8674,1,73864890817,2502412,0
73.87,3,73867474823,2502412,0
73.8725,4,73870004829,2502412,0
73.8726,4,73872534241,73000,1
73.8726,1,73872534835,73000,1
73.8726,2,73872534835,73000,1
73.8777,4,73875162841,2502412,0
73.8778,3,73877755847,73000,1
73.8778,1,73877755847,73000,1
73.8804,4,73877862847,2502412,0
73.8805,4,73880392259,73000,1
73.8805,1,73880392853,73000,1
73.8856,4,73883092859,2502412,0
73.8907,1,73888179871,2502412,0
73.8932,4,73890709877,2502412,0
73.8933,1,73893275883,73000,1
73.8933,3,73893275883,73000,1
73.8984,4,73895903889,2502412,0
73.901,1,73898478895,2502412,0
73.9038,4,73901332907,2502412,0
73.909,4,73906473919,2502412,0
73.9118,1,73909316331,2502412,0
73.9144,4,73911864337,2502412,0
73.9195,4,73916951349,2502412,0
73.922,4,73919489761,2502412,0
73.9246,1,73922055767,2502412,0
73.9297,4,73927169779,2502412,0
73.9322,1,73929699785,2502412,0
73.9348,1,73932256197,2502412,0
73.9399,1,73937361209,2502412,0
73.9427,4,73940213215,2502412,0
73.9452,3,73942743221,2502412,0
73.9478,3,73945290633,2502412,0
73.9479,1,73947829639,73000,1
73.9504,4,73947900639,2502412,0
73.9533,3,73950772651,2502412,0
73.9558,3,73953311063,2502412,0
73.9584,4,73955868069,2502412,0
73.9635,1,73960964081,2502412,0
73.966,3,73963494087,2502412,0
73.9685,4,73966033093,2502412,0
73.9711,1,73968563099,2502412,0
73.9736,3,73971147105,2502412,0
73.9738,4,73973686111,73000,1
73.9763,1,73973811111,2502412,0
73.9789,3,73976368117,2502412,0
73.9814,4,73978916123,2502412,0
73.9815,4,73981454535,73000,1
73.9815,1,73981455129,73000,1
73.9841,1,73981562129,2502412,0
73.9842,1,73984127541,73000,1
73.9842,3,73984128135,73000,1
73.9893,4,73986765141,2502412,0
73.9918,4,73989294553,2502412,0
73.9943,4,73991823965,2502412,0
73.9969,1,73994371971,2502412,0
73.9994,4,73996910977,2502412,0
74.0048,3,74002303995,2502412,0
74.0073,3,74004833407,2502412,0
74.0099,3,74007362819,2502412,0
74.0124,1,74009910825,2502412,0
74.0153,1,74012753237,2502412,0
74.0154,3,74015319243,73000,1
74.0154,4,74015319243,73000,1
74.0205,1,74017965249,2502412,0
74.023,4,74020513255,2502412,0
74.0256,1,74023079261,2502412,0
74.0281,1,74025626673,2502412,0
74.0308,4,74030731685,73000,1
74.0308,3,74030731685,73000,1
74.0334,4,74030847685,2502412,0
74.0359,1,74033386691,2502412,0
74.0386,1,74038482703,73000,1
74.0386,4,74038482703,73000,1
74.0411,4,74038625703,2502412,0
74.0465,1,74043998121,2502412,0
74.0492,1,74049166133,73000,1
74.0492,4,74049166133,73000,1
74.0547,4,74052163145,2502412,0
74.0572,3,74054720151,2502412,0
74.0623,1,74059780163,2502412,0
74.0649,1,74062363575,2502412,0
74.0674,4,74064893581,2502412,0
74.0699,4,74067422993,2502412,0
74.0725,3,74069952999,2502412,0
74.0775,4,74075040011,2502412,0
74.0801,1,74077633017,2502412,0
74.0827,4,74080163023,2502412,0
74.0852,3,74082702029,2502412,0
74.0853,3,74085231441,73000,1
74.0853,1,74085232035,73000,1
74.0855,3,74085393035,73000,1
74.0855,4,74085393035,73000,1
74.088,4,74085473035,2502412,0
74.093,3,74090542047,2502412,0
74.0956,1,74093108053,2502412,0
74.0981,4,74095638059,2502412,0
74.1036,3,74101049077,2502412,0
74.1037,3,74103632489,73000,1
74.1037,4,74103633083,73000,1
74.1037,1,74103633083,73000,1
74.109,3,74108898501,73000,1
74.109,1,74108898501,73000,1
74.1115,4,74109014501,2502412,0
74.1169,4,74114414513,2502412,0
74.1194,4,74116943925,2502412,0
74.122,2,74119482931,2502412,0
74.1245,2,74122039343,2502412,0
74.1296,4,74127108355,2502412,0
74.1322,4,74129664767,2502412,0
74.1347,2,74132239773,2502412,0
74.1349,4,74134787779,73000,1
74.1349,3,74134787779,73000,1
74.1374,4,74134903779,2502412,0
74.1399,2,74137433785,2502412,0
74.1425,4,74139981791,2502412,0
74.1479,2,74145381209,2502412,0
74.1505,1,74147965215,2502412,0
74.1509,4,74150828227,73000,1
74.1534,2,74150899227,2502412,0
74.1559,1,74153438233,2502412,0
74.1585,2,74155995239,2502412,0
74.1636,2,74161109251,2502412,0
74.1662,1,74163657257,2502412,0
74.1687,2,74166196263,2502412,0
74.1712,4,74168735269,2502412,0
74.1763,4,74173831281,2502412,0
74.1789,2,74176361287,2502412,0
74.1814,1,74178927293,2502412,0
74.1816,4,74181511299,73000,1
74.1841,1,74181582299,2502412,0
74.1866,2,74184112305,2502412,0
74.1891,3,74186642311,2502412,0
74.1917,2,74189172317,2502412,0
74.1942,1,74191729323,2502412,0
74.1993,1,74196843335,2502412,0
74.1994,2,74199373341,73000,1
74.1994,4,74199373341,73000,1
74.1995,1,74199444341,73000,1
74.1995,3,74199444341,73000,1
74.2021,4,74199596341,2502412,0
74.2023,3,74202206347,73000,1
74.2051,2,74202619353,2502412,0
74.2077,2,74205157765,2502412,0
74.2102,1,74207705771,2502412,0
74.2103,4,74210253777,73000,1
74.2129,2,74210360777,2502412,0
74.2154,3,74212899783,2502412,0
74.2183,2,74215751195,2502412,0
74.2208,1,74218281201,2502412,0
74.2233,2,74220847207,2502412,0
74.2284,2,74225907219,2502412,0
74.231,3,74228464225,2502412,0
74.2311,2,74231003231,73000,1
74.2311,1,74231003231,73000,1
74.2336,4,74231119231,2502412,0
74.2387,3,74236215243,2502412,0
74.2413,4,74238808249,2502412,0
74.2438,4,74241337661,2502412,0
74.2492,3,74246737079,2502412,0
74.2518,4,74249267085,2502412,0
74.2522,4,74252130097,73000,1
74.2522,2,74252130097,73000,1
74.2547,1,74252201097,2502412,0
74.2573,2,74254749103,2502412,0
74.2574,3,74257288109,73000,1
74.2599,3,74257377109,2502412,0
74.2624,4,74259934115,2502412,0
74.265,3,74262473121,2502412,0
74.2675,2,74265003127,2502412,0
74.27,1,74267533133,2502412,0
74.2726,1,74270098545,2502412,0
74.2777,4,74275194557,2502412,0
74.2802,3,74277742563,2502412,0
74.2803,1,74280272569,73000,1
74.2803,2,74280272569,73000,1
74.2828,3,74280343569,2502412,0
74.2854,2,74282891575,2502412,0
74.288,4,74285448581,2502412,0
74.2905,3,74287978587,2502412,0
74.2956,4,74293056599,2502412,0
74.2981,4,74295586011,2502412,0
74.3007,2,74298161017,2502412,0
74.3035,3,74301006029,2502412,0
74.3036,2,74303554035,73000,1
74.3036,4,74303554035,73000,1
74.3063,3,74306191041,73000,1
74.3063,1,74306191041,73000,1
74.3063,4,74306191041,73000,1
74.3088,3,74306316041,2502412,0
74.3114,3,74308863453,2502412,0
74.3165,3,74313995465,2502412,0
74.319,2,74316543471,2502412,0
74.3245,2,74321969889,2502412,0
74.327,3,74324508895,2502412,0
74.3295,3,74327038307,2502412,0
74.3321,1,74329586313,2502412,0
74.3322,1,74332133725,73000,1
74.3322,3,74332134319,73000,1
74.3322,2,74332134319,73000,1
74.3373,4,74334762325,2502412,0
74.3398,4,74337291737,2502412,0
74.3424,4,74339884149,2502412,0
74.3449,3,74342414155,2502412,0
74.35,4,74347492167,2502412,0
74.3532,3,74350677179,2502412,0
74.3557,2,74353216185,2502412,0
74.3582,4,74355746191,2502412,0
74.3608,4,74358275603,2502412,0
74.3609,4,74360823015,73000,1
74.3609,3,74360823609,73000,1
74.361,1,74360894609,73000,1
74.3635,2,74361046609,2502412,0
74.3661,3,74363621615,2502412,0
74.3688,3,74368690627,73000,1
74.3688,4,74368690627,73000,1
74.3713,2,74368761627,2502412,0
74.3739,2,74371363039,2502412,0
74.374,3,74373893045,73000,1
74.3765,3,74374018045,2502412,0
74.3791,2,74376557051,2502412,0
74.3842,2,74381680063,2502412,0
74.3867,2,74384209475,2502412,0
74.3892,1,74386739481,2502412,0
74.3918,3,74389269487,2502412,0
74.3943,1,74391808493,2502412,0
74.3968,2,74394338499,2502412,0
74.3969,1,74396868505,73000,1
74.3995,3,74396984505,2502412,0
74.4021,1,74399550511,2502412,0
74.4022,3,74402080517,73000,1
74.4022,2,74402080517,73000,1
74.405,1,74402484523,2502412,0
74.4075,4,74405014529,2502412,0
74.4076,1,74407544535,73000,1
74.4101,3,74407624535,2502412,0
74.4127,1,74410181541,2502412,0
74.4152,3,74412711547,2502412,0
74.4177,4,74415241553,2502412,0
74.4203,1,74417771559,2502412,0
74.4232,1,74420676971,2502412,0
74.4282,4,74425736983,2502412,0
74.4284,4,74428284395,73000,1
74.4284,3,74428284989,73000,1
74.4309,1,74428355989,2502412,0
74.431,2,74430894995,73000,1
74.431,3,74430894995,73000,1
74.4335,1,74431010995,2502412,0
74.4386,1,74436116007,2502412,0
74.4412,4,74438655013,2502412,0
74.4437,4,74441202425,2502412,0
74.4464,1,74446334437,73000,1
74.4464,2,74446334437,73000,1
74.4465,4,74446423437,73000,1
74.4465,1,74446423437,73000,1
74.449,3,74446494437,2502412,0
74.4515,3,74449032849,2502412,0
74.4523,4,74452226861,73000,1
74.4548,3,74452297861,2502412,0
74.4574,1,74454872867,2502412,0
74.4599,3,74457402873,2502412,0
74.4624,1,74459941879,2502412,0
74.465,3,74462498885,2502412,0
74.4701,1,74467567897,2502412,0
74.4727,3,74470169903,2502412,0
74.4752,2,74472717909,2502412,0
74.4753,2,74475256321,73000,1
74.4753,1,74475256915,73000,1
74.4804,4,74477857921,2502412,0
74.4829,3,74480396927,2502412,0
74.4854,4,74482926933,2502412,0
74.488,3,74485474939,2502412,0
74.4905,3,74488004351,2502412,0
74.4931,1,74490561357,2502412,0
74.4981,4,74495639369,2502412,0
74.5007,3,74498187375,2502412,0
74.5036,2,74501068387,2502412,0
74.5061,1,74503598393,2502412,0
74.5062,2,74506128399,73000,1
74.5062,3,74506128399,73000,1
74.5087,4,74506199399,2502412,0
74.5112,1,74508729405,2502412,0
74.5138,3,74511259411,2502412,0
74.5189,4,74516355423,2502412,0
74.5214,1,74518912429,2502412,0
74.524,3,74521460435,2502412,0
74.5268,1,74524329847,2502412,0
74.5294,4,74526895853,2502412,0
74.5295,2,74529434859,73000,1
74.532,3,74529505859,2502412,0
74.5345,3,74532035271,2502412,0
74.5347,3,74534591683,73000,1
74.5347,1,74534592277,73000,1
74.5372,4,74534699277,2502412,0
74.5397,1,74537229283,2502412,0
74.5399,4,74539786289,73000,1
74.5424,1,74539875289,2502412,0
74.5449,3,74542441295,2502412,0
74.5475,3,74544970707,2502412,0
74.55,1,74547500713,2502412,0
74.5554,3,74552920731,2502412,0
74.5583,4,74555763737,2502412,0
74.5608,1,74558293743,2502412,0
74.5633,1,74560823155,2502412,0
74.5659,4,74563353161,2502412,0
74.5684,4,74565891573,2502412,0
74.571,4,74568447985,2502412,0
74.5735,1,74570977991,2502412,0
74.5785,3,74576047003,2502412,0
74.5787,4,74578577009,73000,1
74.5787,2,74578577009,73000,1
74.5812,3,74578648009,2502412,0
74.5837,1,74581205015,2502412,0
74.5863,3,74583771021,2502412,0
74.5888,4,74586310027,2502412,0
74.5889,3,74588867033,73000,1
74.5889,1,74588867033,73000,1
74.594,3,74591504039,2502412,0
74.5966,4,74594061045,2502412,0
74.5992,3,74596663051,2502412,0
74.6017,1,74599193057,2502412,0
74.6047,3,74604577075,73000,1
74.6047,4,74604577075,73000,1
74.6072,1,74604693075,2502412,0
74.6098,3,74607250081,2502412,0
74.6148,1,74612346093,2502412,0
74.6174,4,74614912099,2502412,0
74.62,3,74617460105,2502412,0
74.6225,4,74619990111,2502412,0
74.6279,1,74625372123,2502412,0
74.6304,1,74627937535,2502412,0
74.633,4,74630485541,2502412,0
74.6355,3,74633033547,2502412,0
74.6381,4,74635563553,2502412,0
74.6406,1,74638093559,2502412,0
74.6457,1,74643162571,2502412,0
74.6482,4,74645719577,2502412,0
74.6508,3,74648258583,2502412,0
74.6512,3,74651139595,73000,1
74.6512,1,74651139595,73000,1
74.6563,4,74653776601,2502412,0
74.6591,2,74656646607,2502412,0
74.6617,2,74659239019,2502412,0
74.6619,4,74661778025,73000,1
74.6644,3,74661849025,2502412,0
74.6669,3,74664387437,2502412,0
74.6694,3,74666916849,2502412,0
74.672,1,74669464855,2502412,0
74.6745,2,74671994861,2502412,0
74.6796,2,74677090873,2502412,0
74.6797,1,74679620879,73000,1
74.6797,3,74679620879,73000,1
74.6798,2,74679727879,73000,1
74.6798,1,74679727879,73000,1
74.6823,4,74679807879,2502412,0
74.6874,4,74684921891,2502412,0
74.69,2,74687487897,2502412,0
74.6925,4,74690026903,2502412,0
74.6951,4,74692601315,2502412,0
74.6977,2,74697661327,73000,1
74.6977,3,74697661327,73000,1
74.7003,1,74697759327,2502412,0
74.7028,4,74700289333,2502412,0
74.7032,1,74703125345,73000,1
74.7032,2,74703125345,73000,1
74.7083,1,74705825351,2502412,0
74.7109,4,74708355357,2502412,0
74.7134,2,74710921363,2502412,0
74.716,4,74713460369,2502412,0
74.721,4,74718538381,2502412,0
74.7211,4,74721076793,73000,1
74.7212,1,74721077387,73000,1
74.7237,2,74721157387,2502412,0
74.7262,2,74723704799,2502412,0
74.7287,1,74726234805,2502412,0
74.7316,4,74729086217,2502412,0
74.7367,1,74734173229,2502412,0
74.7392,2,74736721235,2502412,0
74.7394,1,74739278241,73000,1
74.7394,3,74739278241,73000,1
74.7419,4,74739349241,2502412,0
74.7446,4,74744490253,73000,1
74.7446,2,74744490253,73000,1
74.7471,4,74744642253,2502412,0
74.7497,1,74747172259,2502412,0
74.7498,1,74749701671,73000,1
74.7523,2,74749782265,2502412,0
74.7552,1,74752654277,2502412,0
74.7577,4,74755184283,2502412,0
74.7602,2,74757723289,2502412,0
74.7656,4,74763114301,2502412,0
74.7682,3,74765671307,2502412,0
74.7707,1,74768210313,2502412,0
74.7733,2,74770749319,2502412,0
74.7734,1,74773279325,73000,1
74.7734,3,74773279325,73000,1
74.7734,4,74773279325,73000,1
74.7735,2,74773377325,73000,1
74.7735,4,74773377325,73000,1
74.7785,2,74776041331,2502412,0
74.7811,3,74778571337,2502412,0
74.7836,1,74781128343,2502412,0
74.7838,2,74783694349,73000,1
74.7863,3,74783765349,2502412,0
74.7888,1,74786304355,2502412,0
74.7913,2,74788834361,2502412,0
74.7939,2,74791390773,2502412,0
74.7964,1,74793920779,2502412,0
74.799,2,74796450785,2502412,0
74.7991,2,74798998197,73000,1
74.7991,1,74799069791,73000,1
74.7991,3,74799069791,73000,1
74.8017,4,74799239791,2502412,0
74.8043,3,74801769797,2502412,0
74.8071,4,74804614809,2502412,0
74.8072,4,74807153221,73000,1
74.8097,3,74807224815,2502412,0
74.8123,1,74809763821,2502412,0
74.8174,2,74814859833,2502412,0
74.8199,3,74817389839,2502412,0
74.8225,1,74819973845,2502412,0
74.825,3,74822512851,2502412,0
74.8301,2,74827590863,2502412,0
74.8329,4,74830433275,2502412,0
74.8355,2,74832972281,2502412,0
74.838,2,74835501693,2502412,0
74.8405,3,74838031699,2502412,0
74.8431,1,74840588705,2502412,0
74.8456,3,74843118711,2502412,0
74.8507,4,74848187723,2502412,0
74.8535,3,74851041735,2502412,0
74.8561,2,74853571741,2502412,0
74.8586,4,74856137747,2502412,0
74.8612,1,74858676753,2502412,0
74.864,4,74861528759,2502412,0
74.8666,2,74864058765,2502412,0
74.8691,4,74866588771,2502412,0
74.8716,3,74869118777,2502412,0
74.8742,1,74871648783,2502412,0
74.8792,4,74876735795,2502412,0
74.8818,1,74879301801,2502412,0
74.8819,4,74881840807,73000,1
74.8819,3,74881840807,73000,1
74.8819,2,74881840807,73000,1
74.8845,4,74881947807,2502412,0
74.887,4,74884477219,2502412,0
74.8895,1,74887007225,2502412,0
74.892,4,74889537231,2502412,0
74.8972,4,74894651243,2502412,0
74.8997,1,74897181249,2502412,0
74.9022,2,74899729255,2502412,0
74.9051,4,74902610267,2502412,0
74.9077,3,74905149273,2502412,0
74.9102,3,74907678685,2502412,0
74.9103,1,74910235691,73000,1
74.9128,3,74910306691,2502412,0
74.9153,2,74912836697,2502412,0
74.9179,3,74915375703,2502412,0
74.9204,4,74917941709,2502412,0
74.923,3,74920480715,2502412,0
74.9231,4,74923037721,73000,1
74.9231,2,74923037721,73000,1
74.9231,1,74923037721,73000,1
74.9256,3,74923117721,2502412,0
74.9283,3,74928249733,73000,1
74.9283,4,74928249733,73000,1
74.9309,3,74928356733,2502412,0
74.931,3,74930931145,73000,1
74.9335,2,74931002739,2502412,0
74.934,3,74933935151,73000,1
74.9365,2,74934024151,2502412,0
74.9391,1,74936599157,2502412,0
74.9442,2,74941677169,2502412,0
74.9467,3,74944234175,2502412,0
74.9468,2,74946773181,73000,1
74.9468,1,74946773181,73000,1
74.9469,4,74946862181,73000,1
74.9495,3,74946960181,2502412,0
74.952,1,74949508187,2502412,0
74.9549,1,74952362199,2502412,0
74.9599,2,74957440211,2502412,0
74.9625,1,74959970217,2502412,0
74.965,3,74962509223,2502412,0
74.9679,2,74965388229,2502412,0
74.968,3,74967954235,73000,1
74.968,1,74967954235,73000,1
74.9731,2,74970582241,2502412,0
74.9757,3,74973157247,2502412,0
74.9782,2,74975687253,2502412,0
74.9783,4,74978253259,73000,1
74.9808,1,74978342259,2502412,0
74.9834,2,74980872265,2502412,0
74.9859,1,74983402271,2502412,0
74.986,2,74985950277,73000,1
74.986,3,74985950277,73000,1
74.9911,1,74988614283,2502412,0
74.9937,1,74991206695,2502412,0
74.9988,1,74996284707,2502412,0
75.0013,1,74998814119,2502412,0
75.0014,2,75001362125,73000,1
75.0014,3,75001362125,73000,1
75.0015,1,75001469125,73000,1
75.0069,3,75004403137,2502412,0
75.0094,3,75006932549,2502412,0
75.012,1,75009498555,2502412,0
75.0171,2,75014603567,2502412,0
75.0196,3,75017142573,2502412,0
75.0222,2,75019672579,2502412,0
75.0223,3,75022211585,73000,1
75.0223,1,75022211585,73000,1
75.0248,2,75022291585,2502412,0
75.0249,2,75024856997,73000,1
75.0274,3,75024928591,2502412,0
75.03,2,75027458597,2502412,0
75.0325,3,75029997603,2502412,0
75.0351,2,75032599609,2502412,0
75.0355,3,75035460021,73000,1
75.0381,2,75035558021,2502412,0
75.0406,1,75038097027,2502412,0
75.0457,2,75043247039,2502412,0
75.0483,1,75045786045,2502412,0
75.0484,2,75048361051,73000,1
75.0484,3,75048361051,73000,1
75.0538,1,75051277063,2502412,0
75.059,1,75056454075,2502412,0
75.0615,2,75059020081,2502412,0
75.0666,1,75064125093,2502412,0
75.0695,1,75066968099,2502412,0
75.0746,2,75072082111,2502412,0
75.0771,1,75074621117,2502412,0
75.0798,2,75079753129,73000,1
75.0798,3,75079753129,73000,1
75.0823,1,75079842129,2502412,0
75.0849,1,75082380541,2502412,0
75.0874,3,75084928547,2502412,0
75.0926,3,75090060559,2502412,0
75.0951,1,75092590565,2502412,0
75.0952,1,75095119977,73000,1
75.0952,3,75095120571,73000,1
75.1003,1,75097757577,2502412,0
75.1004,2,75100296583,73000,1
75.1005,1,75100421583,73000,1
75.1034,2,75100925589,2502412,0
75.106,1,75103464595,2502412,0
75.1085,2,75106021601,2502412,0
75.1086,3,75108551607,73000,1
75.1111,4,75108640607,2502412,0
75.1137,1,75111179613,2502412,0
75.1162,2,75113709619,2502412,0
75.1187,2,75116239031,2502412,0
75.1213,2,75118777443,2502412,0
75.1264,4,75123882455,2502412,0
75.1289,1,75126439461,2502412,0
75.1315,2,75128969467,2502412,0
75.134,2,75131534879,2502412,0
75.1366,4,75134064885,2502412,0
75.1394,1,75136925297,2502412,0
75.1445,4,75141994309,2502412,0
75.147,2,75144524315,2502412,0
75.1496,4,75147072321,2502412,0
75.1521,1,75149611327,2502412,0
75.1522,1,75152149739,73000,1
75.1547,4,75152239333,2502412,0
75.1548,2,75154769339,73000,1
75.1548,3,75154769339,73000,1
75.1603,4,75157784351,2502412,0
75.1604,1,75160368357,73000,1
75.1604,2,75160368357,73000,1
75.1655,4,75163005363,2502412,0
75.168,1,75165535369,2502412,0
75.1709,1,75168414375,2502412,0
75.176,4,75173510387,2502412,0
75.1786,4,75176057799,2502412,0
75.1811,2,75178596805,2502412,0
75.1836,1,75181144811,2502412,0
75.1887,1,75186204823,2502412,0
75.1913,4,75188779829,2502412,0
75.1938,2,75191327835,2502412,0
75.1964,1,75193884841,2502412,0
75.199,2,75198971853,73000,1
75.199,4,75198971853,73000,1
75.2016,1,75199078853,2502412,0
75.2041,3,75201608859,2502412,0
75.2095,1,75207010877,2502412,0
75.2121,3,75209603883,2502412,0
75.2146,4,75212133889,2502412,0
75.2172,1,75214663895,2502412,0
75.2173,2,75217220901,73000,1
75.2174,1,75217291901,73000,1
75.2174,3,75217291901,73000,1
75.2199,2,75217362901,2502412,0
75.2224,3,75219892907,2502412,0
75.2249,2,75222440913,2502412,0
75.2275,4,75224997919,2502412,0
75.2326,3,75230093931,2502412,0
75.2351,2,75232623937,2502412,0
75.2353,3,75235216943,73000,1
75.2353,4,75235216943,73000,1
75.2378,2,75235287943,2502412,0
75.2432,1,75240705955,2502412,0
75.2458,1,75243262367,2502412,0
75.2483,1,75245818779,2502412,0
75.2509,2,75248348785,2502412,0
75.2563,3,75253768803,2502412,0
75.2588,4,75256316809,2502412,0
75.2589,3,75258873815,73000,1
75.2589,2,75258873815,73000,1
75.2589,1,75258873815,73000,1
75.2616,4,75261564821,73000,1
75.2616,1,75261564821,73000,1
75.2644,1,75264282827,73000,1
75.2644,3,75264371827,73000,1
75.2644,2,75264371827,73000,1
75.267,4,75264460827,2502412,0
75.2695,4,75266990239,2502412,0
75.272,4,75269519651,2502412,0
75.2751,4,75275009663,73000,1
75.2751,2,75275009663,73000,1
75.2827,3,75280239081,2502412,0
75.2878,3,75285344093,2502412,0
75.293,4,75290485105,2502412,0
75.2955,4,75293014517,2502412,0
75.2981,3,75295553523,2502412,0
75.2982,4,75298119529,73000,1
75.3007,3,75298235529,2502412,0
75.3033,3,75300773941,2502412,0
75.3061,4,75303627953,2502412,0
75.3062,4,75306166365,73000,1
75.3088,3,75306282959,2502412,0
75.3139,2,75311405971,2502412,0
75.314,2,75313971383,73000,1
75.314,3,75313971977,73000,1
75.3167,4,75316608983,73000,1
75.3167,3,75316608983,73000,1
75.3192,2,75316724983,2502412,0
75.3193,2,75319272395,73000,1
75.3245,1,75321990995,2502412,0
75.327,3,75324521001,2502412,0
75.3297,3,75329644013,73000,1
75.3297,1,75329644013,73000,1
75.3322,2,75329715013,2502412,0
75.3348,3,75332254019,2502412,0
75.3373,2,75334784025,2502412,0
75.3398,1,75337332031,2502412,0
75.3399,2,75339862037,73000,1
75.3399,4,75339862037,73000,1
75.3424,1,75339933037,2502412,0
75.3453,1,75342793449,2502412,0
75.3454,3,75345350455,73000,1
75.3454,2,75345350455,73000,1
75.3505,3,75348014461,2502412,0
75.3531,1,75350553467,2502412,0
75.3559,3,75353425479,2502412,0
75.3585,1,75355973485,2502412,0
75.3636,3,75361060497,2502412,0
75.3662,3,75363661909,2502412,0
75.3687,1,75366191915,2502412,0
75.3738,1,75371341927,2502412,0
75.3743,1,75374202933,73000,1
75.3743,3,75374202933,73000,1
75.3768,4,75374291933,2502412,0
75.3793,4,75376821345,2502412,0
75.3844,3,75381926357,2502412,0
75.387,2,75384465363,2502412,0
75.3895,4,75386995369,2502412,0
75.392,2,75389534375,2502412,0
75.3946,3,75392064381,2502412,0
75.3971,3,75394602793,2502412,0
75.3972,2,75397150799,73000,1
75.3997,1,75397239799,2502412,0
75.4023,3,75399769805,2502412,0
75.4024,4,75402299811,73000,1
75.4052,1,75402730817,2502412,0
75.4078,3,75405287823,2502412,0
75.4103,1,75407817829,2502412,0
75.4104,2,75410347835,73000,1
75.413,4,75410508835,2502412,0
75.4131,1,75413056841,73000,1
75.4131,3,75413056841,73000,1
75.4182,4,75415711847,2502412,0
75.4184,4,75418313259,73000,1
75.4209,3,75418429853,2502412,0
75.4235,2,75420959859,2502412,0
75.4285,1,75426046871,2502412,0
75.4311,1,75428576283,2502412,0
75.4312,3,75431106289,73000,1
75.4312,4,75431106289,73000,1
75.4337,1,75431213289,2502412,0
75.4362,4,75433743295,2502412,0
75.4388,4,75436272707,2502412,0
75.4389,3,75438802713,73000,1
75.4414,2,75438873713,2502412,0
75.444,4,75441448719,2502412,0
75.4468,1,75444291131,2502412,0
75.4493,1,75446820543,2502412,0
75.4519,1,75449349955,2502412,0
75.4544,4,75451879961,2502412,0
75.4545,2,75454409967,73000,1
75.4573,1,75454813973,2502412,0
75.4598,1,75457343385,2502412,0
75.4649,1,75462439397,2502412,0
75.4675,4,75464996403,2502412,0
75.47,4,75467525815,2502412,0
75.4726,2,75470064821,2502412,0
75.4751,4,75472594827,2502412,0
75.4779,4,75475437833,2502412,0
75.4805,1,75477976839,2502412,0
75.483,4,75480506845,2502412,0
75.4881,2,75485638857,2502412,0
75.4882,2,75488168269,73000,1
75.4882,3,75488168863,73000,1
75.4907,1,75488239863,2502412,0
75.4933,1,75490769275,2502412,0
75.4958,4,75493308281,2502412,0
75.4984,4,75495864693,2502412,0
75.5014,4,75501302711,73000,1
75.5014,1,75501302711,73000,1
75.5039,4,75501409711,2502412,0
75.5041,2,75504011717,73000,1
75.5041,3,75504011717,73000,1
75.5091,4,75506639723,2502412,0
75.5117,4,75509241135,2502412,0
75.5119,1,75511780141,73000,1
75.517,4,75514480147,2502412,0
75.5196,4,75517054559,2502412,0
75.5247,2,75522186571,2502412,0
75.5298,4,75527282583,2502412,0
75.5324,2,75529857589,2502412,0
75.5374,2,75534926601,2502412,0
75.54,4,75537465607,2502412,0
75.5401,4,75540067019,73000,1
75.5401,2,75540067613,73000,1
75.5401,3,75540067613,73000,1
75.5401,1,75540067613,73000,1
75.5453,2,75542785619,2502412,0
75.5478,2,75545324031,2502412,0
75.5536,4,75551065455,2502412,0
75.5561,2,75553595461,2502412,0
75.5586,4,75556134467,2502412,0
75.5612,2,75558682473,2502412,0
75.5613,4,75561212479,73000,1
75.5638,2,75561292479,2502412,0
75.5664,2,75563866891,2502412,0
75.5689,3,75566432897,2502412,0
75.5715,3,75568971309,2502412,0
75.5766,2,75574085321,2502412,0
75.5791,2,75576614733,2502412,0
75.5796,3,75579511739,73000,1
75.5821,4,75579582739,2502412,0
75.5847,2,75582148745,2502412,0
75.5848,2,75584687157,73000,1
75.5848,4,75584687751,73000,1
75.5899,4,75587351757,2502412,0
75.59,2,75589944763,73000,1
75.5925,4,75590042763,2502412,0
75.5951,3,75592590769,2502412,0
75.6002,3,75597695781,2502412,0
75.6027,3,75600225193,2502412,0
75.6056,4,75603088205,2502412,0
75.6107,4,75608175217,2502412,0
75.6132,3,75610714223,2502412,0
75.6158,3,75613252635,2502412,0
75.6183,4,75615800641,2502412,0
75.6208,1,75618339647,2502412,0
75.6259,3,75623417659,2502412,0
75.6285,3,75625974071,2502412,0
75.631,4,75628522077,2502412,0
75.6336,1,75631052083,2502412,0
75.6361,3,75633582089,2502412,0
75.6386,4,75636121095,2502412,0
75.6437,2,75641217107,2502412,0
75.6462,4,75643747113,2502412,0
75.6488,4,75646294525,2502412,0
75.6516,1,75649136937,2502412,0
75.6542,3,75651675943,2502412,0
75.657,2,75654529955,2502412,0
75.6621,1,75659634967,2502412,0
75.6647,4,75662164973,2502412,0
75.6648,4,75664703385,73000,1
75.6648,1,75664703979,73000,1
75.6673,3,75664774979,2502412,0
75.6698,2,75667322985,2502412,0
75.6724,1,75669852991,2502412,0
75.6749,3,75672427997,2502412,0
75.68,1,75677515009,2502412,0
75.6829,2,75680376015,2502412,0
75.6854,1,75682915021,2502412,0
75.6879,3,75685445027,2502412,0
75.6905,3,75687983439,2502412,0
75.6931,4,75690549445,2502412,0
75.6932,4,75693096857,73000,1
75.6932,3,75693097451,73000,1
75.6932,1,75693168451,73000,1
75.6932,2,75693168451,73000,1
75.6958,3,75693302451,2502412,0
75.6984,3,75695849863,2502412,0
75.7009,3,75698388275,2502412,0
75.7034,3,75700926687,2502412,0
75.7038,3,75703771699,73000,1
75.704,1,75703941699,73000,1
75.704,2,75703941699,73000,1
75.7065,4,75704012699,2502412,0
75.7116,4,75709108711,2502412,0
75.7141,4,75711638123,2502412,0
75.7193,4,75716761135,2502412,0
75.7218,4,75719290547,2502412,0
75.7243,3,75721820553,2502412,0
75.7269,2,75724395559,2502412,0
75.732,4,75729473571,2502412,0
75.7345,3,75732021577,2502412,0
75.7371,2,75734578583,2502412,0
75.7396,1,75737108589,2502412,0
75.7421,4,75739638595,2502412,0
75.7423,4,75742204007,73000,1
75.7448,3,75742311601,2502412,0
75.7449,2,75744841607,73000,1
75.7449,4,75744841607,73000,1
75.745,3,75744930607,73000,1
75.745,1,75744930607,73000,1
75.7475,3,75745019607,2502412,0
75.7501,3,75747567019,2502412,0
75.7558,2,75753255037,2502412,0
75.7583,4,75755830043,2502412,0
75.7609,3,75758378049,2502412,0
75.7634,4,75760908055,2502412,0
75.7659,3,75763438061,2502412,0
75.7685,2,75765968067,2502412,0
75.7736,3,75771064079,2502412,0
75.7761,1,75773594085,2502412,0
75.7787,2,75776151091,2502412,0
75.7812,4,75778699097,2502412,0
75.7837,4,75781237509,2502412,0
75.7842,2,75784089515,73000,1
75.7842,1,75784089515,73000,1
75.7867,3,75784169515,2502412,0
75.7868,3,75786698927,73000,1
75.7893,1,75786815521,2502412,0
75.7919,3,75789354527,2502412,0
75.7944,4,75791893533,2502412,0
75.7969,2,75794423539,2502412,0
75.797,4,75796962545,73000,1
75.797,1,75796962545,73000,1
75.7995,1,75797042545,2502412,0
75.8049,4,75802444563,2502412,0
75.8075,3,75804974569,2502412,0
75.81,2,75807513575,2502412,0
75.8126,1,75810052581,2502412,0
75.8151,1,75812635993,2502412,0
75.8177,4,75815165999,2502412,0
75.8178,1,75817714005,73000,1
75.8178,3,75817714005,73000,1
75.8203,2,75817794005,2502412,0
75.8229,4,75820378011,2502412,0
75.8255,2,75822953017,2502412,0
75.8256,2,75825500429,73000,1
75.8256,3,75825501023,73000,1
75.8282,4,75828111029,73000,1
75.8282,1,75828111029,73000,1
75.8308,4,75828272029,2502412,0
75.8358,4,75833341041,2502412,0
75.8384,1,75835871047,2502412,0
75.8409,1,75838427459,2502412,0
75.8435,2,75840966465,2502412,0
75.8436,4,75843523471,73000,1
75.8461,2,75843621471,2502412,0
75.8462,1,75846151477,73000,1
75.8462,3,75846151477,73000,1
75.8513,2,75848833483,2502412,0
75.8543,4,75851750495,2502412,0
75.8547,2,75854592907,73000,1
75.8572,1,75854744907,2502412,0
75.8598,4,75857274913,2502412,0
75.8624,4,75862343925,73000,1
75.8624,1,75862343925,73000,1
75.8624,2,75862343925,73000,1
75.8675,1,75865034931,2502412,0
75.8701,4,75867564937,2502412,0
75.8726,4,75870103349,2502412,0
75.8751,4,75872632761,2502412,0
75.8778,4,75877764773,73000,1
75.8778,1,75877764773,73000,1
75.8804,1,75877862773,2502412,0
75.8829,1,75880401185,2502412,0
75.8855,4,75882949191,2502412,0
75.8908,2,75888340203,2502412,0
75.8934,1,75890870209,2502412,0
75.8959,2,75893418215,2502412,0
75.8985,2,75895974627,2502412,0
75.901,4,75898522633,2502412,0
75.904,2,75903897651,73000,1
75.904,1,75903897651,73000,1
75.9065,4,75904013651,2502412,0
75.9091,4,75906552063,2502412,0
75.9116,1,75909109069,2502412,0
75.9141,4,75911639075,2502412,0
75.9192,4,75916726087,2502412,0
75.9193,4,75919264499,73000,1
75.9193,2,75919265093,73000,1
75.9195,1,75919390093,73000,1
75.9195,4,75919390093,73000,1
75.9246,3,75922072099,2502412,0
75.9297,3,75927186111,2502412,0
75.9348,1,75932327123,2502412,0
75.9374,3,75934884129,2502412,0
75.9399,2,75937432135,2502412,0
75.9426,3,75942492147,73000,1
75.9426,4,75942492147,73000,1
75.9451,3,75942565147,2502412,0
75.9476,1,75945104153,2502412,0
75.9502,1,75947660565,2502412,0
75.9503,2,75950190571,73000,1
75.9531,3,75950578577,2502412,0
75.9561,2,75956014589,73000,1
75.9561,1,75956014589,73000,1
75.9586,2,75956087589,2502412,0
75.9611,3,75958635595,2502412,0
75.9637,2,75961165601,2502412,0
75.9662,1,75963704607,2502412,0
75.9713,2,75968818619,2502412,0
75.9739,3,75971348625,2502412,0
75.9764,2,75973923631,2502412,0
75.9765,2,75976453043,73000,1
75.9765,1,75976453637,73000,1
75.979,3,75976524637,2502412,0
75.9842,2,75981665649,2502412,0
75.9867,3,75984204655,2502412,0
75.9893,1,75986761661,2502412,0
75.9923,3,75992179673,73000,1
75.9923,2,75992179673,73000,1
75.9948,1,75992286673,2502412,0
75.9973,3,75994825679,2502412,0
76.0024,1,75999921691,2502412,0
76.0053,2,76002766703,2502412,0
76.0078,3,76005323709,2502412,0
76.0105,3,76010410721,73000,1
76.0105,4,76010410721,73000,1
76.013,1,76010499721,2502412,0
76.0155,2,76013029727,2502412,0
76.0181,1,76015577733,2502412,0
76.0232,3,76020709745,2502412,0
76.0258,2,76023257751,2502412,0
76.0283,1,76025805757,2502412,0
76.0284,3,76028353763,73000,1
76.0309,2,76028424763,2502412,0
76.0335,2,76030954175,2502412,0
76.036,3,76033484181,2502412,0
76.0386,1,76036059187,2502412,0
76.0412,1,76041173199,73000,1
76.0412,3,76041173199,73000,1
76.0437,2,76041244199,2502412,0
76.0463,1,76043783205,2502412,0
76.0488,1,76046321617,2502412,0
76.0514,2,76048887623,2502412,0
76.0568,1,76054316641,2502412,0
76.0594,1,76056855053,2502412,0
76.0622,2,76059733465,2502412,0
76.0673,2,76064802477,2502412,0
76.0698,4,76067332483,2502412,0
76.0699,4,76069861895,73000,1
76.0699,3,76069862489,73000,1
76.0725,1,76069969489,2502412,0
76.075,2,76072499495,2502412,0
76.0775,4,76075029501,2502412,0
76.0826,4,76080107513,2502412,0
76.0851,2,76082637519,2502412,0
76.0877,4,76085167525,2502412,0
76.0902,2,76087706531,2502412,0
76.0931,1,76090558537,2502412,0
76.0956,2,76093097543,2502412,0
76.0981,3,76095645549,2502412,0
76.1007,1,76098175555,2502412,0
76.1061,4,76103568573,2502412,0
76.1062,4,76106115985,73000,1
76.1062,1,76106116579,73000,1
76.1062,2,76106116579,73000,1
76.1087,3,76106187579,2502412,0
76.1112,4,76108735585,2502412,0
76.1138,2,76111265591,2502412,0
76.1163,3,76113795597,2502412,0
76.1164,2,76116334603,73000,1
76.1164,4,76116334603,73000,1
76.1189,3,76116414603,2502412,0
76.1215,2,76118989609,2502412,0
76.1266,3,76124058621,2502412,0
76.1291,2,76126624627,2502412,0
76.1317,1,76129190633,2502412,0
76.1343,3,76131756639,2502412,0
76.1344,2,76134304645,73000,1
76.1344,4,76134304645,73000,1
76.1369,3,76134384645,2502412,0
76.1419,3,76139444657,2502412,0
76.1445,1,76141974663,2502412,0
76.147,1,76144504075,2502412,0
76.1495,1,76147033487,2502412,0
76.1521,2,76149563493,2502412,0
76.1549,4,76152444505,2502412,0
76.1575,3,76154992511,2502412,0
76.1576,3,76157521923,73000,1
76.1576,2,76157522517,73000,1
76.1601,1,76157593517,2502412,0
76.1655,4,76162975529,2502412,0
76.168,3,76165505535,2502412,0
76.1706,4,76168053541,2502412,0
76.1731,1,76170619547,2502412,0
76.1757,4,76173158553,2502412,0
76.1782,1,76175688559,2502412,0
76.1807,3,76178227565,2502412,0
76.1833,1,76180775571,2502412,0
76.1858,1,76183304983,2502412,0
76.1883,4,76185843989,2502412,0
76.1885,3,76188382995,73000,1
76.1885,2,76188382995,73000,1
76.1935,4,76191002001,2502412,0
76.1964,1,76193872007,2502412,0
76.1965,4,76196402013,73000,1
76.1965,2,76196402013,73000,1
76.199,3,76196482013,2502412,0
76.2016,1,76199093019,2502412,0
76.2041,1,76201622431,2502412,0
76.2095,3,76207015449,2502412,0
76.2121,4,76209626455,2502412,0
76.2147,1,76212156461,2502412,0
76.2172,1,76214703873,2502412,0
76.2197,3,76217242879,2502412,0
76.2223,4,76219772885,2502412,0
76.2274,3,76224859897,2502412,0
76.2299,4,76227416903,2502412,0
76.2325,1,76229973909,2502412,0
76.2326,3,76232548915,73000,1
76.2351,4,76232619915,2502412,0
76.2377,1,76235149921,2502412,0
76.2402,1,76237679333,2502412,0
76.2404,1,76240289745,73000,1
76.2404,4,76240290339,73000,1
76.2429,1,76240379339,2502412,0
76.243,1,76242962751,73000,1
76.243,3,76242963345,73000,1
76.2481,2,76245582351,2502412,0
76.2506,2,76248129763,2502412,0
76.2508,1,76250677769,73000,1
76.2508,4,76250766769,73000,1
76.2534,2,76250944769,2502412,0
76.2564,4,76253852781,2502412,0
76.2565,4,76256382193,73000,1
76.2565,2,76256382787,73000,1
76.2615,2,76259028793,2502412,0
76.2641,1,76261576799,2502412,0
76.2669,1,76264419211,2502412,0
76.2695,3,76266949217,2502412,0
76.2696,4,76269506223,73000,1
76.2721,2,76269577223,2502412,0
76.2746,3,76272134229,2502412,0
76.2772,1,76274709235,2502412,0
76.2773,2,76277266241,73000,1
76.2799,3,76277355241,2502412,0
76.2824,1,76279912247,2502412,0
76.2826,3,76282487253,73000,1
76.2851,2,76282558253,2502412,0
76.2902,1,76287672265,2502412,0
76.2927,3,76290211271,2502412,0
76.2952,2,76292741277,2502412,0
76.2957,1,76295602283,73000,1
76.2957,4,76295602283,73000,1
76.2983,2,76298257289,73000,1
76.2983,3,76298257289,73000,1
76.3038,3,76301254301,2502412,0
76.3063,2,76303829307,2502412,0
76.309,3,76308925319,73000,1
76.309,1,76308925319,73000,1
76.3115,2,76309041319,2502412,0
76.3167,3,76314200331,2502412,0
76.3192,2,76316730337,2502412,0
76.3243,1,76321808349,2502412,0
76.3245,3,76324410355,73000,1
76.327,2,76324490355,2502412,0
76.3295,1,76327047361,2502412,0
76.3321,2,76329595367,2502412,0
76.3322,2,76332124779,73000,1
76.3347,2,76332197779,2502412,0
76.3372,2,76334736191,2502412,0
76.3398,2,76337292603,2502412,0
76.3423,1,76339840609,2502412,0
76.3474,4,76344918621,2502412,0
76.35,1,76347448627,2502412,0
76.3525,3,76349987633,2502412,0
76.3554,2,76352868645,2502412,0
76.3579,4,76355407651,2502412,0
76.3604,1,76357937657,2502412,0
76.3605,2,76360476663,73000,1
76.3631,1,76360565663,2502412,0
76.3656,3,76363095669,2502412,0
76.3685,3,76365965081,2502412,0
76.371,4,76368504087,2502412,0
76.3735,1,76371034093,2502412,0
76.3761,4,76373564099,2502412,0
76.3762,4,76376147511,73000,1
76.3787,3,76376228105,2502412,0
76.3813,4,76378758111,2502412,0
76.3838,2,76381315117,2502412,0
76.3863,1,76383845123,2502412,0
76.3889,4,76386393129,2502412,0
76.3915,2,76388950135,2502412,0
76.394,3,76391480141,2502412,0
76.3941,3,76394018553,73000,1
76.3966,3,76394091553,2502412,0
76.3994,4,76396934559,2502412,0
76.3996,2,76399491565,73000,1
76.3996,1,76399491565,73000,1
76.3996,4,76399562565,73000,1
76.3996,1,76399564565,73000,1
76.405,3,76402543577,2502412,0
76.4076,3,76405081989,2502412,0
76.4102,4,76407665995,2502412,0
76.4152,4,76412726007,2502412,0
76.4178,3,76415265013,2502412,0
76.4203,3,76417812425,2502412,0
76.4204,4,76420360431,73000,1
76.4204,2,76420360431,73000,1
76.4229,1,76420431431,2502412,0
76.4255,3,76422961437,2502412,0
76.428,3,76425490849,2502412,0
76.4281,1,76428038855,73000,1
76.4307,3,76428217855,2502412,0
76.4333,3,76430765267,2502412,0
76.4384,1,76435870279,2502412,0
76.4409,4,76438418285,2502412,0
76.4435,3,76440948291,2502412,0
76.446,3,76443477703,2502412,0
76.4511,1,76448618715,2502412,0
76.454,4,76451463727,2502412,0
76.4565,3,76453993733,2502412,0
76.459,1,76456523739,2502412,0
76.4591,1,76459071151,73000,1
76.4592,3,76459160745,73000,1
76.4592,2,76459160745,73000,1
76.4618,4,76459249745,2502412,0
76.4643,3,76461833751,2502412,0
76.4645,4,76464381757,73000,1
76.467,3,76464488757,2502412,0
76.4696,3,76467054169,2502412,0
76.47,1,76469914581,73000,1
76.4725,3,76470021581,2502412,0
76.4726,4,76472551587,73000,1
76.4751,3,76472622587,2502412,0
76.4802,3,76477700599,2502412,0
76.4828,3,76480248011,2502412,0
76.4829,3,76482786423,73000,1
76.4829,1,76482787017,73000,1
76.488,2,76485451023,2502412,0
76.4905,3,76488017029,2502412,0
76.4956,2,76493113041,2502412,0
76.4982,3,76495697047,2502412,0
76.5039,2,76501429471,2502412,0
76.5065,3,76503959477,2502412,0
76.509,2,76506489483,2502412,0
76.5115,4,76509046489,2502412,0
76.5116,4,76511575901,73000,1
76.5116,3,76511576495,73000,1
76.5142,1,76511674495,2502412,0
76.5167,4,76514213501,2502412,0
76.5192,2,76516743507,2502412,0
76.5218,4,76519273513,2502412,0
76.5245,2,76524414525,73000,1
76.5245,1,76524414525,73000,1
76.5246,4,76524512525,73000,1
76.5246,3,76524512525,73000,1
76.5273,2,76527239531,73000,1
76.5273,4,76527239531,73000,1
76.5273,3,76527239531,73000,1
76.5324,1,76529912537,2502412,0
76.5375,1,76535035549,2502412,0
76.5401,1,76537582961,2502412,0
76.5426,1,76540112373,2502412,0
76.5477,2,76545190385,2502412,0
76.5502,2,76547719797,2502412,0
76.5531,3,76550609809,2502412,0
76.5532,1,76553148815,73000,1
76.5557,2,76553246815,2502412,0
76.5583,3,76555776821,2502412,0
76.5609,2,76558378827,2502412,0
76.561,2,76560908239,73000,1
76.5635,4,76560979833,2502412,0
76.5636,4,76563509245,73000,1
76.5636,1,76563509839,73000,1
76.5661,3,76563607839,2502412,0
76.5687,2,76566155845,2502412,0
76.5741,3,76571609857,2502412,0
76.5767,2,76574175863,2502412,0
76.5768,4,76576723869,73000,1
76.5793,2,76576812869,2502412,0
76.5819,3,76579360875,2502412,0
76.587,2,76584474887,2502412,0
76.5895,3,76587022893,2502412,0
76.5921,1,76589597899,2502412,0
76.5972,1,76594675911,2502412,0
76.5997,2,76597205917,2502412,0
76.5998,1,76599744923,73000,1
76.5998,3,76599744923,73000,1
76.6024,2,76599860923,2502412,0
76.6081,4,76605611941,2502412,0
76.6107,2,76608150947,2502412,0
76.6158,2,76613264959,2502412,0
76.6183,3,76615794965,2502412,0
76.6208,4,76618324971,2502412,0
76.6234,1,76620863977,2502412,0
76.6259,2,76623393983,2502412,0
76.631,4,76628489995,2502412,0
76.6335,3,76631038001,2502412,0
76.6361,2,76633577007,2502412,0
76.6386,1,76636107013,2502412,0
76.6412,4,76638655019,2502412,0
76.6413,4,76641202431,73000,1
76.6413,2,76641203025,73000,1
76.6463,3,76643831031,2502412,0
76.6489,3,76646360443,2502412,0
76.649,1,76648890449,73000,1
76.649,2,76648890449,73000,1
76.6515,1,76649015449,2502412,0
76.6544,3,76651860461,2502412,0
76.6569,4,76654399467,2502412,0
76.657,3,76656938473,73000,1
76.6595,4,76657027473,2502412,0
76.6621,1,76659584479,2502412,0
76.6622,1,76662122891,73000,1
76.6622,4,76662123485,73000,1
76.6622,3,76662123485,73000,1
76.6674,4,76664850491,2502412,0
76.6699,2,76667398497,2502412,0
76.6729,4,76672807509,73000,1
76.6729,1,76672807509,73000,1
76.6754,4,76672932509,2502412,0
76.678,2,76675462515,2502412,0
76.683,2,76680540527,2502412,0
76.6856,4,76683133533,2502412,0
76.6882,1,76685663539,2502412,0
76.6933,2,76690759551,2502412,0
76.6958,2,76693288963,2502412,0
76.6983,3,76695827969,2502412,0
76.7009,3,76698375381,2502412,0
76.7034,4,76700905387,2502412,0
76.706,1,76703506393,2502412,0
76.7089,2,76706376399,2502412,0
76.7117,1,76709230411,2502412,0
76.7143,2,76711787417,2502412,0
76.7144,1,76714317423,73000,1
76.7144,4,76714317423,73000,1
76.7169,3,76714388423,2502412,0
76.722,3,76719511435,2502412,0
76.7246,4,76722059441,2502412,0
76.7271,2,76724598447,2502412,0
76.7297,3,76727155453,2502412,0
76.7348,2,76732269465,2502412,0
76.7349,4,76734808471,73000,1
76.7349,1,76734808471,73000,1
76.7374,1,76734888471,2502412,0
76.7399,1,76737435883,2502412,0
76.74,2,76739965889,73000,1
76.74,3,76739965889,73000,1
76.7401,2,76740038889,73000,1
76.7401,3,76740038889,73000,1
76.7426,4,76740136889,2502412,0
76.7452,1,76742666895,2502412,0
76.7477,4,76745214901,2502412,0
76.7479,1,76747807907,73000,1
76.7504,1,76747896907,2502412,0
76.7533,4,76750759919,2502412,0
76.7558,4,76753289331,2502412,0
76.7583,2,76755828337,2502412,0
76.7634,4,76760906349,2502412,0
76.7659,2,76763445355,2502412,0
76.7685,1,76765984361,2502412,0
76.771,1,76768531773,2502412,0
76.7712,1,76771115185,73000,1
76.7713,4,76771195779,73000,1
76.7713,3,76771195779,73000,1
76.7738,2,76771266779,2502412,0
76.7792,1,76776738791,2502412,0
76.7793,1,76779268203,73000,1
76.7793,2,76779268797,73000,1
76.7819,1,76779348797,2502412,0
76.7844,2,76781887803,2502412,0
76.7871,1,76786992815,73000,1
76.7871,4,76786992815,73000,1
76.7896,2,76787117815,2502412,0
76.7948,2,76792249827,2502412,0
76.7973,4,76794806833,2502412,0
76.7999,2,76797363839,2502412,0
76.8049,2,76802432851,2502412,0
76.8078,1,76805295863,2502412,0
76.8107,4,76808165869,2502412,0
76.8132,2,76810695875,2502412,0
76.8183,4,76815800887,2502412,0
76.8184,2,76818330893,73000,1
76.8184,1,76818330893,73000,1
76.8235,3,76821012899,2502412,0
76.8261,4,76823551905,2502412,0
76.8286,3,76826081911,2502412,0
76.8311,2,76828629917,2502412,0
76.8362,1,76833743929,2502412,0
76.8388,4,76836273935,2502412,0
76.8389,2,76838821941,73000,1
76.8389,3,76838821941,73000,1
76.8414,1,76838910941,2502412,0
76.8439,3,76841440947,2502412,0
76.844,3,76843970359,73000,1
76.844,2,76843970953,73000,1
76.8441,1,76844050953,73000,1
76.8466,4,76844130953,2502412,0
76.8493,4,76846750365,2502412,0
76.8494,4,76849288777,73000,1
76.8494,1,76849289371,73000,1
76.8495,3,76849378371,73000,1
76.852,2,76849521371,2502412,0
76.8575,2,76854977389,2502412,0
76.8626,4,76860091401,2502412,0
76.8651,2,76862639407,2502412,0
76.8653,4,76865187413,73000,1
76.8678,2,76865285413,2502412,0
76.8729,1,76870417425,2502412,0
76.8755,2,76872974431,2502412,0
76.878,2,76875512843,2502412,0
76.8784,2,76878364255,73000,1
76.881,1,76878453255,2502412,0
76.8835,3,76881010261,2502412,0
76.8861,4,76883549267,2502412,0
76.8886,4,76886087679,2502412,0
76.8911,1,76888617685,2502412,0
76.8912,1,76891147097,73000,1
76.8912,3,76891147691,73000,1
76.8913,4,76891272691,73000,1
76.8913,2,76891272691,73000,1
76.8964,3,76893945697,2502412,0
76.899,4,76896538703,2502412,0
76.9041,1,76901598715,2502412,0
76.907,3,76904470727,2502412,0
76.9071,4,76907045733,73000,1
76.9096,1,76907116733,2502412,0
76.9125,3,76910004739,2502412,0
76.915,2,76912534745,2502412,0
76.9176,1,76915064751,2502412,0
76.9227,3,76920169763,2502412,0
76.9228,3,76922708175,73000,1
76.9228,1,76922708769,73000,1
76.9253,2,76922788769,2502412,0
76.9278,4,76925327775,2502412,0
76.933,2,76930486787,2502412,0
76.9355,4,76933034793,2502412,0
76.9381,1,76935564799,2502412,0
76.9406,3,76938094805,2502412,0
76.9457,2,76943172817,2502412,0
76.9482,4,76945702823,2502412,0
76.9507,2,76948232829,2502412,0
76.9508,1,76950762835,73000,1
76.9513,2,76951177841,73000,1
76.9513,4,76951177841,73000,1
76.9513,3,76951248841,73000,1
76.9513,4,76951250841,73000,1
76.9538,3,76951321841,2502412,0
76.9566,3,76956498853,73000,1
76.9566,2,76956498853,73000,1
76.9566,1,76956498853,73000,1
76.9617,3,76959216859,2502412,0
76.9643,4,76961755865,2502412,0
76.9668,4,76964285277,2502412,0
76.9669,4,76966814689,73000,1
76.9694,3,76966931283,2502412,0
76.9746,3,76972099295,2502412,0
76.9797,3,76977177307,2502412,0
76.9825,4,76980046719,2502412,0
76.9877,4,76985178731,2502412,0
76.9902,3,76987717737,2502412,0
76.9928,1,76990265743,2502412,0
76.9953,2,76992795749,2502412,0
77.0004,4,76997873761,2502412,0
77.0032,1,77000709773,2502412,0
77.0033,1,77003275185,73000,1
77.0033,3,77003275779,73000,1
77.0059,3,77003373779,2502412,0
77.0084,2,77005903785,2502412,0
77.0085,2,77008433197,73000,1
77.0085,4,77008433791,73000,1
77.0111,4,77008567791,2502412,0
77.0139,4,77011410797,2502412,0
77.0165,3,77013976803,2502412,0
77.019,4,77016506809,2502412,0
77.0241,4,77021611821,2502412,0
77.0266,1,77024141827,2502412,0
77.0292,3,77026698833,2502412,0
77.0317,1,77029237839,2502412,0
77.0343,2,77031767845,2502412,0
77.0394,3,77036854857,2502412,0
77.0419,4,77039384863,2502412,0
77.042,3,77041914869,73000,1
77.042,2,77041914869,73000,1
77.042,1,77041914869,73000,1
77.0445,4,77041985869,2502412,0
77.047,4,77044515281,2502412,0
77.0496,2,77047054287,2502412,0
77.0521,2,77049583699,2502412,0
77.0546,4,77052113705,2502412,0
77.0575,4,77054949717,2502412,0
77.0625,3,77060027729,2502412,0
77.0651,3,77062575141,2502412,0
77.0676,2,77065114147,2502412,0
77.0702,1,77067653153,2502412,0
77.0727,4,77070183159,2502412,0
77.0752,4,77072721571,2502412,0
77.0778,3,77075251577,2502412,0
77.0803,3,77077780989,2502412,0
77.0828,3,77080310401,2502412,0
77.0857,1,77083170813,2502412,0
77.0882,2,77085718819,2502412,0
77.0933,1,77090796831,2502412,0
77.0958,4,77093335837,2502412,0
77.096,1,77095883843,73000,1
77.096,2,77095883843,73000,1
77.096,3,77095883843,73000,1
77.0985,1,77095990843,2502412,0
77.101,4,77098520849,2502412,0
77.1036,2,77101050855,2502412,0
77.1065,1,77103958867,2502412,0
77.109,4,77106488873,2502412,0
77.1141,2,77111584885,2502412,0
77.1169,2,77114427891,2502412,0
77.117,4,77116957897,73000,1
77.117,3,77116957897,73000,1
77.1196,1,77117055897,2502412,0
77.1197,1,77119639309,73000,1
77.1197,2,77119639903,73000,1
77.1248,4,77122294909,2502412,0
77.1274,2,77124851915,2502412,0
77.1299,4,77127408921,2502412,0
77.1325,1,77129947927,2502412,0
77.1375,3,77135025939,2502412,0
77.1401,2,77137564945,2502412,0
77.1426,2,77140112357,2502412,0
77.1452,4,77142651363,2502412,0
77.1477,1,77145181369,2502412,0
77.1502,3,77147711375,2502412,0
77.1503,1,77150250381,73000,1
77.1503,2,77150250381,73000,1
77.1554,3,77152851387,2502412,0
77.1582,4,77155732399,2502412,0
77.1608,3,77158271405,2502412,0
77.1633,1,77160810411,2502412,0
77.1659,3,77163376417,2502412,0
77.171,4,77168454429,2502412,0
77.1735,1,77171038435,2502412,0
77.1736,1,77173576847,73000,1
77.1737,4,77173577441,73000,1
77.1737,3,77173577441,73000,1
77.1762,2,77173648441,2502412,0
77.1787,3,77176187447,2502412,0
77.1812,2,77178744453,2502412,0
77.1839,2,77183831465,73000,1
77.1839,4,77183831465,73000,1
77.1864,1,77183902465,2502412,0
77.1893,3,77186789877,2502412,0
77.1919,1,77189364883,2502412,0
77.1969,2,77194433895,2502412,0
77.1995,1,77196972901,2502412,0
77.1996,1,77199502313,73000,1
77.1996,3,77199502907,73000,1
77.2021,2,77199609907,2502412,0
77.2051,2,77205011925,73000,1
77.2051,1,77205011925,73000,1
77.2077,2,77205163925,2502412,0
77.2102,4,77207720931,2502412,0
77.2153,1,77212789943,2502412,0
77.2178,3,77215319949,2502412,0
77.2183,1,77218198955,73000,1
77.2183,2,77218198955,73000,1
77.2208,1,77218271955,2502412,0
77.2233,3,77220801961,2502412,0
77.2234,3,77223349373,73000,1
77.2259,4,77223429967,2502412,0
77.2285,1,77226031973,2502412,0
77.2336,4,77231127985,2502412,0
77.2362,2,77233684991,2502412,0
77.2387,3,77236223997,2502412,0
77.2388,2,77238754003,73000,1
77.2388,1,77238754003,73000,1
77.2413,4,77238825003,2502412,0
77.2465,2,77243948015,2502412,0
77.249,3,77246487021,2502412,0
77.2515,4,77249017027,2502412,0
77.254,1,77251547033,2502412,0
77.2569,2,77254383045,2502412,0
77.2594,2,77256912457,2502412,0
77.2595,2,77259468869,73000,1
77.2621,3,77259549463,2502412,0
77.2646,1,77262097469,2502412,0
77.2671,4,77264636475,2502412,0
77.2697,3,77267175481,2502412,0
77.2723,1,77269750487,2502412,0
77.2773,2,77274828499,2502412,0
77.2799,4,77277376505,2502412,0
77.2824,3,77279915511,2502412,0
77.285,1,77282481517,2502412,0
77.2904,2,77287890529,2502412,0
77.2929,4,77290429535,2502412,0
77.2955,1,77292959541,2502412,0
77.298,1,77295488953,2502412,0
77.3005,3,77298018959,2502412,0
77.3006,4,77300548965,73000,1
77.3007,2,77300664965,73000,1
77.3033,3,77303274971,73000,1
77.3033,1,77303274971,73000,1
77.3062,2,77303687977,2502412,0
77.3087,4,77306235983,2502412,0
77.3113,2,77308783989,2502412,0
77.3138,3,77311313995,2502412,0
77.3163,4,77313844001,2502412,0
77.3189,2,77316401007,2502412,0
77.3219,4,77321801019,73000,1
77.3219,3,77321801019,73000,1
77.3244,1,77321890019,2502412,0
77.3269,2,77324429025,2502412,0
77.3295,4,77326959031,2502412,0
77.332,1,77329507037,2502412,0
77.3322,4,77332082043,73000,1
77.3347,2,77332189043,2502412,0
77.3348,2,77334727455,73000,1
77.3348,1,77334728049,73000,1
77.3373,3,77334817049,2502412,0
77.3375,2,77337392055,73000,1
77.34,3,77337544055,2502412,0
77.3402,1,77340092061,73000,1
77.3427,4,77340163061,2502412,0
77.3428,3,77342711067,73000,1
77.3479,4,77345384073,2502412,0
77.348,2,77347923079,73000,1
77.3506,4,77348048079,2502412,0
77.3559,4,77353432097,2502412,0
77.3585,3,77356007103,2502412,0
77.3636,3,77361094115,2502412,0
77.3661,4,77363624121,2502412,0
77.3687,4,77366162533,2502412,0
77.3738,3,77371276545,2502412,0
77.3763,4,77373806551,2502412,0
77.3788,4,77376344963,2502412,0
77.3814,1,77378874969,2502412,0
77.3839,3,77381413975,2502412,0
77.3891,1,77386554987,2502412,0
77.3916,4,77389093993,2502412,0
77.3944,3,77391945405,2502412,0
77.3946,3,77394528817,73000,1
77.3971,1,77394600411,2502412,0
77.3972,1,77397165823,73000,1
77.3972,4,77397166417,73000,1
77.4023,3,77399821423,2502412,0
77.4054,3,77405304441,73000,1
77.4054,4,77405304441,73000,1
77.4079,1,77405411441,2502412,0
77.4104,1,77407940853,2502412,0
77.4155,1,77413045865,2502412,0
77.4207,1,77418177877,2502412,0
77.4236,1,77421047883,2502412,0
77.4261,3,77423577889,2502412,0
77.4286,1,77426107895,2502412,0
77.4287,1,77428646307,73000,1
77.4312,1,77428719307,2502412,0
77.4338,3,77431258313,2502412,0
77.4363,2,77433815319,2502412,0
77.4389,1,77436354325,2502412,0
77.4414,3,77438902331,2502412,0
77.4415,1,77441441337,73000,1
77.4415,2,77441441337,73000,1
77.4416,1,77441514337,73000,1
77.4442,3,77441675337,2502412,0
77.4467,2,77444223343,2502412,0
77.4493,4,77446753349,2502412,0
77.4518,4,77449291761,2502412,0
77.4547,2,77454675779,73000,1
77.4547,3,77454675779,73000,1
77.4573,2,77454764779,2502412,0
77.4598,2,77457312191,2502412,0
77.4624,3,77459860197,2502412,0
77.4649,2,77462390203,2502412,0
77.465,4,77464929209,73000,1
77.4675,2,77465018209,2502412,0
77.4701,3,77467566215,2502412,0
77.4726,2,77470141221,2502412,0
77.4777,3,77475246233,2502412,0
77.4803,4,77477830239,2502412,0
77.4829,2,77480360245,2502412,0
77.483,2,77482889657,73000,1
77.483,3,77482890251,73000,1
77.4855,1,77482970251,2502412,0
77.4906,1,77488066263,2502412,0
77.4931,4,77490605269,2502412,0
77.496,1,77493465681,2502412,0
77.4985,4,77495995687,2502412,0
77.501,2,77498534693,2502412,0
77.5011,1,77501064699,73000,1
77.5012,1,77501144699,73000,1
77.5013,3,77501233699,73000,1
77.5041,4,77501637705,2502412,0
77.5067,4,77504167117,2502412,0
77.5092,2,77506715123,2502412,0
77.5094,4,77509299129,73000,1
77.5119,2,77509397129,2502412,0
77.5144,1,77511945135,2502412,0
77.517,2,77514529141,2502412,0
77.5171,4,77517068147,73000,1
77.5196,3,77517139147,2502412,0
77.5197,2,77519669153,73000,1
77.5197,1,77519669153,73000,1
77.5223,3,77519758153,2502412,0
77.5276,1,77525130571,2502412,0
77.5302,2,77527678577,2502412,0
77.5327,3,77530235583,2502412,0
77.5328,3,77532773995,73000,1
77.5328,2,77532774589,73000,1
77.5379,3,77535402595,2502412,0
77.5404,1,77537941601,2502412,0
77.543,1,77540471013,2502412,0
77.5455,3,77543019019,2502412,0
77.5506,1,77548133031,2502412,0
77.5535,2,77551014043,2502412,0
77.556,3,77553544049,2502412,0
77.5586,2,77556074055,2502412,0
77.5637,1,77561188067,2502412,0
77.5662,3,77563727073,2502412,0
77.5663,3,77566256485,73000,1
77.5663,2,77566257079,73000,1
77.5689,4,77566364079,2502412,0
77.5714,3,77568921085,2502412,0
77.5715,1,77571451091,73000,1
77.574,3,77571522091,2502412,0
77.5741,4,77574052097,73000,1
77.5741,2,77574052097,73000,1
77.5767,3,77574159097,2502412,0
77.5792,1,77576716103,2502412,0
77.5818,4,77579255109,2502412,0
77.5843,3,77581785115,2502412,0
77.5894,4,77586872127,2502412,0
77.5895,3,77589438133,73000,1
77.5895,1,77589438133,73000,1
77.592,4,77589518133,2502412,0
77.5946,4,77592092545,2502412,0
77.6,2,77597509963,2502412,0
77.6029,4,77600372975,2502412,0
77.603,4,77602947387,73000,1
77.6055,1,77603045981,2502412,0
77.6081,2,77605575987,2502412,0
77.6082,3,77608114993,73000,1
77.6082,4,77608114993,73000,1
77.6133,1,77610787999,2502412,0
77.6158,2,77613318005,2502412,0
77.616,2,77615901417,73000,1
77.616,1,77615902011,73000,1
77.6185,3,77615991011,2502412,0
77.621,2,77618530017,2502412,0
77.6236,2,77621059429,2502412,0
77.629,3,77626476847,2502412,0
77.6315,2,77629006853,2502412,0
77.6341,3,77631590859,2502412,0
77.6342,2,77634147865,73000,1
77.6367,1,77634227865,2502412,0
77.6393,1,77636766277,2502412,0
77.6418,4,77639296283,2502412,0
77.6444,3,77641880289,2502412,0
77.6495,2,77646976301,2502412,0
77.6496,4,77649506307,73000,1
77.6496,1,77649506307,73000,1
77.6521,2,77649604307,2502412,0
77.6549,4,77652440319,2502412,0
77.6575,2,77654988325,2502412,0
77.6576,3,77657518331,73000,1
77.6601,4,77657625331,2502412,0
77.6627,2,77660191337,2502412,0
77.6678,3,77665314349,2502412,0
77.6704,4,77667853355,2502412,0
77.6729,1,77670383361,2502412,0
77.6754,2,77672913367,2502412,0
77.6779,3,77675443373,2502412,0
77.6805,4,77677982379,2502412,0
77.6806,1,77680521385,73000,1
77.6831,1,77680637385,2502412,0
77.6832,4,77683167391,73000,1
77.6832,3,77683167391,73000,1
77.6832,2,77683167391,73000,1
77.6857,1,77683247391,2502412,0
77.6859,1,77685848803,73000,1
77.6884,2,77685938397,2502412,0
77.691,1,77688504403,2502412,0
77.6935,2,77691034409,2502412,0
77.6963,4,77696184421,73000,1
77.6963,3,77696184421,73000,1
77.6963,2,77696273421,73000,1
77.6963,1,77696273421,73000,1
77.7017,4,77699205427,2502412,0
77.7018,1,77701744433,73000,1
77.7072,4,77704716445,2502412,0
77.7098,2,77707264451,2502412,0
77.7123,2,77709838863,2502412,0
77.7149,2,77712368275,2502412,0
77.7199,4,77717437287,2502412,0
77.7225,1,77720003293,2502412,0
77.7251,2,77722560299,2502412,0
77.7276,2,77725089711,2502412,0
77.7301,4,77727619717,2502412,0
77.733,2,77730462723,2502412,0
77.7355,1,77732992729,2502412,0
77.7356,1,77735522141,73000,1
77.7356,3,77735522735,73000,1
77.7381,4,77735620735,2502412,0
77.7407,4,77738195147,2502412,0
77.7432,3,77740725153,2502412,0
77.7458,3,77743263565,2502412,0
77.7483,2,77745793571,2502412,0
77.7508,1,77748332577,2502412,0
77.7534,2,77750862583,2502412,0
77.7587,4,77756237601,2502412,0
77.7588,2,77758767607,73000,1
77.7588,3,77758767607,73000,1
77.7613,3,77758840607,2502412,0
77.7639,1,77761370613,2502412,0
77.764,3,77763909619,73000,1
77.764,4,77763909619,73000,1
77.7665,1,77763998619,2502412,0
77.7691,3,77766555625,2502412,0
77.7692,3,77769103037,73000,1
77.7692,2,77769103631,73000,1
77.7717,4,77769183631,2502412,0
77.7718,4,77771713043,73000,1
77.7719,1,77771811637,73000,1
77.7719,4,77771811637,73000,1
77.7744,3,77771891637,2502412,0
77.7769,4,77774421643,2502412,0
77.7795,4,77776951055,2502412,0
77.782,3,77779490061,2502412,0
77.7846,4,77782092067,2502412,0
77.7871,3,77784631073,2502412,0
77.7922,4,77789700085,2502412,0
77.7948,4,77792256497,2502412,0
77.7973,2,77794786503,2502412,0
77.7998,4,77797334509,2502412,0
77.8006,3,77800500927,73000,1
77.8006,1,77800500927,73000,1
77.8031,4,77800589927,2502412,0
77.8056,2,77803119933,2502412,0
77.8107,2,77808206945,2502412,0
77.8132,2,77810745357,2502412,0
77.8158,4,77813284363,2502412,0
77.8183,2,77815823369,2502412,0
77.8209,2,77818433781,2502412,0
77.8235,3,77820963787,2502412,0
77.8285,3,77826023799,2502412,0
77.8311,4,77828553805,2502412,0
77.8339,3,77831414811,2502412,0
77.8365,2,77833998817,2502412,0
77.8366,3,77836537823,73000,1
77.8366,1,77836537823,73000,1
77.8391,2,77836608823,2502412,0
77.8416,4,77839138829,2502412,0
77.8467,4,77844216841,2502412,0
77.8493,2,77846764847,2502412,0
77.8495,2,77849402259,73000,1
77.8495,4,77849402853,73000,1
77.8545,3,77852003859,2502412,0
77.8574,1,77854875871,2502412,0
77.8625,3,77859998883,2502412,0
77.8651,1,77862555889,2502412,0
77.8652,1,77865103301,73000,1
77.8652,4,77865103895,73000,1
77.8677,1,77865176301,2502412,0
77.8728,2,77870254313,2502412,0
77.8753,3,77872793319,2502412,0
77.8778,3,77875331731,2502412,0
77.8804,1,77877888737,2502412,0
77.8855,2,77882984749,2502412,0
77.888,4,77885532755,2502412,0
77.8881,2,77888062761,73000,1
77.8881,1,77888062761,73000,1
77.8906,3,77888133761,2502412,0
77.8932,3,77890663173,2502412,0
77.8957,1,77893211179,2502412,0
77.8982,4,77895741185,2502412,0
77.9008,3,77898289191,2502412,0
77.9065,4,77903995209,2502412,0
77.909,4,77906542621,2502412,0
77.9116,1,77909072627,2502412,0
77.9117,1,77911611039,73000,1
77.9117,4,77911611633,73000,1
77.9142,4,77911684633,2502412,0
77.9167,3,77914214639,2502412,0
77.9193,3,77916780051,2502412,0
77.9218,2,77919319057,2502412,0
77.9269,4,77924397069,2502412,0
77.927,4,77926962481,73000,1
77.927,3,77926963075,73000,1
77.9296,1,77927052075,2502412,0
77.9321,2,77929591081,2502412,0
77.9346,2,77932120493,2502412,0
77.9375,4,77935008499,2502412,0
77.9426,1,77940104511,2502412,0
77.9451,4,77942634517,2502412,0
77.9477,2,77945164523,2502412,0
77.9503,4,77947757529,2502412,0
77.9528,2,77950287535,2502412,0
77.9529,1,77952817541,73000,1
77.9529,3,77952817541,73000,1
77.9583,2,77955769553,2502412,0
77.9608,4,77958299559,2502412,0
77.9633,4,77960846971,2502412,0
77.9685,2,77965978983,2502412,0
77.971,4,77968526989,2502412,0
77.9736,4,77971056401,2502412,0
77.9761,3,77973586407,2502412,0
77.9786,2,77976116413,2502412,0
77.9811,3,77978646419,2502412,0
77.9812,4,77981176425,73000,1
77.9812,1,77981176425,73000,1
77.9838,3,77981256425,2502412,0
77.9889,2,77986352437,2502412,0
77.9914,2,77988899849,2502412,0
77.994,3,77991447855,2502412,0
77.9965,4,77994031861,2502412,0
77.9966,4,77996570273,73000,1
77.9966,3,77996570867,73000,1
77.9991,2,77996641867,2502412,0
78.0017,3,77999180873,2502412,0
78.0018,2,78001710879,73000,1
78.0018,4,78001710879,73000,1
78.0043,2,78001799879,2502412,0
78.0075,3,78004993297,2502412,0
78.01,3,78007531709,2502412,0
78.0126,2,78010061715,2502412,0
78.0151,3,78012591721,2502412,0
78.0177,1,78015148727,2502412,0
78.0203,1,78020271739,73000,1
78.0203,3,78020271739,73000,1
78.0203,2,78020271739,73000,1
78.0255,1,78022998745,2502412,0
78.0282,1,78028112757,73000,1
78.0282,3,78028112757,73000,1
78.0307,2,78028192757,2502412,0
78.0358,4,78033297769,2502412,0
78.0387,2,78036203775,2502412,0
78.0412,4,78038742781,2502412,0
78.0464,1,78043856793,2502412,0
78.0489,2,78046386799,2502412,0
78.049,4,78048952805,73000,1
78.0515,1,78049023805,2502412,0
78.0544,2,78051913817,2502412,0
78.0545,1,78054443823,73000,1
78.0545,3,78054443823,73000,1
78.057,2,78054514823,2502412,0
78.0621,2,78059619835,2502412,0
78.0647,1,78062221841,2502412,0
78.0673,2,78064751847,2502412,0
78.0723,1,78069820859,2502412,0
78.0724,2,78072359865,73000,1
78.0724,4,78072359865,73000,1
78.075,2,78072484865,2502412,0
78.0801,1,78077580877,2502412,0
78.0826,2,78080110883,2502412,0
78.0852,1,78082667889,2502412,0
78.0853,2,78085224895,73000,1
78.0879,2,78085367895,2502412,0
78.0904,1,78087906901,2502412,0
78.0955,2,78092993913,2502412,0
78.098,1,78095532919,2502412,0
78.1006,2,78098089925,2502412,0
78.101,1,78100925937,73000,1
78.101,3,78100925937,73000,1
78.1061,2,78103562943,2502412,0
78.1089,4,78106432355,2502412,0
78.1091,4,78109015767,73000,1
78.1091,2,78109016361,73000,1
78.1116,4,78109114361,2502412,0
78.1118,1,78111707367,73000,1
78.1118,2,78111707367,73000,1
78.1143,4,78111823367,2502412,0
78.1169,4,78114361779,2502412,0
78.122,4,78119466791,2502412,0
78.1245,4,78121996203,2502412,0
78.127,4,78124525615,2502412,0
78.1322,1,78129684627,2502412,0
78.1347,4,78132232633,2502412,0
78.1373,2,78134762639,2502412,0
78.1374,1,78137292645,73000,1
78.1399,1,78137372645,2502412,0
78.1427,4,78140215651,2502412,0
78.1452,3,78142745657,2502412,0
78.1478,2,78145284663,2502412,0
78.1503,4,78147814669,2502412,0
78.1532,2,78150650681,2502412,0
78.1557,1,78153189687,2502412,0
78.1582,2,78155719693,2502412,0
78.1633,3,78160797705,2502412,0
78.1658,3,78163327117,2502412,0
78.1684,1,78165866123,2502412,0
78.1709,2,78168423129,2502412,0
78.171,3,78170953135,73000,1
78.171,4,78170953135,73000,1
78.1712,1,78171114135,73000,1
78.1737,2,78171203135,2502412,0
78.1738,3,78173742141,73000,1
78.1738,4,78173742141,73000,1
78.1764,2,78173867141,2502412,0
78.1815,1,78178972153,2502412,0
78.184,2,78181547159,2502412,0
78.1866,4,78184095165,2502412,0
78.1867,4,78186624577,73000,1
78.1867,2,78186625171,73000,1
78.1867,1,78186625171,73000,1
78.1892,3,78186696171,2502412,0
78.1918,3,78189306583,2502412,0
78.1943,2,78191836589,2502412,0
78.1994,2,78196905601,2502412,0
78.202,2,78199498013,2502412,0
78.2024,3,78202343025,73000,1
78.2024,1,78202343025,73000,1
78.205,2,78204962031,73000,1
78.205,4,78204962031,73000,1
78.2102,2,78207671037,2502412,0
78.213,4,78210540449,2502412,0
78.2132,3,78213079455,73000,1
78.2133,4,78213186455,73000,1
78.2133,2,78213186455,73000,1
78.2184,1,78215850461,2502412,0
78.2185,4,78218443467,73000,1
78.221,1,78218541467,2502412,0
78.2236,1,78221079879,2502412,0
78.2263,1,78226202891,73000,1
78.2263,2,78226202891,73000,1
78.2314,1,78228866897,2502412,0
78.2315,1,78231423309,73000,1
78.2315,3,78231423903,73000,1
78.2366,1,78234096909,2502412,0
78.2417,2,78239210921,2502412,0
78.2446,2,78242071927,2502412,0
78.2447,1,78244637933,73000,1
78.2472,4,78244744933,2502412,0
78.2498,2,78247274939,2502412,0
78.2552,3,78252712957,2502412,0
78.2578,2,78255251963,2502412,0
78.2603,4,78257781969,2502412,0
78.2604,2,78260311975,73000,1
78.2604,3,78260311975,73000,1
78.2629,2,78260384975,2502412,0
78.263,2,78262932387,73000,1
78.2655,3,78263003981,2502412,0
78.2681,4,78265551987,2502412,0
78.2706,1,78268108993,2502412,0
78.2732,3,78270647999,2502412,0
78.2757,1,78273196005,2502412,0
78.2782,2,78275726011,2502412,0
78.2808,4,78278274017,2502412,0
78.2858,4,78283343029,2502412,0
78.2884,4,78285872441,2502412,0
78.2909,3,78288411447,2502412,0
78.2934,1,78290941453,2502412,0
78.296,2,78293489459,2502412,0
78.2985,1,78296037465,2502412,0
78.3011,2,78298576471,2502412,0
78.3036,4,78301106477,2502412,0
78.3064,1,78303942489,2502412,0
78.309,4,78306472495,2502412,0
78.3119,4,78311863507,73000,1
78.3119,3,78311863507,73000,1
78.3144,2,78311934507,2502412,0
78.317,1,78314545513,2502412,0
78.3196,2,78317075519,2502412,0
78.3197,2,78319631931,73000,1
78.3197,1,78319632525,73000,1
78.3197,3,78319632525,73000,1
78.3222,2,78319721525,2502412,0
78.3248,4,78322251531,2502412,0
78.3299,4,78327365543,2502412,0
78.3324,4,78329903955,2502412,0
78.3349,4,78332433367,2502412,0
78.3375,2,78334963373,2502412,0
78.34,2,78337492785,2502412,0
78.3425,1,78340031791,2502412,0
78.3454,3,78342883797,2502412,0
78.3481,2,78347979809,73000,1
78.3481,4,78347979809,73000,1
78.3506,1,78348050809,2502412,0
78.3531,1,78350580221,2502412,0
78.3559,3,78353434233,2502412,0
78.3585,1,78356018239,2502412,0
78.3611,3,78358557245,2502412,0
78.3661,4,78363635257,2502412,0
78.3687,1,78366228263,2502412,0
78.3713,4,78368758269,2502412,0
78.3738,3,78371297275,2502412,0
78.3763,2,78373836281,2502412,0
78.3789,4,78376366287,2502412,0
78.379,3,78378905293,73000,1
78.379,1,78378905293,73000,1
78.3791,4,78378985293,73000,1
78.3816,2,78379083293,2502412,0
78.3841,2,78381621705,2502412,0
78.3867,1,78384169711,2502412,0
78.3892,1,78386735123,2502412,0
78.3918,2,78389265129,2502412,0
78.3943,2,78391803541,2502412,0
78.397,1,78396899553,73000,1
78.397,3,78396899553,73000,1
78.3971,2,78397015553,73000,1
78.3971,4,78397015553,73000,1
78.3996,3,78397140553,2502412,0
78.4051,1,78402596571,2502412,0
78.4102,3,78407665583,2502412,0
78.4103,1,78410231589,73000,1
78.4103,2,78410231589,73000,1
78.4154,3,78412877595,2502412,0
78.4182,1,78415747007,2502412,0
78.4184,3,78418331013,73000,1
78.4209,1,78418420013,2502412,0
78.4235,4,78420950019,2502412,0
78.4236,4,78423479431,73000,1
78.4236,2,78423480025,73000,1
78.4261,2,78423560025,2502412,0
78.4262,4,78426126031,73000,1
78.4287,2,78426215031,2502412,0
78.4312,1,78428745037,2502412,0
78.4338,1,78431301449,2502412,0
78.4363,3,78433831455,2502412,0
78.4389,2,78436397461,2502412,0
78.4415,3,78441475473,73000,1
78.4415,1,78441475473,73000,1
78.4441,1,78441555473,2502412,0
78.4466,1,78444084885,2502412,0
78.4495,2,78446954891,2502412,0
78.452,2,78449484303,2502412,0
78.4548,3,78452329315,2502412,0
78.4599,1,78457416327,2502412,0
78.4625,1,78459972739,2502412,0
78.4626,3,78462529745,73000,1
78.4626,2,78462529745,73000,1
78.4651,4,78462636745,2502412,0
78.4677,4,78465175157,2502412,0
78.4727,1,78470235169,2502412,0
78.4753,3,78472792175,2502412,0
78.4778,1,78475322181,2502412,0
78.4804,1,78477860593,2502412,0
78.4805,3,78480426599,73000,1
78.4805,4,78480426599,73000,1
78.483,1,78480506599,2502412,0
78.4831,3,78483036605,73000,1
78.4857,2,78483152605,2502412,0
78.4882,3,78485700611,2502412,0
78.4907,4,78488230617,2502412,0
78.4933,1,78490760623,2502412,0
78.4934,3,78493299629,73000,1
78.4934,2,78493299629,73000,1
78.4935,4,78493406629,73000,1
78.4936,1,78493486629,73000,1
78.4936,3,78493486629,73000,1
78.4961,1,78493584629,2502412,0
78.4987,1,78496159041,2502412,0
78.4988,1,78498688453,73000,1
78.4988,4,78498689047,73000,1
78.5013,2,78498760047,2502412,0
78.5017,2,78501605059,73000,1
78.5042,3,78501694059,2502412,0
78.5067,3,78504241471,2502412,0
78.5118,3,78509337483,2502412,0
78.5144,1,78511885489,2502412,0
78.5146,3,78514478495,73000,1
78.5171,1,78514549495,2502412,0
78.5199,2,78517418907,2502412,0
78.5225,1,78519957913,2502412,0
78.5226,4,78522487919,73000,1
78.5226,3,78522487919,73000,1
78.5276,2,78525124925,2502412,0
78.5302,1,78527654931,2502412,0
78.5328,3,78530247937,2502412,0
78.5353,1,78532786943,2502412,0
78.5354,2,78535325949,73000,1
78.5379,1,78535423949,2502412,0
78.5405,4,78537962955,2502412,0
78.543,2,78540492961,2502412,0
78.5455,3,78543022967,2502412,0
78.5481,1,78545552973,2502412,0
78.5509,2,78548422979,2502412,0
78.5514,2,78551374991,73000,1
78.5514,4,78551374991,73000,1
78.554,3,78551463991,2502412,0
78.5565,1,78553993997,2502412,0
78.5591,2,78556569003,2502412,0
78.5616,3,78559099009,2502412,0
78.5667,1,78564213021,2502412,0
78.5668,3,78566770027,73000,1
78.5668,2,78566770027,73000,1
78.5694,4,78566886027,2502412,0
78.5719,1,78569416033,2502412,0
78.577,1,78574503045,2502412,0
78.5796,4,78577078051,2502412,0
78.5821,3,78579626057,2502412,0
78.5847,1,78582156063,2502412,0
78.5897,4,78587216075,2502412,0
78.5923,4,78589790487,2502412,0
78.5924,3,78592329493,73000,1
78.5924,2,78592329493,73000,1
78.5949,4,78592418493,2502412,0
78.595,4,78594947905,73000,1
78.595,1,78594948499,73000,1
78.5951,1,78595028499,73000,1
78.5977,4,78595171499,2502412,0
78.6002,3,78597746505,2502412,0
78.6029,3,78602806517,73000,1
78.6057,2,78603219523,2502412,0
78.6083,4,78605749529,2502412,0
78.6108,4,78608278941,2502412,0
78.6133,2,78610808947,2502412,0
78.6185,4,78615949959,2502412,0
78.6213,2,78618819371,2502412,0
78.6239,3,78621358377,2502412,0
78.6264,2,78623897383,2502412,0
78.6289,3,78626427389,2502412,0
78.634,4,78631487401,2502412,0
78.6342,4,78634106813,73000,1
78.6342,2,78634107407,73000,1
78.6343,3,78634178407,73000,1
78.6343,4,78634179813,73000,1
78.6393,1,78636807819,2502412,0
78.6419,3,78639355825,2502412,0
78.6444,1,78641885831,2502412,0
78.6469,3,78644415837,2502412,0
78.6499,3,78649869255,73000,1
78.6499,1,78649869255,73000,1
78.6525,3,78649994255,2502412,0
78.6526,2,78652524261,73000,1
78.6556,3,78653080267,2502412,0
78.6607,4,78658194279,2502412,0
78.6632,1,78660733285,2502412,0
78.6634,3,78663281291,73000,1
78.6635,1,78663379291,73000,1
78.6635,4,78663379291,73000,1
78.6686,1,78666052297,2502412,0
78.6711,1,78668581709,2502412,0
78.6712,1,78671111121,73000,1
78.6712,2,78671111715,73000,1
78.6737,4,78671218715,2502412,0
78.6738,4,78673748127,73000,1
78.6739,1,78673855721,73000,1
78.6739,3,78673855721,73000,1
78.6765,1,78673953721,2502412,0
78.6816,1,78679085733,2502412,0
78.6867,1,78684217745,2502412,0
78.6893,4,78686765751,2502412,0
78.6918,3,78689295757,2502412,0
78.6943,4,78691843763,2502412,0
78.6994,1,78696912775,2502412,0
78.702,3,78699460781,2502412,0
78.7045,3,78701990193,2502412,0
78.7074,4,78704853205,2502412,0
78.7075,3,78707410211,73000,1
78.7075,1,78707410211,73000,1
78.7125,4,78710020217,2502412,0
78.7151,4,78712630629,2502412,0
78.7177,2,78715178635,2502412,0
78.7228,3,78720265647,2502412,0
78.7256,4,78723108059,2502412,0
78.7281,1,78725638065,2502412,0
78.7307,2,78728195071,2502412,0
78.7308,1,78730725077,73000,1
78.7308,4,78730725077,73000,1
78.7309,2,78730805077,73000,1
78.7334,3,78730885077,2502412,0
78.736,3,78733486489,2502412,0
78.7385,2,78736034495,2502412,0
78.7436,3,78741112507,2502412,0
78.7462,3,78743659919,2502412,0
78.7487,4,78746225925,2502412,0
78.7513,2,78748755931,2502412,0
78.7538,3,78751285937,2502412,0
78.7542,1,78754128943,73000,1
78.7567,2,78754199943,2502412,0
78.7592,4,78756738949,2502412,0
78.7621,2,78759583961,2502412,0
78.7647,2,78762158373,2502412,0
78.7672,3,78764697379,2502412,0
78.7697,4,78767227385,2502412,0
78.7698,3,78769766391,73000,1
78.7724,2,78769873391,2502412,0
78.775,2,78772456803,2502412,0
78.7751,3,78774995809,73000,1
78.7751,4,78774995809,73000,1
78.7777,1,78777641815,73000,1
78.7777,4,78777641815,73000,1
78.7802,2,78777730815,2502412,0
78.7828,4,78780269821,2502412,0
78.7829,4,78782844233,73000,1
78.7854,2,78782924827,2502412,0
78.7856,2,78785535239,73000,1
78.7856,1,78785535833,73000,1
78.7907,2,78788190839,2502412,0
78.7934,2,78793295851,73000,1
78.7934,4,78793295851,73000,1
78.7985,3,78795959857,2502412,0
78.7986,2,78798561863,73000,1
78.8012,3,78798686863,2502412,0
78.8013,3,78801216275,73000,1
78.8039,2,78801412869,2502412,0
78.8094,2,78806877887,2502412,0
78.8145,4,78811973899,2502412,0
78.817,2,78814503905,2502412,0
78.8196,3,78817051911,2502412,0
78.8197,2,78819599917,73000,1
78.8222,3,78819670917,2502412,0
78.8247,4,78822200923,2502412,0
78.8276,3,78825097335,2502412,0
78.8327,4,78830220347,2502412,0
78.8353,3,78832750353,2502412,0
78.8378,2,78835316359,2502412,0
78.8429,3,78840421371,2502412,0
78.8455,4,78842960377,2502412,0
78.848,2,78845508383,2502412,0
78.8481,2,78848037795,73000,1
78.8481,4,78848038389,73000,1
78.8535,2,78850963401,2502412,0
78.856,3,78853538407,2502412,0
78.8589,2,78856417413,2502412,0
78.8616,3,78861531425,73000,1
78.8616,1,78861531425,73000,1
78.8641,3,78861629425,2502412,0
78.8667,4,78864159431,2502412,0
78.8717,2,78869228443,2502412,0
78.8743,4,78871785449,2502412,0
78.8768,3,78874324455,2502412,0
78.8794,2,78876854461,2502412,0
78.8819,3,78879402467,2502412,0
78.887,2,78884480479,2502412,0
78.8895,2,78887036891,2502412,0
78.8921,4,78889566897,2502412,0
78.8946,4,78892132309,2502412,0
78.8972,3,78894662315,2502412,0
78.9022,2,78899740327,2502412,0
78.9051,4,78902603339,2502412,0
78.9052,4,78905159751,73000,1
78.9052,2,78905160345,73000,1
78.9077,3,78905240345,2502412,0
78.9129,2,78910381357,2502412,0
78.9154,3,78912938363,2502412,0
78.918,4,78915495369,2502412,0
78.9231,2,78920591381,2502412,0
78.9256,3,78923139387,2502412,0
78.9286,2,78928556805,73000,1
78.9286,4,78928556805,73000,1
78.9312,3,78928663805,2502412,0
78.9337,1,78931193811,2502412,0
78.9362,3,78933732817,2502412,0
78.9388,2,78936262823,2502412,0
78.9438,2,78941331835,2502412,0
78.944,2,78943915247,73000,1
78.944,1,78943915841,73000,1
78.9465,3,78944022841,2502412,0
78.9491,4,78946552847,2502412,0
78.9545,2,78951999865,2502412,0
78.957,4,78954538871,2502412,0
78.9599,3,78957390877,2502412,0
78.9624,1,78959920883,2502412,0
78.9651,3,78964998895,73000,1
78.9651,4,78964998895,73000,1
78.9676,1,78965087895,2502412,0
78.9701,1,78967626307,2502412,0
78.9727,2,78970165313,2502412,0
78.9752,3,78972713319,2502412,0
78.9777,3,78975242731,2502412,0
78.9829,1,78980347743,2502412,0
78.9854,2,78982895749,2502412,0
78.9879,4,78985434755,2502412,0
78.9905,3,78987964761,2502412,0
78.993,3,78990494173,2502412,0
78.9955,1,78993042179,2502412,0
78.9981,4,78995572185,2502412,0
79.0007,2,79000659197,73000,1
79.0032,3,79000730197,2502412,0
79.0061,3,79003620209,2502412,0
79.0087,1,79006150215,2502412,0
79.0112,4,79008689221,2502412,0
79.0137,3,79011228227,2502412,0
79.0188,1,79016342239,2502412,0
79.0214,4,79018872245,2502412,0
79.024,3,79021456251,2502412,0
79.0265,2,79023995257,2502412,0
79.0266,1,79026552263,73000,1
79.0291,4,79026623263,2502412,0
79.032,3,79029465675,2502412,0
79.0321,4,79032004681,73000,1
79.0321,2,79032004681,73000,1
79.0346,3,79032084681,2502412,0
79.0371,1,79034623687,2502412,0
79.0397,3,79037171693,2502412,0
79.0398,1,79039710699,73000,1
79.0398,2,79039710699,73000,1
79.0448,1,79042329705,2502412,0
79.0474,4,79044868711,2502412,0
79.0499,4,79047425123,2502412,0
79.0525,1,79049955129,2502412,0
79.0553,3,79052809141,2502412,0
79.0578,1,79055339147,2502412,0
79.0604,4,79057905153,2502412,0
79.0658,1,79063278165,2502412,0
79.0683,3,79065808171,2502412,0
79.0684,3,79068364583,73000,1
79.0684,4,79068365177,73000,1
79.0709,4,79068438177,2502412,0
79.0735,1,79071022183,2502412,0
79.0761,1,79073551595,2502412,0
79.0812,4,79078665607,2502412,0
79.0837,4,79081204019,2502412,0
79.0863,1,79083752025,2502412,0
79.0888,1,79086290437,2502412,0
79.0913,1,79088837849,2502412,0
79.0939,3,79091367855,2502412,0
79.094,4,79093906861,73000,1
79.094,2,79093906861,73000,1
79.099,1,79096516867,2502412,0
79.1016,3,79099136873,2502412,0
79.1045,1,79101999885,2502412,0
79.1046,3,79104538891,73000,1
79.1071,4,79104636891,2502412,0
79.1098,1,79107247897,2502412,0
79.1148,4,79112307909,2502412,0
79.1173,1,79114837915,2502412,0
79.1199,1,79117376327,2502412,0
79.1224,4,79119915333,2502412,0
79.125,3,79122481339,2502412,0
79.1276,4,79127568351,73000,1
79.1276,1,79127568351,73000,1
79.1302,1,79127702351,2502412,0
79.1331,3,79130553763,2502412,0
79.1357,1,79135649775,73000,1
79.1357,4,79135649775,73000,1
79.1382,3,79135729775,2502412,0
79.1408,1,79138295781,2502412,0
79.1459,3,79143391793,2502412,0
79.146,3,79145930205,73000,1
79.146,1,79145930799,73000,1
79.154,4,79151538223,2502412,0
79.1566,1,79154068229,2502412,0
79.1591,4,79156616235,2502412,0
79.1616,1,79159146241,2502412,0
79.1621,2,79161989247,73000,1
79.1646,3,79162060247,2502412,0
79.1671,1,79164626253,2502412,0
79.1672,3,79167165259,73000,1
79.1672,4,79167165259,73000,1
79.1723,4,79169847265,2502412,0
79.1749,1,79172395271,2502412,0
79.1774,1,79174942683,2502412,0
79.1776,1,79177490095,73000,1
79.1801,1,79177570689,2502412,0
79.1802,4,79180127695,73000,1
79.1802,3,79180127695,73000,1
79.1853,1,79182800701,2502412,0
79.1905,1,79187959713,2502412,0
79.193,4,79190498719,2502412,0
79.1931,1,79193055725,73000,1
79.1932,4,79193171725,73000,1
79.1932,3,79193171725,73000,1
79.1983,4,79195844731,2502412,0
79.2009,4,79198383143,2502412,0
79.2034,1,79200913149,2502412,0
79.2089,1,79206351167,2502412,0
79.2114,4,79208899173,2502412,0
79.2165,1,79213977185,2502412,0
79.219,4,79216516191,2502412,0
79.2216,4,79219054603,2502412,0
79.2241,4,79221611015,2502412,0
79.2292,1,79226698027,2502412,0
79.2317,1,79229236439,2502412,0
79.2343,4,79231829445,2502412,0
79.2348,1,79234689857,73000,1
79.2373,4,79234787857,2502412,0
79.2398,4,79237326269,2502412,0
79.245,4,79242476281,2502412,0
79.2475,4,79245014693,2502412,0
79.2501,4,79247553105,2502412,0
79.2502,1,79250101111,73000,1
79.2527,4,79250181111,2502412,0
79.2532,4,79253107123,73000,1
79.2557,2,79253187123,2502412,0
79.2582,2,79255716535,2502412,0
79.2584,2,79258308947,73000,1
79.2584,1,79258309541,73000,1
79.2661,4,79263547959,2502412,0
79.2665,3,79266417965,73000,1
79.2665,2,79266417965,73000,1
79.2715,4,79269045971,2502412,0
79.2741,4,79271575383,2502412,0
79.2792,4,79276725395,2502412,0
79.2818,2,79279327401,2502412,0
79.2819,1,79281857407,73000,1
79.2844,4,79281928407,2502412,0
79.287,4,79284466819,2502412,0
79.2871,2,79286996825,73000,1
79.2871,1,79286996825,73000,1
79.2896,4,79287121825,2502412,0
79.2947,4,79292217837,2502412,0
79.2973,2,79294765843,2502412,0
79.2998,4,79297331849,2502412,0
79.3025,2,79302400861,73000,1
79.3053,4,79302824867,2502412,0
79.3079,2,79305372873,2502412,0
79.3104,2,79307911285,2502412,0
79.3105,4,79310441291,73000,1
79.3131,2,79310602291,2502412,0
79.3182,2,79315725303,2502412,0
79.3208,2,79318263715,2502412,0
79.3233,4,79320811721,2502412,0
79.3284,4,79325907733,2502412,0
79.331,2,79328491739,2502412,0
79.3361,2,79333551751,2502412,0
79.3365,2,79336412163,73000,1
79.3365,4,79336412163,73000,1
79.339,4,79336510163,2502412,0
79.3391,4,79339066575,73000,1
79.3393,4,79339246169,73000,1
79.3444,2,79341928175,2502412,0
79.347,4,79344485181,2502412,0
79.3495,4,79347023593,2502412,0
79.3496,2,79349553599,73000,1
79.3521,4,79349624599,2502412,0
79.355,4,79352478611,2502412,0
79.3552,4,79355080023,73000,1
79.3603,3,79357798623,2502412,0
79.3628,2,79360337629,2502412,0
79.3654,4,79362876635,2502412,0
79.3708,2,79368276053,2502412,0
79.3709,4,79370842059,73000,1
79.3709,3,79370842059,73000,1
79.371,2,79370958059,73000,1
79.3735,3,79371038059,2502412,0
79.3761,4,79373604065,2502412,0
79.3812,3,79378718077,2502412,0
79.3838,4,79381266083,2502412,0
79.3889,2,79386389095,2502412,0
79.3914,3,79388937101,2502412,0
79.394,4,79391476107,2502412,0
79.3991,2,79396572119,2502412,0
79.4016,4,79399102125,2502412,0
79.4017,3,79401632131,73000,1
79.4018,3,79401705131,73000,1
79.4046,2,79402129137,2502412,0
79.4097,4,79407198149,2502412,0
79.4123,2,79409791155,2502412,0
79.4124,2,79412356567,73000,1
79.4124,4,79412357161,73000,1
79.4176,4,79415048167,2502412,0
79.4201,3,79417578173,2502412,0
79.4252,3,79422665185,2502412,0
79.4277,3,79425194597,2502412,0
79.4302,4,79427724603,2502412,0
79.4328,2,79430281609,2502412,0
79.4379,4,79435413621,2502412,0
79.4383,2,79438256033,73000,1
79.4383,3,79438256033,73000,1
79.4409,3,79438363033,2502412,0
79.4434,4,79440893039,2502412,0
79.4459,2,79443432045,2502412,0
79.4511,3,79448582057,2502412,0
79.4536,4,79451112063,2502412,0
79.4565,2,79453957075,2502412,0
79.4615,3,79459044087,2502412,0
79.4641,3,79461600499,2502412,0
79.4666,4,79464130505,2502412,0
79.4692,3,79466687511,2502412,0
79.4696,2,79469530517,73000,1
79.4721,3,79469601517,2502412,0
79.4747,4,79472158523,2502412,0
79.4772,4,79474714935,2502412,0
79.4797,3,79477244941,2502412,0
79.4849,4,79482367953,2502412,0
79.4874,3,79484924959,2502412,0
79.4875,3,79487472371,73000,1
79.4875,2,79487472965,73000,1
79.4926,4,79490109971,2502412,0
79.4952,4,79492648383,2502412,0
79.5003,3,79497798395,2502412,0
79.5004,2,79500337401,73000,1
79.5029,4,79500408401,2502412,0
79.5059,4,79505873419,73000,1
79.5059,3,79505873419,73000,1
79.5085,4,79505989419,2502412,0
79.5136,4,79511112431,2502412,0
79.5162,4,79513659843,2502412,0
79.5187,3,79516189849,2502412,0
79.5238,3,79521249861,2502412,0
79.5263,4,79523824867,2502412,0
79.5289,4,79526390279,2502412,0
79.529,3,79528920285,73000,1
79.5315,3,79529018285,2502412,0
79.5341,4,79531557291,2502412,0
79.5366,4,79534095703,2502412,0
79.5417,4,79539191715,2502412,0
79.5445,2,79542034127,2502412,0
79.5471,3,79544600133,2502412,0
79.5496,4,79547139139,2502412,0
79.5522,2,79549678145,2502412,0
79.5547,4,79552208151,2502412,0
79.5577,2,79557592169,73000,1
79.5577,3,79557592169,73000,1
79.5602,3,79557690169,2502412,0
79.5627,4,79560220175,2502412,0
79.5653,1,79562795181,2502412,0
79.5678,3,79565325187,2502412,0
79.5704,4,79567855193,2502412,0
79.5758,2,79573272611,2502412,0
79.5783,2,79575802023,2502412,0
79.5784,2,79578349435,73000,1
79.5784,1,79578350029,73000,1
79.5809,3,79578421029,2502412,0
79.5835,3,79580950441,2502412,0
79.586,4,79583480447,2502412,0
79.5885,2,79586028453,2502412,0
79.5936,2,79591106465,2502412,0
79.5961,3,79593645471,2502412,0
79.5987,4,79596202477,2502412,0
79.6012,1,79598741483,2502412,0
79.6041,2,79601604495,2502412,0
79.6042,2,79604169907,73000,1
79.6042,3,79604170501,73000,1
79.6093,1,79606780507,2502412,0
79.6118,4,79609310513,2502412,0
79.6144,4,79611857925,2502412,0
79.6169,1,79614387931,2502412,0
79.6194,2,79616944937,2502412,0
79.622,2,79619528349,2502412,0
79.6247,1,79624588361,73000,1
79.6247,4,79624588361,73000,1
79.6272,3,79624740361,2502412,0
79.6298,2,79627279367,2502412,0
79.6323,1,79629809373,2502412,0
79.6349,2,79632357379,2502412,0
79.6399,1,79637417391,2502412,0
79.6425,3,79639956397,2502412,0
79.6453,1,79642807809,2502412,0
79.6479,3,79645355815,2502412,0
79.6504,3,79647912227,2502412,0
79.6529,2,79650442233,2502412,0
79.6558,4,79653287245,2502412,0
79.6609,2,79658356257,2502412,0
79.6634,1,79660886263,2502412,0
79.6659,4,79663434269,2502412,0
79.6685,3,79665982275,2502412,0
79.671,3,79668511687,2502412,0
79.6735,2,79671041693,2502412,0
79.6764,4,79673884699,2502412,0
79.679,1,79676459705,2502412,0
79.684,4,79681546717,2502412,0
79.6841,4,79684076129,73000,1
79.6841,1,79684076723,73000,1
79.6841,3,79684076723,73000,1
79.6867,2,79684165723,2502412,0
79.6892,1,79686740729,2502412,0
79.6918,2,79689315735,2502412,0
79.6945,2,79694411747,73000,1
79.6945,4,79694411747,73000,1
79.6945,3,79694411747,73000,1
79.697,1,79694509747,2502412,0
79.6996,2,79697048753,2502412,0
79.705,2,79702468771,2502412,0
79.7075,1,79705007777,2502412,0
79.7077,2,79707600783,73000,1
79.7102,2,79707673783,2502412,0
79.7127,1,79710230789,2502412,0
79.7153,3,79712787795,2502412,0
79.7154,3,79715326207,73000,1
79.7154,2,79715326801,73000,1
79.7204,4,79717945807,2502412,0
79.7206,4,79720511219,73000,1
79.7206,1,79720511813,73000,1
79.7231,2,79720618813,2502412,0
79.7283,2,79725750825,2502412,0
79.7333,3,79730846837,2502412,0
79.7335,4,79733394843,73000,1
79.7335,1,79733394843,73000,1
79.7385,2,79736040849,2502412,0
79.7411,3,79738606855,2502412,0
79.7463,2,79743747867,2502412,0
79.7491,3,79746599279,2502412,0
79.7516,3,79749146691,2502412,0
79.757,1,79754521709,2502412,0
79.7596,3,79757069715,2502412,0
79.7621,2,79759617721,2502412,0
79.7648,2,79764722733,73000,1
79.7648,3,79764722733,73000,1
79.7673,4,79764793733,2502412,0
79.7698,1,79767332739,2502412,0
79.775,4,79772464751,2502412,0
79.7775,4,79775012163,2502412,0
79.7804,1,79777873169,2502412,0
79.7829,4,79780421175,2502412,0
79.7855,2,79782960181,2502412,0
79.7905,1,79788038193,2502412,0
79.7907,1,79790585605,73000,1
79.7907,2,79790586199,73000,1
79.7932,3,79790657199,2502412,0
79.7957,1,79793187205,2502412,0
79.7982,4,79795735211,2502412,0
79.7984,3,79798301217,73000,1
79.8009,1,79798372217,2502412,0
79.8037,4,79801208229,2502412,0
79.8063,4,79803764641,2502412,0
79.8088,2,79806312647,2502412,0
79.8113,2,79808842059,2502412,0
79.8139,1,79811372065,2502412,0
79.8164,2,79813911071,2502412,0
79.8189,4,79816441077,2502412,0
79.8241,2,79821564089,2502412,0
79.8242,2,79824093501,73000,1
79.8242,4,79824094095,73000,1
79.8242,1,79824094095,73000,1
79.8267,3,79824201095,2502412,0
79.8293,2,79826758101,2502412,0
79.8318,3,79829297107,2502412,0
79.8369,3,79834375119,2502412,0
79.8394,2,79836914125,2502412,0
79.842,3,79839453131,2502412,0
79.8445,4,79841983137,2502412,0
79.847,2,79844531143,2502412,0
79.8499,2,79847391555,2502412,0
79.8525,2,79852469567,73000,1
79.8525,1,79852469567,73000,1
79.8554,3,79852864573,2502412,0
79.8579,4,79855394579,2502412,0
79.8604,4,79857941991,2502412,0
79.863,1,79860480997,2502412,0
79.8631,3,79863074003,73000,1
79.8657,4,79863190003,2502412,0
79.8682,1,79865729009,2502412,0
79.8708,3,79868286015,2502412,0
79.8733,2,79870816021,2502412,0
79.8758,1,79873346027,2502412,0
79.8784,4,79875876033,2502412,0
79.8838,3,79881249045,2502412,0
79.8863,1,79883815051,2502412,0
79.8889,4,79886381057,2502412,0
79.8914,2,79888911063,2502412,0
79.8915,4,79891450069,73000,1
79.8915,3,79891450069,73000,1
79.894,1,79891530069,2502412,0
79.8966,1,79894059481,2502412,0
79.9016,1,79899119493,2502412,0
79.9017,2,79901649499,73000,1
79.9018,3,79901720499,73000,1
79.9047,1,79902155505,2502412,0
79.9072,2,79904685511,2502412,0
79.9074,4,79907278517,73000,1
79.9099,2,79907376517,2502412,0
79.9124,1,79909924523,2502412,0
79.915,2,79912472529,2502412,0
79.9201,1,79917604541,2502412,0
79.9202,1,79920133953,73000,1
79.9202,2,79920134547,73000,1
79.9227,4,79920232547,2502412,0
79.9253,1,79922798553,2502412,0
79.9254,4,79925328559,73000,1
79.9279,1,79925444559,2502412,0
79.9305,2,79928019565,2502412,0
79.9356,3,79933097577,2502412,0
79.9381,2,79935645583,2502412,0
79.9383,3,79938184589,73000,1
79.9383,1,79938184589,73000,1
79.9383,4,79938184589,73000,1
79.9408,1,79938282589,2502412,0
79.9409,2,79940821595,73000,1
79.9434,1,79940901595,2502412,0
79.946,1,79943467007,2502412,0
79.9461,1,79946050419,73000,1
79.9461,3,79946051013,73000,1
79.9462,3,79946124013,73000,1
79.9488,2,79946258013,2502412,0
79.9513,1,79948788019,2502412,0
79.9541,1,79951630431,2502412,0
79.9546,1,79954484443,73000,1
79.9546,4,79954484443,73000,1
79.9571,2,79954555443,2502412,0
79.9622,2,79959687455,2502412,0
79.9647,4,79962217461,2502412,0
79.9673,2,79964783467,2502412,0
79.9724,2,79969888479,2502412,0
79.9749,4,79972436485,2502412,0
79.9775,4,79974965897,2502412,0
79.98,1,79977495903,2502412,0
79.9825,2,79980034909,2502412,0
79.983,2,79982886915,73000,1
79.9855,1,79982957915,2502412,0
79.9856,4,79985541921,73000,1
79.9856,2,79985541921,73000,1
79.9882,4,79985657921,2502412,0
79.9883,3,79988196927,73000,1
79.9908,1,79988267927,2502412,0
79.9933,1,79990824339,2502412,0
79.9959,1,79993353751,2502412,0
79.9984,4,79995901757,2502412,0
80.0009,1,79998440763,2502412,0
80.0064,1,80003869781,2502412,0
80.0089,4,80006417787,2502412,0
80.0115,1,80008947793,2502412,0
80.0166,4,80014106805,2502412,0
80.0191,1,80016645811,2502412,0
80.0217,1,80019175223,2502412,0
80.0268,4,80024307235,2502412,0
80.0269,1,80026855241,73000,1
80.0269,2,80026855241,73000,1
80.032,4,80029474247,2502412,0
80.0345,1,80032013253,2502412,0
80.0371,4,80034552259,2502412,0
80.0396,4,80037090671,2502412,0
80.0447,1,80042222683,2502412,0
80.0448,1,80044761095,73000,1
80.0448,4,80044761689,73000,1
80.0525,4,80050045107,2502412,0
80.0557,4,80053229525,2502412,0
80.0583,1,80055768531,2502412,0
80.0633,1,80060837543,2502412,0
80.0659,4,80063376549,2502412,0
80.0684,3,80065906555,2502412,0
80.0686,4,80068517561,73000,1
80.0686,1,80068517561,73000,1
80.0711,2,80068615561,2502412,0
80.0736,3,80071145567,2502412,0
80.0762,2,80073720573,2502412,0
80.0763,2,80076258985,73000,1
80.0788,4,80076339579,2502412,0
80.0814,3,80078878585,2502412,0
80.084,3,80081461997,2502412,0
80.0868,1,80084305003,2502412,0
80.0919,4,80089392015,2502412,0
80.0944,2,80091922021,2502412,0
80.097,1,80094470027,2502412,0
80.0971,2,80097009033,73000,1
80.0971,3,80097009033,73000,1
80.0972,4,80097116033,73000,1
80.0972,3,80097116033,73000,1
80.0973,2,80097223033,73000,1
80.0973,1,80097223033,73000,1
80.1026,1,80102515451,73000,1
80.1051,4,80102586451,2502412,0
80.1105,3,80108024469,2502412,0
80.1131,3,80110562881,2502412,0
80.1156,4,80113092887,2502412,0
80.1207,4,80118242899,2502412,0
80.1233,3,80120772905,2502412,0
80.1234,4,80123329911,73000,1
80.1234,2,80123329911,73000,1
80.1235,3,80123418911,73000,1
80.1287,1,80126172917,2502412,0
80.1312,4,80128702923,2502412,0
80.1363,3,80133834935,2502412,0
80.1389,1,80136364941,2502412,0
80.1439,1,80141442953,2502412,0
80.1465,4,80143972959,2502412,0
80.149,4,80146502371,2502412,0
80.1516,1,80149059377,2502412,0
80.1517,3,80151589383,73000,1
80.1542,4,80151669383,2502412,0
80.1599,4,80157374807,2502412,0
80.1624,1,80159940813,2502412,0
80.1626,1,80162515225,73000,1
80.1626,4,80162515819,73000,1
80.1626,3,80162515819,73000,1
80.1651,3,80162595819,2502412,0
80.1676,4,80165125825,2502412,0
80.1677,4,80167655237,73000,1
80.1703,3,80167843831,2502412,0
80.1729,2,80170373837,2502412,0
80.1779,3,80175433849,2502412,0
80.1805,2,80177972855,2502412,0
80.183,3,80180538861,2502412,0
80.1832,1,80183095867,73000,1
80.1857,3,80183175867,2502412,0
80.1885,4,80186018873,2502412,0
80.1911,3,80188557879,2502412,0
80.1936,2,80191096885,2502412,0
80.1961,2,80193635297,2502412,0
80.2012,4,80198740309,2502412,0
80.2017,3,80201603321,73000,1
80.2017,1,80201603321,73000,1
80.2042,4,80201692321,2502412,0
80.2067,2,80204222327,2502412,0
80.2118,3,80209318339,2502412,0
80.2144,4,80211857345,2502412,0
80.2169,2,80214396351,2502412,0
80.2194,3,80216926357,2502412,0
80.222,3,80219509769,2502412,0
80.2245,3,80222039181,2502412,0
80.2296,2,80227108193,2502412,0
80.2321,4,80229638199,2502412,0
80.2347,3,80232177205,2502412,0
80.2373,4,80234752211,2502412,0
80.2398,2,80237282217,2502412,0
80.2423,2,80239820629,2502412,0
80.2449,3,80242368635,2502412,0
80.2499,2,80247446647,2502412,0
80.2501,2,80250003059,73000,1
80.2526,4,80250074653,2502412,0
80.2554,3,80252946665,2502412,0
80.258,4,80255476671,2502412,0
80.2634,4,80260894089,2502412,0
80.266,4,80263450501,2502412,0
80.2685,3,80265989507,2502412,0
80.271,1,80268519513,2502412,0
80.2736,3,80271049519,2502412,0
80.2761,2,80273588525,2502412,0
80.2787,3,80276163531,2502412,0
80.2788,2,80278693537,73000,1
80.2813,4,80278764537,2502412,0
80.2838,2,80281294543,2502412,0
80.2863,2,80283841955,2502412,0
80.2864,4,80286371961,73000,1
80.2864,1,80286371961,73000,1
80.289,3,80286460961,2502412,0
80.2918,3,80289303967,2502412,0
80.2944,2,80291860973,2502412,0
80.2969,2,80294390385,2502412,0
80.302,2,80299495397,2502412,0
80.3048,3,80302331409,2502412,0
80.3049,3,80304860821,73000,1
80.3049,4,80304861415,73000,1
80.3075,2,80304986415,2502412,0
80.31,2,80307515827,2502412,0
80.3126,1,80310063833,2502412,0
80.3151,2,80312620839,2502412,0
80.3152,1,80315150845,73000,1
80.3178,2,80315293845,2502412,0
80.3203,2,80317841257,2502412,0
80.3229,2,80320379669,2502412,0
80.3254,3,80322909675,2502412,0
80.3281,2,80328032687,73000,1
80.3281,1,80328032687,73000,1
80.3306,4,80328103687,2502412,0
80.3331,4,80330642099,2502412,0
80.3357,2,80333172105,2502412,0
80.3382,3,80335711111,2502412,0
80.3434,2,80340852123,2502412,0
80.3459,4,80343391129,2502412,0
80.3484,2,80345921135,2502412,0
80.351,3,80348451141,2502412,0
80.3538,3,80351305153,2502412,0
80.3589,3,80356374165,2502412,0
80.3617,2,80359243577,2502412,0
80.3643,4,80361800583,2502412,0
80.3669,2,80364357589,2502412,0
80.3694,3,80366905595,2502412,0
80.3721,4,80371992607,73000,1
80.3721,1,80371992607,73000,1
80.3746,3,80372072607,2502412,0
80.3747,3,80374620019,73000,1
80.3747,2,80374620613,73000,1
80.3798,4,80377338619,2502412,0
80.385,2,80382461631,2502412,0
80.3875,3,80385000637,2502412,0
80.39,4,80387539643,2502412,0
80.3954,2,80392930061,2502412,0
80.398,3,80395469067,2502412,0
80.4005,4,80398017073,2502412,0
80.4059,2,80403437091,2502412,0
80.4085,1,80405985097,2502412,0
80.411,3,80408524103,2502412,0
80.4136,4,80411072109,2502412,0
80.4161,3,80413620115,2502412,0
80.4187,4,80416159121,2502412,0
80.4188,2,80418689127,73000,1
80.4213,1,80418760127,2502412,0
80.4238,4,80421326133,2502412,0
80.4264,4,80423855545,2502412,0
80.4289,3,80426421551,2502412,0
80.4315,1,80428951557,2502412,0
80.434,1,80431480969,2502412,0
80.4341,2,80434037975,73000,1
80.4366,3,80434126975,2502412,0
80.4392,4,80436656981,2502412,0
80.4417,1,80439204987,2502412,0
80.4442,1,80441743399,2502412,0
80.4468,3,80444300405,2502412,0
80.4494,3,80446847817,2502412,0
80.4519,1,80449377823,2502412,0
80.4573,4,80454752841,2502412,0
80.4598,1,80457291847,2502412,0
80.4599,4,80459848853,73000,1
80.4599,3,80459848853,73000,1
80.4624,3,80459946853,2502412,0
80.4653,3,80462825265,2502412,0
80.4679,1,80465355271,2502412,0
80.4729,4,80470442283,2502412,0
80.4755,1,80472972289,2502412,0
80.478,1,80475501701,2502412,0
80.4805,1,80478040113,2502412,0
80.4831,3,80480570119,2502412,0
80.4856,4,80483145125,2502412,0
80.4882,2,80485675131,2502412,0
80.4907,1,80488214137,2502412,0
80.4961,2,80493604555,2502412,0
80.4962,1,80496143561,73000,1
80.4962,3,80496143561,73000,1
80.4988,4,80496259561,2502412,0
80.4989,4,80498833973,73000,1
80.4989,2,80498834567,73000,1
80.5044,3,80501849579,2502412,0
80.5069,3,80504378991,2502412,0
80.5094,3,80506908403,2502412,0
80.5119,1,80509438409,2502412,0
80.517,3,80514507421,2502412,0
80.5171,1,80517055427,73000,1
80.5171,2,80517055427,73000,1
80.5196,2,80517128427,2502412,0
80.5222,3,80519658433,2502412,0
80.5223,2,80522215439,73000,1
80.5223,4,80522215439,73000,1
80.5248,4,80522288439,2502412,0
80.5275,3,80527393451,73000,1
80.5275,2,80527393451,73000,1
80.53,4,80527464451,2502412,0
80.5325,1,80530030457,2502412,0
80.5351,2,80532596463,2502412,0
80.5352,2,80535143875,73000,1
80.5352,1,80535144469,73000,1
80.5352,4,80535144469,73000,1
80.5403,1,80537781475,2502412,0
80.5428,2,80540347481,2502412,0
80.5429,2,80542876893,73000,1
80.543,3,80542877487,73000,1
80.5455,3,80542975487,2502412,0
80.5506,3,80548062499,2502412,0
80.5507,1,80550592505,73000,1
80.5535,4,80550989511,2502412,0
80.556,4,80553518923,2502412,0
80.5586,4,80556075335,2502412,0
80.5611,2,80558614341,2502412,0
80.5665,2,80563987353,2502412,0
80.569,3,80566526359,2502412,0
80.5716,2,80569065365,2502412,0
80.5741,3,80571631371,2502412,0
80.5767,4,80574161377,2502412,0
80.5792,2,80576700383,2502412,0
80.5793,1,80579275389,73000,1
80.5818,2,80579346389,2502412,0
80.5819,2,80581875801,73000,1
80.5819,4,80581876395,73000,1
80.5845,3,80581974395,2502412,0
80.5871,4,80584558401,2502412,0
80.5872,4,80587114813,73000,1
80.5872,3,80587115407,73000,1
80.5923,3,80589779413,2502412,0
80.5948,2,80592318419,2502412,0
80.6002,1,80597744837,2502412,0
80.6028,2,80600274843,2502412,0
80.6032,1,80603128855,73000,1
80.6032,3,80603128855,73000,1
80.6057,2,80603226855,2502412,0
80.6083,4,80605756861,2502412,0
80.6133,1,80610843873,2502412,0
80.6159,1,80613373285,2502412,0
80.6184,2,80615903291,2502412,0
80.6209,1,80618442297,2502412,0
80.6235,4,80620981303,2502412,0
80.626,1,80623511309,2502412,0
80.6286,2,80626059315,2502412,0
80.6336,1,80631128327,2502412,0
80.6362,4,80633712333,2502412,0
80.6388,3,80636251339,2502412,0
80.6389,3,80638798751,73000,1
80.6389,1,80638799345,73000,1
80.6389,2,80638799345,73000,1
80.6414,3,80638879345,2502412,0
80.6439,1,80641427351,2502412,0
80.6466,3,80646496363,73000,1
80.6466,4,80646496363,73000,1
80.6491,4,80646630363,2502412,0
80.6517,1,80649196369,2502412,0
80.6571,3,80654607387,2502412,0
80.6572,1,80657137393,73000,1
80.6572,2,80657137393,73000,1
80.6597,4,80657208393,2502412,0
80.6624,4,80662340405,73000,1
80.6624,3,80662340405,73000,1
80.665,1,80662483405,2502412,0
80.6705,1,80667964417,2502412,0
80.6706,4,80670494423,73000,1
80.6731,3,80670565423,2502412,0
80.6757,1,80673149429,2502412,0
80.6807,1,80678227441,2502412,0
80.6809,1,80680792853,73000,1
80.6809,3,80680793447,73000,1
80.6809,2,80680793447,73000,1
80.6886,1,80686058865,2502412,0
80.6887,4,80688615871,73000,1
80.6887,2,80688615871,73000,1
80.6912,3,80688686871,2502412,0
80.6963,1,80693764883,2502412,0
80.6988,1,80696294295,2502412,0
80.7016,3,80699146301,2502412,0
80.7045,1,80702027313,2502412,0
80.7071,1,80704565725,2502412,0
80.7121,1,80709643737,2502412,0
80.7147,3,80712173743,2502412,0
80.7172,2,80714739749,2502412,0
80.7198,3,80717305755,2502412,0
80.7223,2,80719835761,2502412,0
80.7249,1,80722374767,2502412,0
80.7275,1,80727452779,73000,1
80.7275,2,80727452779,73000,1
80.7276,3,80727568779,73000,1
80.7276,2,80727568779,73000,1
80.7301,3,80727641779,2502412,0
80.7327,1,80730171785,2502412,0
80.7352,3,80732710791,2502412,0
80.7353,3,80735276203,73000,1
80.7379,1,80735392797,2502412,0
80.7404,3,80737931803,2502412,0
80.7406,3,80740524215,73000,1
80.7431,1,80740640809,2502412,0
80.7483,1,80745781821,2502412,0
80.7508,4,80748311827,2502412,0
80.7562,3,80753713845,2502412,0
80.7587,3,80756243257,2502412,0
80.7613,4,80758791263,2502412,0
80.7638,3,80761330269,2502412,0
80.7639,3,80763868681,73000,1
80.7639,1,80763869275,73000,1
80.769,1,80766506281,2502412,0
80.7719,2,80769348693,2502412,0
80.7744,4,80771878699,2502412,0
80.777,3,80774471705,2502412,0
80.7795,2,80777001711,2502412,0
80.7796,1,80779540717,73000,1
80.7821,4,80779620717,2502412,0
80.7847,4,80782168129,2502412,0
80.7872,2,80784698135,2502412,0
80.7897,1,80787237141,2502412,0
80.7923,3,80789776147,2502412,0
80.7948,1,80792315153,2502412,0
80.7974,2,80794854159,2502412,0
80.8031,1,80800559583,2502412,0
80.8056,4,80803098589,2502412,0
80.8081,2,80805628595,2502412,0
80.8107,2,80808167007,2502412,0
80.8108,1,80810706013,73000,1
80.8108,3,80810706013,73000,1
80.8133,4,80810813013,2502412,0
80.8158,3,80813343019,2502412,0
80.8209,3,80818430031,2502412,0
80.8235,2,80820969037,2502412,0
80.826,3,80823526043,2502412,0
80.8286,3,80826055455,2502412,0
80.8287,2,80828585461,73000,1
80.8287,4,80828585461,73000,1
80.8312,3,80828710461,2502412,0
80.8338,1,80831258467,2502412,0
80.8339,1,80833787879,73000,1
80.8364,3,80833931473,2502412,0
80.839,4,80836470479,2502412,0
80.8415,2,80839000485,2502412,0
80.8441,4,80841548491,2502412,0
80.8466,1,80844096497,2502412,0
80.8517,3,80849156509,2502412,0
80.8545,4,80852019521,2502412,0
80.8546,4,80854557933,73000,1
80.8546,3,80854558527,73000,1
80.8546,2,80854558527,73000,1
80.8572,1,80854656527,2502412,0
80.8597,1,80857212939,2502412,0
80.8648,1,80862317951,2502412,0
80.865,1,80864910363,73000,1
80.865,4,80864910957,73000,1
80.8651,3,80864990957,73000,1
80.8676,2,80865097957,2502412,0
80.8727,2,80870220969,2502412,0
80.8756,3,80873099381,2502412,0
80.8781,1,80875629387,2502412,0
80.8782,1,80878167799,73000,1
80.8807,2,80878239393,2502412,0
80.8833,3,80880823399,2502412,0
80.8859,1,80883362405,2502412,0
80.8884,3,80885901411,2502412,0
80.8935,2,80890961423,2502412,0
80.896,2,80893526835,2502412,0
80.8986,4,80896083841,2502412,0
80.9011,1,80898631847,2502412,0
80.9015,3,80901476859,73000,1
80.9041,2,80901583859,2502412,0
80.907,2,80904462865,2502412,0
80.9071,1,80906992871,73000,1
80.9071,4,80906992871,73000,1
80.9122,2,80909683877,2502412,0
80.9147,1,80912213883,2502412,0
80.9172,4,80914743889,2502412,0
80.9198,3,80917282895,2502412,0
80.9248,2,80922342907,2502412,0
80.9274,1,80924872913,2502412,0
80.93,4,80927465919,2502412,0
80.9325,3,80930004925,2502412,0
80.935,2,80932543931,2502412,0
80.9351,1,80935073937,73000,1
80.9376,3,80935144937,2502412,0
80.9402,4,80937737943,2502412,0
80.9404,4,80940294355,73000,1
80.9404,2,80940294949,73000,1
80.9454,3,80942913955,2502412,0
80.948,1,80945470961,2502412,0
80.9505,4,80948009967,2502412,0
80.9506,3,80950557973,73000,1
80.9507,1,80950646973,73000,1
80.9532,4,80950717973,2502412,0
80.9561,2,80953598985,2502412,0
80.9586,2,80956128397,2502412,0
80.9612,3,80958667403,2502412,0
80.9613,2,80961224409,73000,1
80.9613,4,80961224409,73000,1
80.9664,2,80963852415,2502412,0
80.9665,2,80966426827,73000,1
80.9665,3,80966427421,73000,1
80.969,1,80966543421,2502412,0
80.9692,3,80969082427,73000,1
80.9717,3,80969155427,2502412,0
80.9742,3,80971684839,2502412,0
80.9746,1,80974545251,73000,1
80.9746,2,80974545251,73000,1
80.9746,4,80974545251,73000,1
80.9771,3,80974634251,2502412,0
80.9797,3,80977163663,2502412,0
80.9798,3,80979720075,73000,1
80.9823,3,80979818669,2502412,0
80.9849,1,80982402675,2502412,0
80.985,4,80984968681,73000,1
80.9851,3,80985039681,73000,1
80.9902,1,80987714687,2502412,0
80.9954,1,80992855699,2502412,0
81.0005,1,80997969711,2502412,0
81.0006,2,81000499717,73000,1
81.0006,3,81000499717,73000,1
81.0059,4,81003433729,2502412,0
81.0088,4,81006276735,2502412,0
81.0113,1,81008842741,2502412,0
81.0165,4,81013965753,2502412,0
81.019,1,81016531759,2502412,0
81.0216,4,81019088765,2502412,0
81.0217,3,81021618771,73000,1
81.0242,4,81021689771,2502412,0
81.0268,1,81024273777,2502412,0
81.0293,1,81026830189,2502412,0
81.0344,4,81031917201,2502412,0
81.037,1,81034474207,2502412,0
81.0395,4,81037013213,2502412,0
81.0446,1,81042109225,2502412,0
81.0472,4,81044711231,2502412,0
81.0473,1,81047241237,73000,1
81.0498,4,81047339237,2502412,0
81.0524,3,81049869243,2502412,0
81.0528,1,81052759255,73000,1
81.0554,3,81052848255,2502412,0
81.0579,4,81055396261,2502412,0
81.0604,4,81057943673,2502412,0
81.0606,4,81060500085,73000,1
81.0607,3,81060589679,73000,1
81.0634,3,81063316685,73000,1
81.0659,4,81063432685,2502412,0
81.0661,1,81065980691,73000,1
81.0686,2,81066051691,2502412,0
81.0711,2,81068644103,2502412,0
81.0762,2,81073704115,2502412,0
81.0791,4,81076555527,2502412,0
81.0792,4,81079156939,73000,1
81.0817,2,81079237533,2502412,0
81.0843,2,81081802945,2502412,0
81.0868,3,81084341951,2502412,0
81.0869,2,81086871957,73000,1
81.0869,4,81086871957,73000,1
81.092,3,81089535963,2502412,0
81.0946,3,81092074375,2502412,0
81.0997,3,81097179387,2502412,0
81.1022,2,81099736393,2502412,0
81.1051,2,81102608405,2502412,0
81.1076,3,81105138411,2502412,0
81.1131,2,81110583423,2502412,0
81.1156,3,81113113429,2502412,0
81.1207,3,81118218441,2502412,0
81.1233,2,81120802447,2502412,0
81.1284,2,81125898459,2502412,0
81.1309,3,81128428465,2502412,0
81.1335,4,81130985471,2502412,0
81.1386,2,81136117483,2502412,0
81.1411,3,81138647489,2502412,0
81.1437,4,81141177495,2502412,0
81.1488,2,81146309507,2502412,0
81.1514,3,81148848513,2502412,0
81.1542,4,81151711525,2502412,0
81.1567,1,81154241531,2502412,0
81.1594,4,81159319543,73000,1
81.1594,3,81159319543,73000,1
81.1619,2,81159408543,2502412,0
81.1644,2,81161946955,2502412,0
81.167,1,81164494961,2502412,0
81.1671,2,81167042967,73000,1
81.1671,4,81167042967,73000,1
81.1722,2,81169679973,2502412,0
81.1747,1,81172227979,2502412,0
81.1773,2,81174775985,2502412,0
81.1798,2,81177332397,2502412,0
81.1852,4,81182713815,2502412,0
81.1877,3,81185243821,2502412,0
81.1903,1,81187773827,2502412,0
81.1904,4,81190303833,73000,1
81.1904,2,81190303833,73000,1
81.1929,1,81190374833,2502412,0
81.193,1,81192931245,73000,1
81.193,4,81192931839,73000,1
81.1931,3,81193029839,73000,1
81.1931,1,81193029839,73000,1
81.1932,2,81193109839,73000,1
81.1957,4,81193234839,2502412,0
81.1983,4,81195791251,2502412,0
81.2008,2,81198339257,2502412,0
81.2038,2,81203750275,73000,1
81.2038,3,81203750275,73000,1
81.2063,4,81203839275,2502412,0
81.2089,1,81206414281,2502412,0
81.2143,3,81211795699,2502412,0
81.2168,4,81214325705,2502412,0
81.2194,1,81216900711,2502412,0
81.2219,1,81219430123,2502412,0
81.2245,4,81221960129,2502412,0
81.227,1,81224499135,2502412,0
81.2271,4,81227029141,73000,1
81.2271,2,81227029141,73000,1
81.2296,3,81227118141,2502412,0
81.2322,3,81229665553,2502412,0
81.2347,4,81232204559,2502412,0
81.2372,1,81234743565,2502412,0
81.2398,4,81237309571,2502412,0
81.2424,1,81239848577,2502412,0
81.2474,3,81244917589,2502412,0
81.25,4,81247519595,2502412,0
81.2504,4,81250355607,73000,1
81.2504,1,81250355607,73000,1
81.253,3,81250453607,2502412,0
81.2581,1,81255567619,2502412,0
81.2606,3,81258097625,2502412,0
81.2631,3,81260645037,2502412,0
81.2658,3,81265759049,73000,1
81.2658,1,81265759049,73000,1
81.2684,4,81265848049,2502412,0
81.2709,4,81268395461,2502412,0
81.2734,4,81270933873,2502412,0
81.276,2,81273463879,2502412,0
81.2786,2,81278532891,73000,1
81.2786,3,81278532891,73000,1
81.2811,4,81278630891,2502412,0
81.284,4,81281491303,2502412,0
81.2891,1,81286605315,2502412,0
81.2917,3,81289171321,2502412,0
81.2918,4,81291701327,73000,1
81.2918,2,81291701327,73000,1
81.2943,4,81291774327,2502412,0
81.2968,4,81294303739,2502412,0
81.3019,3,81299399751,2502412,0
81.3044,1,81301938757,2502412,0
81.3073,4,81304783769,2502412,0
81.3098,4,81307322181,2502412,0
81.3124,1,81309888187,2502412,0
81.3152,3,81312731193,2502412,0
81.3178,3,81315260605,2502412,0
81.3179,4,81317790611,73000,1
81.3205,1,81317960611,2502412,0
81.323,3,81320490617,2502412,0
81.3281,3,81325631629,2502412,0
81.3307,1,81328179635,2502412,0
81.3308,1,81330709047,73000,1
81.3308,2,81330709641,73000,1
81.3309,4,81330798641,73000,1
81.3334,3,81330878641,2502412,0
81.3359,1,81333426647,2502412,0
81.3385,1,81335956059,2502412,0
81.341,3,81338495065,2502412,0
81.3411,3,81341051477,73000,1
81.3411,4,81341052071,73000,1
81.3462,1,81343725077,2502412,0
81.3488,1,81346299489,2502412,0
81.3542,3,81351692507,2502412,0
81.3567,2,81354240513,2502412,0
81.3568,3,81356770519,73000,1
81.3568,1,81356770519,73000,1
81.3594,3,81356859519,2502412,0
81.3595,1,81359389525,73000,1
81.362,3,81359478525,2502412,0
81.3645,2,81362035531,2502412,0
81.3671,3,81364619537,2502412,0
81.3672,3,81367157949,73000,1
81.3698,2,81367265543,2502412,0
81.3749,2,81372424555,2502412,0
81.3775,1,81374972561,2502412,0
81.3776,1,81377501973,73000,1
81.3776,2,81377502567,73000,1
81.3826,3,81380103573,2502412,0
81.3851,2,81382633579,2502412,0
81.388,1,81385475991,2502412,0
81.3905,4,81388023997,2502412,0
81.3907,3,81390608003,73000,1
81.3908,1,81390697003,73000,1
81.3908,3,81390697003,73000,1
81.3908,4,81390768003,73000,1
81.3908,2,81390768003,73000,1
81.396,4,81393486009,2502412,0
81.3986,2,81396070015,2502412,0
81.3987,4,81398600021,73000,1
81.3987,1,81398600021,73000,1
81.4012,1,81398716021,2502412,0
81.4041,4,81401561033,2502412,0
81.4066,4,81404108445,2502412,0
81.4067,2,81406638451,73000,1
81.4092,1,81406709451,2502412,0
81.4118,4,81409275457,2502412,0
81.4143,3,81411805463,2502412,0
81.4172,4,81414684469,2502412,0
81.4197,1,81417223475,2502412,0
81.4248,1,81422310487,2502412,0
81.4273,3,81424840493,2502412,0
81.4299,2,81427388499,2502412,0
81.4324,4,81429936505,2502412,0
81.4326,3,81432502511,73000,1
81.4326,1,81432502511,73000,1
81.4351,4,81432591511,2502412,0
81.4376,2,81435130517,2502412,0
81.4402,3,81437687523,2502412,0
81.4427,3,81440216935,2502412,0
81.4454,2,81445321947,73000,1
81.4454,4,81445321947,73000,1
81.4479,3,81445392947,2502412,0
81.4504,1,81447922953,2502412,0
81.4533,1,81450803965,2502412,0
81.4559,1,81453351377,2502412,0
81.4609,1,81458429389,2502412,0
81.4635,3,81460968395,2502412,0
81.466,3,81463542807,2502412,0
81.4686,4,81466072813,2502412,0
81.4711,2,81468602819,2502412,0
81.4736,2,81471132231,2502412,0
81.4762,1,81473662237,2502412,0
81.4787,4,81476210243,2502412,0
81.4814,2,81481315255,73000,1
81.4814,3,81481315255,73000,1
81.4839,1,81481413255,2502412,0
81.484,1,81483960667,73000,1
81.484,4,81483961261,73000,1
81.4866,2,81484050261,2502412,0
81.492,2,81489467679,2502412,0
81.4945,2,81492033091,2502412,0
81.4971,1,81494590097,2502412,0
81.4972,3,81497138103,73000,1
81.4972,4,81497138103,73000,1
81.5023,1,81499784109,2502412,0
81.5051,2,81502629121,2502412,0
81.5077,1,81505195127,2502412,0
81.5104,1,81510309139,73000,1
81.5104,2,81510309139,73000,1
81.5129,4,81510389139,2502412,0
81.5154,1,81512946145,2502412,0
81.5208,2,81518336563,2502412,0
81.5234,4,81520866569,2502412,0
81.526,1,81523459575,2502412,0
81.531,2,81528546587,2502412,0
81.5336,4,81531094593,2502412,0
81.5361,4,81533633005,2502412,0
81.5387,1,81536181011,2502412,0
81.5388,2,81538711017,73000,1
81.5413,1,81538782017,2502412,0
81.5438,3,81541339023,2502412,0
81.5464,3,81543877435,2502412,0
81.5489,4,81546407441,2502412,0
81.5514,3,81548937447,2502412,0
81.554,3,81551475859,2502412,0
81.5544,1,81554338871,73000,1
81.5545,3,81554418871,73000,1
81.5545,1,81554418871,73000,1
81.557,2,81554516871,2502412,0
81.5596,4,81557055877,2502412,0
81.5621,4,81559603289,2502412,0
81.5647,3,81562151295,2502412,0
81.5672,2,81564681301,2502412,0
81.5673,2,81567210713,73000,1
81.5673,4,81567211307,73000,1
81.5724,3,81569866313,2502412,0
81.5749,2,81572414319,2502412,0
81.5774,3,81574944325,2502412,0
81.5826,2,81580094337,2502412,0
81.5851,2,81582623749,2502412,0
81.5877,3,81585153755,2502412,0
81.5905,4,81587996167,2502412,0
81.593,2,81590526173,2502412,0
81.5956,4,81593083179,2502412,0
81.6007,3,81598152191,2502412,0
81.6035,4,81601006203,2502412,0
81.6061,2,81603572209,2502412,0
81.6062,3,81606147215,73000,1
81.6062,1,81606147215,73000,1
81.6087,2,81606227215,2502412,0
81.6138,4,81611296227,2502412,0
81.6164,2,81613853233,2502412,0
81.6189,2,81616409645,2502412,0
81.6215,4,81618966651,2502412,0
81.6269,4,81624348663,2502412,0
81.6294,2,81626887669,2502412,0
81.632,4,81629489675,2502412,0
81.6321,2,81632019681,73000,1
81.6321,3,81632019681,73000,1
81.6372,4,81634665687,2502412,0
81.6398,4,81637267099,2502412,0
81.6448,2,81642327111,2502412,0
81.6474,2,81644874523,2502412,0
81.6475,4,81647467529,73000,1
81.6501,2,81647583529,2502412,0
81.6555,2,81653003547,2502412,0
81.658,1,81655533553,2502412,0
81.6582,1,81658125965,73000,1
81.6582,4,81658126559,73000,1
81.6632,3,81660727565,2502412,0
81.6658,2,81663257571,2502412,0
81.6683,3,81665796577,2502412,0
81.6708,3,81668325989,2502412,0
81.6734,2,81670891995,2502412,0
81.6759,1,81673422001,2502412,0
81.681,2,81678500013,2502412,0
81.6836,1,81681066019,2502412,0
81.6861,3,81683596025,2502412,0
81.6887,2,81686162031,2502412,0
81.6888,1,81688728037,73000,1
81.6913,3,81688835037,2502412,0
81.6942,2,81691677449,2502412,0
81.6967,3,81694207455,2502412,0
81.6993,4,81696773461,2502412,0
81.7018,3,81699312467,2502412,0
81.7072,2,81704696485,2502412,0
81.7097,1,81707235491,2502412,0
81.7123,1,81709782903,2502412,0
81.7124,3,81712339909,73000,1
81.7124,4,81712339909,73000,1
81.7125,2,81712419909,73000,1
81.7125,4,81712419909,73000,1
81.7126,1,81712499909,73000,1
81.7152,2,81712669909,2502412,0
81.7153,2,81715244321,73000,1
81.7178,1,81715342915,2502412,0
81.718,3,81717917921,73000,1
81.7205,3,81717997921,2502412,0
81.7259,1,81723406339,2502412,0
81.726,3,81725963345,73000,1
81.726,2,81725963345,73000,1
81.7311,3,81728600351,2502412,0
81.7336,1,81731130357,2502412,0
81.7362,3,81733660363,2502412,0
81.7363,2,81736190369,73000,1
81.7363,4,81736190369,73000,1
81.7388,1,81736270369,2502412,0
81.7413,1,81738799781,2502412,0
81.7464,3,81743904793,2502412,0
81.749,2,81746488799,2502412,0
81.7515,1,81749027805,2502412,0
81.7544,3,81751890817,2502412,0
81.7569,3,81754420229,2502412,0
81.757,2,81756959235,73000,1
81.7571,1,81757039235,73000,1
81.7571,2,81757039235,73000,1
81.7597,3,81757164235,2502412,0
81.7622,3,81759711647,2502412,0
81.7648,2,81762277653,2502412,0
81.7675,3,81767382665,73000,1
81.7675,1,81767382665,73000,1
81.77,2,81767453665,2502412,0
81.7751,2,81772585677,2502412,0
81.7778,2,81777753689,73000,1
81.7778,4,81777753689,73000,1
81.7778,3,81777753689,73000,1
81.7804,2,81777860689,2502412,0
81.7805,3,81780390695,73000,1
81.783,2,81780542695,2502412,0
81.7882,1,81785665707,2502412,0
81.7933,2,81790770719,2502412,0
81.7961,1,81793613131,2502412,0
81.7963,2,81796179137,73000,1
81.7988,1,81796250137,2502412,0
81.7989,1,81798869549,73000,1
81.802,2,81801930155,73000,1
81.8045,1,81802037155,2502412,0
81.8071,3,81804567161,2502412,0
81.8096,3,81807096573,2502412,0
81.8147,3,81812237585,2502412,0
81.8173,1,81814767591,2502412,0
81.8224,3,81819863603,2502412,0
81.8249,1,81822420609,2502412,0
81.8278,3,81825299615,2502412,0
81.8329,1,81830413627,2502412,0
81.8355,3,81832952633,2502412,0
81.8405,2,81838039645,2502412,0
81.8431,2,81840569057,2502412,0
81.8456,1,81843099063,2502412,0
81.8482,3,81845656069,2502412,0
81.8507,2,81848195075,2502412,0
81.8561,4,81853579093,2502412,0
81.8586,2,81856109099,2502412,0
81.8612,3,81858657105,2502412,0
81.8613,2,81861187111,73000,1
81.8613,1,81861187111,73000,1
81.8638,3,81861258111,2502412,0
81.8663,4,81863788117,2502412,0
81.8689,2,81866354123,2502412,0
81.8714,4,81868893129,2502412,0
81.8715,3,81871441135,73000,1
81.874,2,81871521135,2502412,0
81.8766,3,81874096141,2502412,0
81.8767,4,81876626147,73000,1
81.8767,1,81876626147,73000,1
81.8792,3,81876697147,2502412,0
81.8818,2,81879263153,2502412,0
81.8843,3,81881829159,2502412,0
81.8894,2,81886934171,2502412,0
81.892,4,81889464177,2502412,0
81.8945,3,81891994183,2502412,0
81.8971,2,81894551189,2502412,0
81.9001,2,81899995607,73000,1
81.9001,3,81899995607,73000,1
81.9026,4,81900066607,2502412,0
81.9056,1,81905522625,73000,1
81.9056,3,81905522625,73000,1
81.9081,4,81905611625,2502412,0
81.9106,2,81908141631,2502412,0
81.9132,3,81910680637,2502412,0
81.9183,4,81915803649,2502412,0
81.9208,3,81918333655,2502412,0
81.9234,2,81920863661,2502412,0
81.9259,4,81923402667,2502412,0
81.9285,3,81925950673,2502412,0
81.9339,2,81931350685,2502412,0
81.9364,4,81933925691,2502412,0
81.939,2,81936455697,2502412,0
81.9415,3,81938985703,2502412,0
81.944,2,81941542709,2502412,0
81.9466,3,81944072715,2502412,0
81.9516,4,81949141727,2502412,0
81.9545,4,81951986739,2502412,0
81.9571,3,81954552745,2502412,0
81.9596,2,81957091751,2502412,0
81.9621,4,81959621757,2502412,0
81.9647,4,81962151169,2502412,0
81.9672,2,81964690175,2502412,0
81.9673,2,81967246587,73000,1
81.9698,2,81967345181,2502412,0
81.9724,3,81969875187,2502412,0
81.9749,3,81972404599,2502412,0
81.975,3,81974934011,73000,1
81.975,4,81974934605,73000,1
81.9776,1,81975050605,2502412,0
81.9801,1,81977589017,2502412,0
81.9826,1,81980118429,2502412,0
81.9852,2,81982648435,2502412,0
81.9902,2,81987735447,2502412,0
81.9928,3,81990265453,2502412,0
81.9953,2,81992795459,2502412,0
81.9978,2,81995333871,2502412,0
81.9982,1,81998176283,73000,1
81.9982,4,81998176283,73000,1
82.0008,1,81998249283,2502412,0
82.0036,1,82001094295,2502412,0
82.0061,3,82003624301,2502412,0
82.0087,2,82006172307,2502412,0
82.0112,3,82008702313,2502412,0
82.0138,2,82011250319,2502412,0
82.0189,1,82016355331,2502412,0
82.0214,3,82018921337,2502412,0
82.024,2,82021460343,2502412,0
82.0241,3,82024044349,73000,1
82.0241,1,82024044349,73000,1
82.0267,1,82024151349,2502412,0
82.0268,2,82026699355,73000,1
82.0294,1,82026851355,2502412,0
82.0298,3,82029739361,73000,1
82.0323,4,82029828361,2502412,0
82.0325,1,82032403367,73000,1
82.0325,2,82032403367,73000,1
82.0375,4,82035022373,2502412,0
82.0401,4,82037587785,2502412,0
82.0452,4,82042692797,2502412,0
82.0477,2,82045222803,2502412,0
82.0503,4,82047752809,2502412,0
82.0531,1,82050615821,2502412,0
82.0556,4,82053145827,2502412,0
82.0582,2,82055675833,2502412,0
82.0633,2,82060807845,2502412,0
82.0658,4,82063337851,2502412,0
82.0684,1,82065867857,2502412,0
82.0685,1,82068406269,73000,1
82.0685,3,82068406863,73000,1
82.071,1,82068513863,2502412,0
82.0761,4,82073573875,2502412,0
82.0786,2,82076112881,2502412,0
82.0812,1,82078660887,2502412,0
82.0837,2,82081217893,2502412,0
82.0863,2,82083765305,2502412,0
82.0864,2,82086312717,73000,1
82.0889,4,82086384311,2502412,0
82.0914,1,82088941317,2502412,0
82.0941,1,82091551729,2502412,0
82.0942,4,82094081735,73000,1
82.0967,2,82094170735,2502412,0
82.0992,3,82096718741,2502412,0
82.1018,1,82099293747,2502412,0
82.1022,2,82102136159,73000,1
82.1051,1,82105052171,73000,1
82.1051,4,82105052171,73000,1
82.1077,3,82105150171,2502412,0
82.1102,1,82107707177,2502412,0
82.1127,1,82110245589,2502412,0
82.1178,3,82115332601,2502412,0
82.1204,1,82117871607,2502412,0
82.1229,3,82120437613,2502412,0
82.128,3,82125533625,2502412,0
82.1306,2,82128063631,2502412,0
82.1331,1,82130611637,2502412,0
82.136,2,82133490643,2502412,0
82.1385,1,82136020649,2502412,0
82.1436,4,82141089661,2502412,0
82.1461,1,82143619667,2502412,0
82.1462,2,82146158673,73000,1
82.1462,3,82146158673,73000,1
82.1488,4,82146247673,2502412,0
82.1513,3,82148840679,2502412,0
82.1543,1,82151758691,2502412,0
82.1568,4,82154288697,2502412,0
82.1593,3,82156818703,2502412,0
82.1619,2,82159384709,2502412,0
82.1644,3,82161941715,2502412,0
82.1646,3,82164480127,73000,1
82.1646,4,82164480721,73000,1
82.1696,1,82167090727,2502412,0
82.1722,2,82169647733,2502412,0
82.1747,1,82172204739,2502412,0
82.1773,4,82174752745,2502412,0
82.1798,2,82177291751,2502412,0
82.1799,1,82179848757,73000,1
82.18,2,82179928757,73000,1
82.18,3,82179928757,73000,1
82.1825,4,82180008757,2502412,0
82.1851,4,82182574169,2502412,0
82.1902,4,82187715181,2502412,0
82.1928,2,82190281187,2502412,0
82.1953,1,82192811193,2502412,0
82.1978,2,82195341199,2502412,0
82.2005,4,82200419211,73000,1
82.2005,3,82200419211,73000,1
82.2033,1,82200823217,2502412,0
82.2062,3,82203683629,2502412,0
82.2087,2,82206231635,2502412,0
82.2089,2,82208779047,73000,1
82.2114,3,82208850641,2502412,0
82.2139,1,82211380647,2502412,0
82.2164,1,82213946059,2502412,0
82.219,1,82216520471,2502412,0
82.2191,3,82219059477,73000,1
82.2191,4,82219059477,73000,1
82.2216,3,82219132477,2502412,0
82.2242,1,82221671483,2502412,0
82.2267,2,82224210489,2502412,0
82.2293,3,82226758495,2502412,0
82.2318,3,82229296907,2502412,0
82.2319,3,82231853319,73000,1
82.2319,4,82231853913,73000,1
82.232,1,82231924913,73000,1
82.2373,4,82234847325,2502412,0
82.2375,4,82237385737,73000,1
82.2375,2,82237386331,73000,1
82.24,3,82237484331,2502412,0
82.2425,3,82240022743,2502412,0
82.2451,2,82242552749,2502412,0
82.2476,2,82245091161,2502412,0
82.253,4,82250529179,2502412,0
82.2531,3,82253068185,73000,1
82.2531,1,82253068185,73000,1
82.2557,2,82253148185,2502412,0
82.2582,4,82255678191,2502412,0
82.2633,2,82260819203,2502412,0
82.2659,3,82263358209,2502412,0
82.266,2,82265897215,73000,1
82.266,4,82265897215,73000,1
82.2685,3,82265986215,2502412,0
82.271,2,82268516221,2502412,0
82.2761,3,82273621233,2502412,0
82.2787,1,82276196239,2502412,0
82.2812,2,82278735245,2502412,0
82.2838,1,82281274251,2502412,0
82.2863,2,82283813257,2502412,0
82.2888,3,82286343263,2502412,0
82.2939,1,82291430275,2502412,0
82.2965,2,82293960281,2502412,0
82.2966,3,82296490287,73000,1
82.2966,4,82296490287,73000,1
82.2991,1,82296615287,2502412,0
82.3017,1,82299153699,2502412,0
82.3042,3,82301683705,2502412,0
82.3099,2,82307388929,2502412,0
82.3124,3,82309936935,2502412,0
82.315,2,82312484941,2502412,0
82.3175,1,82315023947,2502412,0
82.3201,2,82317580953,2502412,0
82.3226,3,82320119959,2502412,0
82.3253,3,82325206971,73000,1
82.3253,1,82325206971,73000,1
82.3278,2,82325304971,2502412,0
82.3304,2,82327897383,2502412,0
82.3355,1,82333011395,2502412,0
82.338,4,82335541401,2502412,0
82.3409,2,82338411407,2502412,0
82.341,4,82340959413,73000,1
82.3411,1,82341030413,73000,1
82.3411,3,82341030413,73000,1
82.3436,2,82341110413,2502412,0
82.3438,2,82343720825,73000,1
82.3463,4,82343810419,2502412,0
82.3489,1,82346367425,2502412,0
82.354,2,82351463437,2502412,0
82.3544,1,82354308449,73000,1
82.3544,3,82354308449,73000,1
82.3569,4,82354397449,2502412,0
82.3594,2,82356945455,2502412,0
82.3596,2,82359492867,73000,1
82.3597,4,82359618461,73000,1
82.3597,1,82359618461,73000,1
82.3622,4,82359716461,2502412,0
82.3648,4,82362254873,2502412,0
82.3698,4,82367332885,2502412,0
82.3724,2,82369871891,2502412,0
82.375,2,82372455303,2502412,0
82.38,4,82377533315,2502412,0
82.3826,2,82380081321,2502412,0
82.3852,4,82382656327,2502412,0
82.3902,2,82387743339,2502412,0
82.3928,2,82390272751,2502412,0
82.3954,4,82392874757,2502412,0
82.4005,1,82397952769,2502412,0
82.4009,1,82400806781,73000,1
82.4009,4,82400806781,73000,1
82.4009,2,82400806781,73000,1
82.4034,3,82400922781,2502412,0
82.4085,1,82406027793,2502412,0
82.4114,3,82408888205,2502412,0
82.4115,3,82411417617,73000,1
82.4115,2,82411418211,73000,1
82.4166,4,82414073217,2502412,0
82.4191,1,82416630223,2502412,0
82.4217,4,82419160229,2502412,0
82.4244,4,82424283241,73000,1
82.4244,3,82424283241,73000,1
82.4269,1,82424390241,2502412,0
82.432,3,82429531253,2502412,0
82.4346,1,82432061259,2502412,0
82.4347,1,82434617671,73000,1
82.4372,4,82434743265,2502412,0
82.4398,3,82437282271,2502412,0
82.4452,2,82442682283,2502412,0
82.4477,4,82445212289,2502412,0
82.4479,1,82447814295,73000,1
82.4504,3,82447885295,2502412,0
82.4533,2,82450748307,2502412,0
82.4558,4,82453278313,2502412,0
82.4609,4,82458401325,2502412,0
82.4634,3,82460940331,2502412,0
82.466,2,82463497337,2502412,0
82.4685,4,82466027343,2502412,0
82.4712,4,82471132355,73000,1
82.4712,3,82471132355,73000,1
82.4713,2,82471266355,73000,1
82.4713,3,82471266355,73000,1
82.4741,1,82473984361,73000,1
82.4766,4,82474100361,2502412,0
82.4791,2,82476639367,2502412,0
82.4842,4,82481717379,2502412,0
82.4868,4,82484264791,2502412,0
82.4893,2,82486812797,2502412,0
82.4945,4,82491953809,2502412,0
82.497,3,82494510815,2502412,0
82.4971,2,82497040821,73000,1
82.4996,4,82497138821,2502412,0
82.5022,4,82499677233,2502412,0
82.505,3,82502540245,2502412,0
82.5102,3,82507654257,2502412,0
82.513,4,82510514669,2502412,0
82.5156,2,82513053675,2502412,0
82.5157,2,82515610087,73000,1
82.5182,4,82515717681,2502412,0
82.5208,3,82518256687,2502412,0
82.5233,4,82520822693,2502412,0
82.5284,1,82525891705,2502412,0
82.5309,4,82528439711,2502412,0
82.5335,3,82530969717,2502412,0
82.5362,1,82536101729,73000,1
82.5362,2,82536101729,73000,1
82.5387,4,82536190729,2502412,0
82.5412,3,82538729735,2502412,0
82.5441,3,82541599741,2502412,0
82.5492,1,82546704753,2502412,0
82.5517,4,82549234759,2502412,0
82.5546,3,82552079771,2502412,0
82.5571,1,82554609777,2502412,0
82.5622,2,82559714789,2502412,0
82.5623,1,82562253795,73000,1
82.5623,4,82562253795,73000,1
82.5648,3,82562333795,2502412,0
82.5674,3,82564899207,2502412,0
82.5699,3,82567446619,2502412,0
82.5701,2,82569985625,73000,1
82.5702,3,82570119625,73000,1
82.5702,1,82570119625,73000,1
82.5727,2,82570235625,2502412,0
82.5778,4,82575313637,2502412,0
82.5804,2,82577852643,2502412,0
82.5829,4,82580427649,2502412,0
82.5856,2,82585550661,73000,1
82.5856,3,82585550661,73000,1
82.5881,4,82585621661,2502412,0
82.5933,4,82590780673,2502412,0
82.5984,4,82595912685,2502412,0
82.6009,3,82598442691,2502412,0
82.6039,4,82603844709,73000,1
82.6039,2,82603844709,73000,1
82.6065,1,82603960709,2502412,0
82.6066,3,82606508715,73000,1
82.6091,1,82606597715,2502412,0
82.6116,3,82609127721,2502412,0
82.6145,4,82611988133,2502412,0
82.617,1,82614518139,2502412,0
82.6196,3,82617057145,2502412,0
82.6221,2,82619587151,2502412,0
82.6222,2,82622116563,73000,1
82.6223,3,82622215157,73000,1
82.6223,4,82622215157,73000,1
82.6248,4,82622288157,2502412,0
82.6273,1,82624836163,2502412,0
82.6299,1,82627392575,2502412,0
82.6324,3,82629922581,2502412,0
82.6325,1,82632461587,73000,1
82.6325,4,82632461587,73000,1
82.6325,2,82632461587,73000,1
82.6352,3,82635143593,73000,1
82.6352,4,82635143593,73000,1
82.6377,1,82635223593,2502412,0
82.6403,4,82637753599,2502412,0
82.6429,4,82642876611,73000,1
82.6429,1,82642876611,73000,1
82.6455,3,82642983611,2502412,0
82.6484,3,82645862617,2502412,0
82.6538,3,82651264635,2502412,0
82.6563,1,82653821641,2502412,0
82.6614,1,82658908653,2502412,0
82.6639,3,82661438659,2502412,0
82.6665,4,82664004665,2502412,0
82.6691,4,82666570077,2502412,0
82.6742,2,82671648089,2502412,0
82.6743,3,82674178095,73000,1
82.6743,1,82674178095,73000,1
82.6768,4,82674258095,2502412,0
82.6769,2,82676860101,73000,1
82.6795,4,82676958101,2502412,0
82.682,4,82679505513,2502412,0
82.6846,1,82682053519,2502412,0
82.6871,1,82684591931,2502412,0
82.6922,2,82689651943,2502412,0
82.6947,1,82692190949,2502412,0
82.6972,4,82694729955,2502412,0
82.6974,2,82697277961,73000,1
82.6974,3,82697277961,73000,1
82.6999,2,82697350961,2502412,0
82.7024,1,82699898967,2502412,0
82.7052,4,82702743979,2502412,0
82.7104,1,82707848991,2502412,0
82.7129,4,82710378997,2502412,0
82.713,4,82712926409,73000,1
82.713,2,82712927003,73000,1
82.7155,2,82713016003,2502412,0
82.7184,1,82715876415,2502412,0
82.7209,2,82718415421,2502412,0
82.726,1,82723502433,2502412,0
82.7286,4,82726059439,2502412,0
82.7311,1,82728598445,2502412,0
82.7336,2,82731137451,2502412,0
82.7363,1,82736260463,73000,1
82.7363,4,82736260463,73000,1
82.7389,3,82736367463,2502412,0
82.7414,3,82738896875,2502412,0
82.7415,2,82741426881,73000,1
82.7415,1,82741426881,73000,1
82.7441,3,82744072887,73000,1
82.7441,2,82744072887,73000,1
82.7467,4,82744170887,2502412,0
82.7495,4,82747031893,2502412,0
82.755,1,82752487911,2502412,0
82.7575,2,82755026917,2502412,0
82.7576,1,82757556923,73000,1
82.7576,4,82757556923,73000,1
82.7601,3,82757627923,2502412,0
82.7652,1,82762705935,2502412,0
82.7677,3,82765235941,2502412,0
82.7679,1,82767792947,73000,1
82.7679,2,82767792947,73000,1
82.7704,3,82767881947,2502412,0
82.773,1,82770447953,2502412,0
82.7731,1,82772986365,73000,1
82.7756,2,82773066959,2502412,0
82.7781,1,82775623965,2502412,0
82.7807,3,82778171971,2502412,0
82.7832,4,82780701977,2502412,0
82.7858,2,82783249983,2502412,0
82.7883,3,82785788989,2502412,0
82.7934,4,82790867001,2502412,0
82.7959,1,82793406007,2502412,0
82.7985,2,82795954013,2502412,0
82.801,3,82798520019,2502412,0
82.8011,2,82801059025,73000,1
82.8011,1,82801059025,73000,1
82.8039,3,82801436031,2502412,0
82.809,4,82806505043,2502412,0
82.8115,3,82809035049,2502412,0
82.8141,3,82811564461,2502412,0
82.8167,3,82814183873,2502412,0
82.8195,4,82817044285,2502412,0
82.8196,2,82819574291,73000,1
82.8222,4,82819681291,2502412,0
82.8247,1,82822211297,2502412,0
82.8273,3,82824759303,2502412,0
82.8298,1,82827316309,2502412,0
82.8299,3,82829864315,73000,1
82.8324,4,82829944315,2502412,0
82.835,1,82832519321,2502412,0
82.8376,2,82835058327,2502412,0
82.8427,4,82840154339,2502412,0
82.8452,2,82842684345,2502412,0
82.8477,3,82845241351,2502412,0
82.8479,4,82847780357,73000,1
82.8479,1,82847780357,73000,1
82.8511,3,82851036375,73000,1
82.8511,2,82851036375,73000,1
82.8536,2,82851116375,2502412,0
82.8538,3,82853745381,73000,1
82.8563,2,82853825381,2502412,0
82.8565,4,82856391387,73000,1
82.8565,1,82856391387,73000,1
82.8616,2,82859064393,2502412,0
82.8667,2,82864205405,2502412,0
82.8718,2,82869337417,2502412,0
82.8744,2,82871884829,2502412,0
82.8795,2,82877007841,2502412,0
82.8821,4,82879555847,2502412,0
82.8872,3,82884651859,2502412,0
82.8897,2,82887190865,2502412,0
82.8898,4,82889720871,73000,1
82.8898,1,82889720871,73000,1
82.8923,3,82889818871,2502412,0
82.8924,3,82892357283,73000,1
82.8949,2,82892437877,2502412,0
82.8975,2,82895021289,2502412,0
82.9001,2,82897550701,2502412,0
82.9026,1,82900089707,2502412,0
82.908,4,82905473725,2502412,0
82.9105,2,82908021731,2502412,0
82.9131,3,82910551737,2502412,0
82.9156,1,82913099743,2502412,0
82.9157,1,82915638155,73000,1
82.9157,2,82915638749,73000,1
82.9182,4,82915709749,2502412,0
82.9208,4,82918248161,2502412,0
82.9236,4,82921090573,2502412,0
82.9287,3,82926186585,2502412,0
82.9312,2,82928734591,2502412,0
82.9338,4,82931309597,2502412,0
82.9339,2,82933875603,73000,1
82.9339,1,82933875603,73000,1
82.9364,3,82933946603,2502412,0
82.9415,3,82939042615,2502412,0
82.9441,4,82941572621,2502412,0
82.9467,3,82944174627,2502412,0
82.9468,4,82946704633,73000,1
82.9493,2,82946775633,2502412,0
82.9518,2,82949305045,2502412,0
82.9547,2,82952157051,2502412,0
82.9551,3,82955011063,73000,1
82.9551,1,82955011063,73000,1
82.9576,3,82955091063,2502412,0
82.9601,3,82957638475,2502412,0
82.9602,2,82960168481,73000,1
82.9627,3,82960239481,2502412,0
82.9629,3,82962795893,73000,1
82.9629,2,82962796487,73000,1
82.9654,4,82962885487,2502412,0
82.9679,4,82965432899,2502412,0
82.9705,4,82967998311,2502412,0
82.9732,4,82973121323,73000,1
82.9732,2,82973121323,73000,1
82.9757,3,82973237323,2502412,0
82.9809,3,82978405335,2502412,0
82.986,4,82983492347,2502412,0
82.9885,3,82986031353,2502412,0
82.9937,3,82991163365,2502412,0
82.9962,4,82993693371,2502412,0
82.9963,3,82996259377,73000,1
82.9989,4,82996357377,2502412,0
83.0014,1,82998896383,2502412,0
83.0044,1,83004325401,73000,1
83.0044,4,83004325401,73000,1
83.0069,3,83004441401,2502412,0
83.0095,1,83006989407,2502412,0
83.0147,3,83012148419,2502412,0
83.0197,1,83017217431,2502412,0
83.0198,3,83019747437,73000,1
83.0198,4,83019747437,73000,1
83.0252,1,83022724443,2502412,0
83.0278,1,83025289855,2502412,0
83.0303,1,83027819267,2502412,0
83.0329,4,83030349273,2502412,0
83.0354,3,83032879279,2502412,0
83.0355,4,83035418285,73000,1
83.038,1,83035507285,2502412,0
83.0406,3,83038091291,2502412,0
83.0431,2,83040621297,2502412,0
83.0457,3,83043178303,2502412,0
83.0458,3,83045707715,73000,1
83.0483,2,83045779309,2502412,0
83.0484,1,83048309315,73000,1
83.0484,3,83048309315,73000,1
83.0509,4,83048416315,2502412,0
83.0538,2,83051288327,2502412,0
83.0592,4,83056679339,2502412,0
83.0617,4,83059217751,2502412,0
83.0643,1,83061792757,2502412,0
83.0668,4,83064331763,2502412,0
83.0694,2,83066861769,2502412,0
83.0745,4,83071975781,2502412,0
83.077,1,83074514787,2502412,0
83.0796,1,83077071199,2502412,0
83.0821,2,83079601205,2502412,0
83.0822,1,83082149211,73000,1
83.0822,4,83082149211,73000,1
83.0873,1,83084759217,2502412,0
83.0898,3,83087289223,2502412,0
83.0923,1,83089828229,2502412,0
83.0924,1,83092357641,73000,1
83.0924,3,83092358235,73000,1
83.0949,2,83092447235,2502412,0
83.1001,1,83097588247,2502412,0
83.1002,1,83100117659,73000,1
83.1002,2,83100118253,73000,1
83.1031,4,83100549259,2502412,0
83.1056,3,83103088265,2502412,0
83.1057,4,83105627271,73000,1
83.1082,2,83105698271,2502412,0
83.1107,1,83108246277,2502412,0
83.1133,2,83110776283,2502412,0
83.1158,1,83113315289,2502412,0
83.1184,3,83115863295,2502412,0
83.1209,3,83118419707,2502412,0
83.121,2,83120958713,73000,1
83.1235,1,83121038713,2502412,0
83.1265,3,83123956003,2502412,0
83.129,4,83126486009,2502412,0
83.1315,1,83129025015,2502412,0
83.1341,4,83131555021,2502412,0
83.1366,3,83134103027,2502412,0
83.1367,1,83136633033,73000,1
83.1392,2,83136731033,2502412,0
83.1443,4,83141845045,2502412,0
83.1469,3,83144375051,2502412,0
83.1494,3,83146913463,2502412,0
83.152,2,83149452469,2502412,0
83.1548,1,83152324481,2502412,0
83.1574,4,83154854487,2502412,0
83.1578,2,83157697493,73000,1
83.1578,3,83157697493,73000,1
83.1603,4,83157768493,2502412,0
83.1629,1,83160352499,2502412,0
83.1654,2,83162936505,2502412,0
83.1655,1,83165475511,73000,1
83.1655,4,83165475511,73000,1
83.168,2,83165546511,2502412,0
83.1731,4,83170642523,2502412,0
83.1757,3,83173172529,2502412,0
83.1782,2,83175738535,2502412,0
83.1808,4,83178268541,2502412,0
83.1833,2,83180798547,2502412,0
83.1858,4,83183337553,2502412,0
83.1859,3,83185867559,73000,1
83.1884,3,83185940559,2502412,0
83.191,2,83188479565,2502412,0
83.1935,4,83191036571,2502412,0
83.1961,2,83193566577,2502412,0
83.1986,3,83196105583,2502412,0
83.2011,1,83198635589,2502412,0
83.2037,2,83201165595,2502412,0
83.2065,1,83204001607,2502412,0
83.209,2,83206531613,2502412,0
83.2116,4,83209079619,2502412,0
83.2167,3,83214166631,2502412,0
83.2192,4,83216732637,2502412,0
83.2218,2,83219262643,2502412,0
83.2243,1,83221792649,2502412,0
83.2269,3,83224349655,2502412,0
83.2297,4,83227210067,2502412,0
83.2322,3,83229740073,2502412,0
83.2348,1,83232297079,2502412,0
83.2399,2,83237366091,2502412,0
83.2424,2,83239922503,2502412,0
83.2425,3,83242452509,73000,1
83.2425,4,83242452509,73000,1
83.2451,2,83242568509,2502412,0
83.2476,1,83245098515,2502412,0
83.2531,2,83250554533,2502412,0
83.2556,4,83253084539,2502412,0
83.2581,4,83255613951,2502412,0
83.261,1,83258456957,2502412,0
83.2635,4,83260986963,2502412,0
83.266,2,83263525969,2502412,0
83.2686,4,83266082975,2502412,0
83.2737,3,83271151987,2502412,0
83.2762,1,83273708993,2502412,0
83.2787,2,83276238999,2502412,0
83.2813,4,83278778005,2502412,0
83.2838,2,83281335011,2502412,0
83.2864,3,83283883017,2502412,0
83.2865,3,83286421429,73000,1
83.2865,4,83286422023,73000,1
83.2866,2,83286493023,73000,1
83.2866,1,83286493023,73000,1
83.2892,2,83286681023,2502412,0
83.2917,2,83289219435,2502412,0
83.2944,2,83294342447,73000,1
83.2944,4,83294342447,73000,1
83.2969,1,83294422447,2502412,0
83.2971,3,83296979453,73000,1
83.2996,1,83297095453,2502412,0
83.3021,1,83299624865,2502412,0
83.3075,1,83305035883,2502412,0
83.3101,2,83307637889,2502412,0
83.3152,4,83312724901,2502412,0
83.3178,1,83315263907,2502412,0
83.3203,1,83317793319,2502412,0
83.3228,1,83320331731,2502412,0
83.3254,4,83322870737,2502412,0
83.3255,1,83325400743,73000,1
83.328,2,83325471743,2502412,0
83.3305,3,83328001749,2502412,0
83.3334,3,83330853161,2502412,0
83.3359,4,83333392167,2502412,0
83.3385,2,83335985173,2502412,0
83.3412,4,83341081185,73000,1
83.3412,3,83341081185,73000,1
83.3437,2,83341170185,2502412,0
83.3462,2,83343699597,2502412,0
83.3488,1,83346247603,2502412,0
83.3514,1,83351361615,73000,1
83.3515,4,83351450615,73000,1
83.354,2,83351521615,2502412,0
83.3542,3,83354078621,73000,1
83.3567,1,83354158621,2502412,0
83.362,2,83359542639,2502412,0
83.3649,1,83362412645,2502412,0
83.3674,2,83364942651,2502412,0
83.37,2,83367472063,2502412,0
83.3725,2,83370019475,2502412,0
83.3727,2,83372584887,73000,1
83.3752,1,83372683481,2502412,0
83.3754,1,83375293893,73000,1
83.3754,2,83375294487,73000,1
83.3805,4,83377985493,2502412,0
83.3856,1,83383081505,2502412,0
83.3881,3,83385647511,2502412,0
83.3883,1,83388177517,73000,1
83.3883,4,83388177517,73000,1
83.3908,2,83388248517,2502412,0
83.3958,2,83393335529,2502412,0
83.3984,2,83395873941,2502412,0
83.4009,3,83398439947,2502412,0
83.4035,3,83400969359,2502412,0
83.4089,1,83406353377,2502412,0
83.4114,4,83408883383,2502412,0
83.4139,4,83411412795,2502412,0
83.4165,2,83413969801,2502412,0
83.419,3,83416535807,2502412,0
83.4241,1,83421613819,2502412,0
83.4266,1,83424143231,2502412,0
83.4267,1,83426672643,73000,1
83.4267,2,83426673237,73000,1
83.4292,4,83426744237,2502412,0
83.4318,3,83429310243,2502412,0
83.4347,4,83432161655,2502412,0
83.4348,4,83434709067,73000,1
83.4348,2,83434709661,73000,1
83.4373,4,83434782067,2502412,0
83.4374,3,83437312073,73000,1
83.44,4,83437500073,2502412,0
83.4426,1,83440048079,2502412,0
83.4451,3,83442578085,2502412,0
83.4502,1,83447674097,2502412,0
83.4503,1,83450212509,73000,1
83.4528,3,83450293103,2502412,0
83.4529,3,83452822515,73000,1
83.4554,4,83452894109,2502412,0
83.4579,4,83455432521,2502412,0
83.4609,4,83458411533,2502412,0
83.4635,2,83460986539,2502412,0
83.4639,1,83463856545,73000,1
83.4665,4,83463963545,2502412,0
83.469,3,83466511551,2502412,0
83.4716,4,83469059557,2502412,0
83.4741,2,83471589563,2502412,0
83.4792,3,83476658575,2502412,0
83.4817,4,83479233581,2502412,0
83.4843,3,83481763587,2502412,0
83.4868,3,83484292999,2502412,0
83.4894,3,83486849411,2502412,0
83.4895,2,83489379417,73000,1
83.492,3,83489468417,2502412,0
83.4945,4,83492016423,2502412,0
83.4971,3,83494573429,2502412,0
83.4996,3,83497129841,2502412,0
83.5022,1,83499659847,2502412,0
83.5026,3,83502495859,73000,1
83.5026,4,83502495859,73000,1
83.5051,1,83502593859,2502412,0
83.5077,2,83505177865,2502412,0
83.5128,1,83510282877,2502412,0
83.5153,3,83512821883,2502412,0
83.5179,1,83515360889,2502412,0
83.5204,1,83517890301,2502412,0
83.5229,2,83520429307,2502412,0
83.5255,4,83522959313,2502412,0
83.5306,3,83528055325,2502412,0
83.5331,4,83530585331,2502412,0
83.5356,1,83533133337,2502412,0
83.5385,2,83536002749,2502412,0
83.5411,1,83538550755,2502412,0
83.5436,4,83541089761,2502412,0
83.5487,3,83546158773,2502412,0
83.5512,2,83548688779,2502412,0
83.5541,4,83551578791,2502412,0
83.5542,2,83554108797,73000,1
83.5542,3,83554108797,73000,1
83.5542,1,83554108797,73000,1
83.5567,1,83554215797,2502412,0
83.5618,1,83559320809,2502412,0
83.5644,4,83561859815,2502412,0
83.5669,4,83564398227,2502412,0
83.5698,1,83567259233,2502412,0
83.5723,1,83569824645,2502412,0
83.5774,4,83574884657,2502412,0
83.5799,2,83577423663,2502412,0
83.5801,2,83579980075,73000,1
83.5801,3,83579980669,73000,1
83.5826,1,83580096669,2502412,0
83.5827,1,83582635081,73000,1
83.5827,2,83582635675,73000,1
83.5877,4,83585236681,2502412,0
83.5903,4,83587802093,2502412,0
83.5929,4,83590403505,2502412,0
83.598,1,83595490517,2502412,0
83.6005,4,83598020523,2502412,0
83.6035,1,83603449541,73000,1
83.6035,2,83603449541,73000,1
83.606,4,83603529541,2502412,0
83.6086,3,83606113547,2502412,0
83.6087,4,83608661553,73000,1
83.6113,1,83608804553,2502412,0
83.6139,3,83611352559,2502412,0
83.619,4,83616448571,2502412,0
83.6215,1,83619005577,2502412,0
83.624,3,83621535583,2502412,0
83.6291,4,83626640595,2502412,0
83.6293,3,83629206601,73000,1
83.6293,1,83629206601,73000,1
83.6343,4,83631834607,2502412,0
83.6369,4,83634400019,2502412,0
83.6398,1,83637251431,2502412,0
83.6423,1,83639780843,2502412,0
83.6474,4,83644876855,2502412,0
83.6499,4,83647415267,2502412,0
83.6524,1,83649945273,2502412,0
83.6553,3,83652799285,2502412,0
83.6578,4,83655329291,2502412,0
83.663,1,83660452303,2502412,0
83.6655,4,83663000309,2502412,0
83.6656,4,83665529721,73000,1
83.6656,3,83665530315,73000,1
83.6681,4,83665610315,2502412,0
83.6735,1,83671037327,2502412,0
83.6761,4,83673612333,2502412,0
83.6787,3,83676196339,2502412,0
83.6788,1,83678726345,73000,1
83.6813,4,83678806345,2502412,0
83.6839,4,83681353757,2502412,0
83.6864,3,83683910763,2502412,0
83.6865,4,83686440769,73000,1
83.6865,2,83686440769,73000,1
83.6916,1,83689095775,2502412,0
83.6941,3,83691625781,2502412,0
83.6967,3,83694182193,2502412,0
83.6992,1,83696730199,2502412,0
83.7047,1,83702150217,2502412,0
83.7072,3,83704698223,2502412,0
83.7097,1,83707246229,2502412,0
83.7123,4,83709785235,2502412,0
83.7174,3,83714890247,2502412,0
83.7199,1,83717429253,2502412,0
83.7225,4,83719968259,2502412,0
83.725,3,83722516265,2502412,0
83.7276,4,83725055271,2502412,0
83.7326,1,83730142283,2502412,0
83.7352,1,83732671695,2502412,0
83.7353,1,83735201107,73000,1
83.7353,3,83735201701,73000,1
83.7378,4,83735299701,2502412,0
83.7403,4,83737829113,2502412,0
83.7458,4,83743273531,2502412,0
83.7484,4,83745874943,2502412,0
83.7509,3,83748404949,2502412,0
83.7563,1,83753788967,2502412,0
83.7588,3,83756318973,2502412,0
83.759,1,83758911979,73000,1
83.759,4,83758911979,73000,1
83.7641,4,83761548985,2502412,0
83.7666,3,83764078991,2502412,0
83.7691,3,83766626403,2502412,0
83.7746,4,83772079821,2502412,0
83.7771,1,83774636827,2502412,0
83.7797,3,83777166833,2502412,0
83.7822,3,83779696245,2502412,0
83.7873,1,83784774257,2502412,0
83.7898,4,83787304263,2502412,0
83.7923,3,83789843269,2502412,0
83.7949,3,83792408681,2502412,0
83.7974,4,83794938687,2502412,0
83.8,1,83797477693,2502412,0
83.8054,3,83802870711,2502412,0
83.8055,1,83805409717,73000,1
83.8055,4,83805409717,73000,1
83.8081,3,83805561717,2502412,0
83.8132,1,83810666729,2502412,0
83.8157,1,83813196141,2502412,0
83.8182,2,83815726147,2502412,0
83.8208,1,83818256153,2502412,0
83.8233,4,83820795159,2502412,0
83.8258,3,83823334165,2502412,0
83.8309,4,83828412177,2502412,0
83.8335,1,83830978183,2502412,0
83.836,2,83833517189,2502412,0
83.8386,4,83836056195,2502412,0
83.8387,2,83838595201,73000,1
83.8387,3,83838595201,73000,1
83.8412,1,83838666201,2502412,0
83.8466,1,83844092619,2502412,0
83.8491,3,83846631625,2502412,0
83.8492,1,83849161631,73000,1
83.8492,2,83849161631,73000,1
83.8517,4,83849241631,2502412,0
83.8546,4,83852104643,2502412,0
83.8571,3,83854634649,2502412,0
83.8623,1,83859748661,2502412,0
83.8648,1,83862278073,2502412,0
83.8673,4,83864835079,2502412,0
83.8699,2,83867374085,2502412,0
83.8724,3,83869904091,2502412,0
83.8752,1,83872747097,2502412,0
83.8754,1,83875303509,73000,1
83.8754,2,83875304103,73000,1
83.8779,4,83875375103,2502412,0
83.883,3,83880507115,2502412,0
83.8831,4,83883046121,73000,1
83.8831,1,83883046121,73000,1
83.8857,3,83883180121,2502412,0
83.8882,3,83885718533,2502412,0
83.8883,3,83888247945,73000,1
83.8883,2,83888248539,73000,1
83.8909,3,83888355539,2502412,0
83.891,3,83890965951,73000,1
83.8935,4,83891046545,2502412,0
83.8961,4,83893629957,2502412,0
83.9013,1,83898761969,2502412,0
83.9014,4,83901300975,73000,1
83.9014,2,83901300975,73000,1
83.9068,3,83904288987,2502412,0
83.9093,1,83906818993,2502412,0
83.9144,3,83911933005,2502412,0
83.917,4,83914499011,2502412,0
83.9221,1,83919559023,2502412,0
83.9246,3,83922143029,2502412,0
83.9272,1,83924691035,2502412,0
83.9323,4,83929760047,2502412,0
83.9348,3,83932308053,2502412,0
83.9373,3,83934846465,2502412,0
83.9399,1,83937394471,2502412,0
83.945,4,83942481483,2502412,0
83.9478,1,83945341895,2502412,0
83.9504,3,83947880901,2502412,0
83.9532,4,83950743913,2502412,0
83.9558,1,83953282919,2502412,0
83.9583,4,83955812925,2502412,0
83.9634,3,83960899937,2502412,0
83.9659,1,83963438943,2502412,0
83.9685,4,83965968949,2502412,0
83.9687,4,83968597361,73000,1
83.9687,1,83968597955,73000,1
83.9712,3,83968668955,2502412,0
83.9737,3,83971198367,2502412,0
83.9763,2,83973791373,2502412,0
83.9767,1,83976652379,73000,1
83.9768,3,83976750379,73000,1
83.9768,1,83976750379,73000,1
83.9793,4,83976839379,2502412,0
83.9819,3,83979378385,2502412,0
83.9844,3,83981907797,2502412,0
83.9845,2,83984455803,73000,1
83.987,2,83984528803,2502412,0
83.9871,3,83987058809,73000,1
83.9897,4,83987147809,2502412,0
83.9948,2,83992252821,2502412,0
83.9973,4,83994809827,2502412,0
83.9974,3,83997375833,73000,1
84,2,83997455833,2502412,0
84.0028,3,84000345845,2502412,0
84.0054,4,84002884851,2502412,0
84.0055,3,84005414857,73000,1
84.0055,1,84005414857,73000,1
84.008,2,84005503857,2502412,0
84.0106,2,84008096269,2502412,0
84.0131,4,84010644275,2502412,0
84.0182,3,84015713287,2502412,0
84.0207,3,84018242699,2502412,0
84.0233,4,84020808705,2502412,0
84.0258,2,84023338711,2502412,0
84.0284,3,84025886717,2502412,0
84.0335,4,84031000729,2502412,0
84.036,3,84033530735,2502412,0
84.0386,2,84036069741,2502412,0
84.0411,4,84038617747,2502412,0
84.0436,4,84041147159,2502412,0
84.049,3,84046529171,2502412,0
84.0516,4,84049068177,2502412,0
84.052,3,84051958189,73000,1
84.052,2,84051958189,73000,1
84.0545,2,84052031189,2502412,0
84.0571,2,84054560601,2502412,0
84.0596,4,84057090607,2502412,0
84.0647,2,84062204619,2502412,0
84.0648,2,84064734031,73000,1
84.0648,1,84064734625,73000,1
84.0673,3,84064805625,2502412,0
84.0698,4,84067344631,2502412,0
84.07,2,84069946637,73000,1
84.0725,3,84070035637,2502412,0
84.0751,4,84072574643,2502412,0
84.0776,4,84075131055,2502412,0
84.0831,3,84080567067,2502412,0
84.0856,3,84083105479,2502412,0
84.0857,4,84085653485,73000,1
84.0857,1,84085653485,73000,1
84.0908,4,84088299491,2502412,0
84.0933,3,84090829497,2502412,0
84.0959,3,84093385909,2502412,0
84.096,4,84095960915,73000,1
84.0986,3,84096085915,2502412,0
84.1011,4,84098642921,2502412,0
84.1012,4,84101172333,73000,1
84.1013,3,84101243927,73000,1
84.1042,4,84101647933,2502412,0
84.1067,2,84104177939,2502412,0
84.1068,2,84106743351,73000,1
84.1068,4,84106743945,73000,1
84.112,4,84109452951,2502412,0
84.1171,3,84114548963,2502412,0
84.1196,3,84117105375,2502412,0
84.1197,4,84119662381,73000,1
84.1222,2,84119733381,2502412,0
84.1248,2,84122262793,2502412,0
84.1273,4,84124801799,2502412,0
84.1299,2,84127349805,2502412,0
84.1324,3,84129897811,2502412,0
84.1349,3,84132427223,2502412,0
84.14,4,84137523235,2502412,0
84.1401,3,84140062241,73000,1
84.1401,2,84140062241,73000,1
84.1427,4,84140178241,2502412,0
84.1478,3,84145274253,2502412,0
84.1506,4,84148134665,2502412,0
84.1532,3,84150664671,2502412,0
84.156,4,84153500683,2502412,0
84.1585,4,84156039095,2502412,0
84.1611,2,84158569101,2502412,0
84.1662,3,84163665113,2502412,0
84.1687,4,84166213119,2502412,0
84.1713,2,84168779125,2502412,0
84.1738,4,84171309131,2502412,0
84.1763,4,84173838543,2502412,0
84.1789,4,84176367955,2502412,0
84.1814,3,84178897961,2502412,0
84.1842,1,84181740967,2502412,0
84.1868,4,84184270973,2502412,0
84.1918,2,84189339985,2502412,0
84.1944,4,84191896991,2502412,0
84.1969,3,84194435997,2502412,0
84.1995,4,84196966003,2502412,0
84.202,1,84199523009,2502412,0
84.2046,4,84202053015,2502412,0
84.2074,1,84204898027,2502412,0
84.2075,3,84207437033,73000,1
84.2075,2,84207437033,73000,1
84.2126,1,84210074039,2502412,0
84.2152,4,84212649045,2502412,0
84.2177,3,84215188051,2502412,0
84.2202,1,84217727057,2502412,0
84.2228,1,84220274469,2502412,0
84.2253,4,84222813475,2502412,0
84.2279,1,84225361481,2502412,0
84.228,3,84227900487,73000,1
84.2305,2,84228007487,2502412,0
84.233,3,84230537493,2502412,0
84.2332,3,84233093905,73000,1
84.2332,1,84233094499,73000,1
84.2332,4,84233094499,73000,1
84.2357,1,84233201499,2502412,0
84.2382,1,84235739911,2502412,0
84.2384,2,84238278917,73000,1
84.2409,1,84238367917,2502412,0
84.2434,4,84240924923,2502412,0
84.246,3,84243463929,2502412,0
84.2485,3,84246011341,2502412,0
84.2486,3,84248540753,73000,1
84.2486,4,84248541347,73000,1
84.2487,1,84248630347,73000,1
84.2512,1,84248719347,2502412,0
84.2516,2,84251561759,73000,1
84.2516,4,84251561759,73000,1
84.257,1,84254531771,2502412,0
84.2596,1,84257115183,2502412,0
84.2623,1,84262184195,73000,1
84.2623,3,84262184195,73000,1
84.265,1,84264884201,73000,1
84.265,3,84264884201,73000,1
84.2675,4,84264964201,2502412,0
84.27,4,84267493613,2502412,0
84.2751,4,84272616625,2502412,0
84.2777,4,84275191037,2502412,0
84.2828,1,84280278049,2502412,0
84.2857,2,84283157055,2502412,0
84.2858,1,84285687061,73000,1
84.2858,3,84285687061,73000,1
84.2883,4,84285758061,2502412,0
84.2934,2,84290872073,2502412,0
84.2959,1,84293438079,2502412,0
84.2961,1,84295985491,73000,1
84.2961,4,84295986085,73000,1
84.3011,2,84298596091,2502412,0
84.3039,4,84301441103,2502412,0
84.3065,4,84303988515,2502412,0
84.309,1,84306518521,2502412,0
84.3116,2,84309075527,2502412,0
84.3117,4,84311614533,73000,1
84.3142,4,84311694533,2502412,0
84.3168,2,84314260539,2502412,0
84.3193,4,84316799545,2502412,0
84.3218,1,84319329551,2502412,0
84.3269,4,84324443563,2502412,0
84.3271,1,84327009569,73000,1
84.3271,2,84327009569,73000,1
84.3322,4,84329673575,2502412,0
84.3347,1,84332230581,2502412,0
84.3373,4,84334787587,2502412,0
84.3398,4,84337316999,2502412,0
84.3449,4,84342413011,2502412,0
84.3475,1,84344952017,2502412,0
84.35,2,84347509023,2502412,0
84.3528,1,84350345035,2502412,0
84.3557,2,84353205447,2502412,0
84.3558,4,84355735453,73000,1
84.3584,1,84355878453,2502412,0
84.3609,2,84358444459,2502412,0
84.3611,4,84360983465,73000,1
84.3636,1,84361081465,2502412,0
84.3637,1,84363655877,73000,1
84.3637,2,84363656471,73000,1
84.3638,2,84363736471,73000,1
84.3689,2,84366400477,2502412,0
84.3691,2,84368992889,73000,1
84.3691,1,84368993483,73000,1
84.3767,2,84374222901,2502412,0
84.3793,4,84376779907,2502412,0
84.3794,4,84379336319,73000,1
84.3794,2,84379336913,73000,1
84.382,2,84379488913,2502412,0
84.3874,4,84384879331,2502412,0
84.3899,2,84387427337,2502412,0
84.3925,4,84389984343,2502412,0
84.3976,4,84395071355,2502412,0
84.4001,1,84397610361,2502412,0
84.4027,2,84400149367,2502412,0
84.4055,1,84403012379,2502412,0
84.4056,4,84405542385,73000,1
84.4082,2,84405649385,2502412,0
84.4107,1,84408179391,2502412,0
84.4132,1,84410726803,2502412,0
84.4158,3,84413256809,2502412,0
84.4183,1,84415786815,2502412,0
84.4208,1,84418316227,2502412,0
84.4259,3,84423412239,2502412,0
84.4284,1,84425942245,2502412,0
84.431,2,84428472251,2502412,0
84.4335,1,84431020257,2502412,0
84.4361,4,84433595263,2502412,0
84.4386,1,84436125269,2502412,0
84.4412,1,84438654681,2502412,0
84.4437,2,84441184687,2502412,0
84.4438,3,84443714693,73000,1
84.4463,3,84443812693,2502412,0
84.4464,3,84446342105,73000,1
84.4464,1,84446342699,73000,1
84.4489,4,84446413699,2502412,0
84.4515,2,84448952705,2502412,0
84.454,4,84451482711,2502412,0
84.4568,4,84454336723,2502412,0
84.4597,3,84457179135,2502412,0
84.4622,4,84459736141,2502412,0
84.4648,2,84462266147,2502412,0
84.4699,4,84467353159,2502412,0
84.4724,1,84469892165,2502412,0
84.475,3,84472449171,2502412,0
84.4775,2,84474997177,2502412,0
84.4776,2,84477535589,73000,1
84.4776,3,84477536183,73000,1
84.4776,4,84477536183,73000,1
84.4801,1,84477625183,2502412,0
84.4827,4,84480191189,2502412,0
84.4828,1,84482721195,73000,1
84.4853,1,84482794195,2502412,0
84.4879,1,84485350607,2502412,0
84.4907,1,84488193613,2502412,0
84.4932,1,84490723025,2502412,0
84.4958,1,84493279437,2502412,0
84.4983,4,84495818443,2502412,0
84.5009,3,84498366449,2502412,0
84.5037,1,84501211461,2502412,0
84.5088,2,84506271473,2502412,0
84.5089,1,84508828479,73000,1
84.5089,4,84508828479,73000,1
84.5114,3,84508899479,2502412,0
84.514,2,84511474485,2502412,0
84.5165,3,84514031491,2502412,0
84.5192,3,84519136503,73000,1
84.5192,4,84519136503,73000,1
84.5217,1,84519234503,2502412,0
84.5243,2,84521764509,2502412,0
84.5268,1,84524294515,2502412,0
84.5294,2,84526860521,2502412,0
84.5321,1,84531983533,73000,1
84.5321,3,84531983533,73000,1
84.5346,2,84532081533,2502412,0
84.5371,3,84534611539,2502412,0
84.5396,4,84537141545,2502412,0
84.5423,3,84542228557,73000,1
84.5423,2,84542228557,73000,1
84.5448,1,84542299557,2502412,0
84.5473,4,84544829563,2502412,0
84.5499,1,84547359569,2502412,0
84.5524,1,84549933981,2502412,0
84.5553,1,84552796993,2502412,0
84.5607,4,84558170005,2502412,0
84.5632,4,84560717417,2502412,0
84.5658,2,84563274423,2502412,0
84.5659,4,84565822429,73000,1
84.5659,3,84565822429,73000,1
84.5684,1,84565920429,2502412,0
84.5686,2,84568477435,73000,1
84.5711,2,84568593435,2502412,0
84.5712,2,84571158847,73000,1
84.5712,1,84571159441,73000,1
84.5764,4,84573850447,2502412,0
84.5815,3,84578964459,2502412,0
84.5816,3,84581511871,73000,1
84.5816,2,84581512465,73000,1
84.5866,4,84584140471,2502412,0
84.5892,1,84586688477,2502412,0
84.592,2,84589531483,2502412,0
84.5946,1,84592106489,2502412,0
84.5997,4,84597193501,2502412,0
84.6022,3,84599732507,2502412,0
84.6051,2,84602577519,2502412,0
84.6076,2,84605115931,2502412,0
84.6102,1,84607672937,2502412,0
84.6152,4,84612732949,2502412,0
84.6178,3,84615262955,2502412,0
84.6203,1,84617801961,2502412,0
84.6204,1,84620331373,73000,1
84.6204,2,84620331967,73000,1
84.6229,2,84620420967,2502412,0
84.6255,2,84622950379,2502412,0
84.6256,3,84625480385,73000,1
84.6256,4,84625480385,73000,1
84.6281,2,84625560385,2502412,0
84.6307,1,84630647397,73000,1
84.6307,4,84630647397,73000,1
84.6333,3,84630781397,2502412,0
84.6358,2,84633329403,2502412,0
84.636,3,84635877409,73000,1
84.636,4,84635877409,73000,1
84.6385,2,84635948409,2502412,0
84.641,2,84638504821,2502412,0
84.6461,2,84643582833,2502412,0
84.6487,3,84646148839,2502412,0
84.6512,2,84648705845,2502412,0
84.6537,2,84651235257,2502412,0
84.6566,1,84654071269,2502412,0
84.6591,2,84656610275,2502412,0
84.6645,4,84662010287,2502412,0
84.6671,3,84664558293,2502412,0
84.6696,1,84667088299,2502412,0
84.6721,2,84669636305,2502412,0
84.6747,1,84672175311,2502412,0
84.6772,4,84674705317,2502412,0
84.6773,1,84677271323,73000,1
84.6798,4,84677342323,2502412,0
84.6824,2,84679872329,2502412,0
84.6825,2,84682401741,73000,1
84.6825,3,84682402335,73000,1
84.685,2,84682500335,2502412,0
84.6875,4,84685030341,2502412,0
84.6901,4,84687595753,2502412,0
84.6926,3,84690125759,2502412,0
84.693,3,84692968765,73000,1
84.693,1,84692968765,73000,1
84.6955,2,84693039765,2502412,0
84.7006,1,84698126777,2502412,0
84.7035,2,84700962789,2502412,0
84.706,4,84703510795,2502412,0
84.7086,4,84706103207,2502412,0
84.7087,4,84708632619,73000,1
84.7087,2,84708633213,73000,1
84.7112,1,84708722213,2502412,0
84.7138,1,84711251625,2502412,0
84.7188,2,84716338637,2502412,0
84.7214,2,84718877049,2502412,0
84.7239,3,84721416055,2502412,0
84.7265,1,84724000061,2502412,0
84.729,1,84726538473,2502412,0
84.7316,3,84729077479,2502412,0
84.7366,2,84734137491,2502412,0
84.7392,4,84736667497,2502412,0
84.7417,3,84739224503,2502412,0
84.7443,1,84741772509,2502412,0
84.7468,2,84744320515,2502412,0
84.7494,3,84746859521,2502412,0
84.7495,3,84749397933,73000,1
84.7495,1,84749398527,73000,1
84.752,2,84749469527,2502412,0
84.7521,4,84751999533,73000,1
84.7549,2,84752421539,2502412,0
84.7575,2,84754950951,2502412,0
84.76,3,84757543957,2502412,0
84.7602,3,84760091369,73000,1
84.7602,2,84760091963,73000,1
84.7655,3,84763023969,2502412,0
84.7681,1,84765607975,2502412,0
84.7706,4,84768137981,2502412,0
84.7732,1,84770676987,2502412,0
84.7733,1,84773224399,73000,1
84.7733,3,84773224993,73000,1
84.7734,4,84773295993,73000,1
84.7759,2,84773366993,2502412,0
84.7784,3,84775941999,2502412,0
84.781,3,84778489411,2502412,0
84.7835,3,84781018823,2502412,0
84.7836,3,84783575235,73000,1
84.7836,2,84783575829,73000,1
84.7863,1,84786221835,73000,1
84.7863,3,84786221835,73000,1
84.7888,3,84786301835,2502412,0
84.7913,4,84788840841,2502412,0
84.7939,3,84791397847,2502412,0
84.7993,4,84796788859,2502412,0
84.8018,1,84799336865,2502412,0
84.8047,3,84802181877,2502412,0
84.8072,3,84804747289,2502412,0
84.8074,2,84807295295,73000,1
84.8099,4,84807375295,2502412,0
84.8124,1,84809932301,2502412,0
84.815,3,84812516307,2502412,0
84.8175,3,84815045719,2502412,0
84.8202,1,84820123731,73000,1
84.8202,4,84820123731,73000,1
84.8227,2,84820221731,2502412,0
84.8253,1,84822751737,2502412,0
84.8278,3,84825290743,2502412,0
84.8279,2,84827820749,73000,1
84.8279,4,84827820749,73000,1
84.8304,4,84827900749,2502412,0
84.8305,3,84830439755,73000,1
84.8305,2,84830439755,73000,1
84.8356,4,84833067761,2502412,0
84.8381,4,84835597173,2502412,0
84.8406,1,84838136179,2502412,0
84.8432,4,84840693185,2502412,0
84.8458,1,84843250191,2502412,0
84.8459,1,84845806603,73000,1
84.8484,4,84845914197,2502412,0
84.851,3,84848471203,2502412,0
84.8538,4,84851343215,2502412,0
84.8564,3,84853873221,2502412,0
84.8565,3,84856402633,73000,1
84.859,4,84856483227,2502412,0
84.8615,4,84859030639,2502412,0
84.8617,3,84861587645,73000,1
84.8617,2,84861587645,73000,1
84.8617,1,84861658645,73000,1
84.8617,3,84861660645,73000,1
84.8642,4,84861740645,2502412,0
84.8643,2,84864270651,73000,1
84.8643,1,84864270651,73000,1
84.8698,4,84867301657,2502412,0
84.8749,4,84872415669,2502412,0
84.8775,1,84874954675,2502412,0
84.88,1,84877511087,2502412,0
84.8825,1,84880040499,2502412,0
84.8876,1,84885136511,2502412,0
84.8902,4,84887684517,2502412,0
84.8929,4,84892816529,73000,1
84.8929,1,84892816529,73000,1
84.8954,4,84892905529,2502412,0
84.8956,4,84895479941,73000,1
84.8981,1,84895587535,2502412,0
84.9009,4,84898430541,2502412,0
84.9014,4,84901311553,73000,1
84.9015,1,84901418553,73000,1
84.9015,4,84901418553,73000,1
84.9042,3,84904163559,73000,1
84.9067,1,84904234559,2502412,0
84.9093,1,84906781971,2502412,0
84.9118,4,84909329977,2502412,0
84.9169,4,84914425989,2502412,0
84.9195,4,84916964401,2502412,0
84.922,4,84919511813,2502412,0
84.9245,1,84922041819,2502412,0
84.9297,4,84927191831,2502412,0
84.9322,1,84929730837,2502412,0
84.9373,1,84934817849,2502412,0
84.9399,1,84937383261,2502412,0
84.9424,4,84939931267,2502412,0
84.9426,4,84942478679,73000,1
84.9451,1,84942550273,2502412,0
84.9502,1,84947718285,2502412,0
84.9531,1,84950590297,2502412,0
84.9556,4,84953129303,2502412,0
84.9607,4,84958198315,2502412,0
84.9633,1,84960764321,2502412,0
84.9684,1,84965887333,2502412,0
84.9712,4,84968738745,2502412,0
84.9738,3,84971268751,2502412,0
84.9763,3,84973834163,2502412,0
84.9765,4,84976382169,73000,1
84.9765,1,84976382169,73000,1
84.979,1,84976455169,2502412,0
84.9815,4,84979003175,2502412,0
84.9841,3,84981551181,2502412,0
84.9866,1,84984090187,2502412,0
84.9891,1,84986637599,2502412,0
84.9917,1,84989176011,2502412,0
84.9967,4,84994245023,2502412,0
84.9968,4,84996774435,73000,1
84.9968,3,84996775029,73000,1
84.9994,3,84996873029,2502412,0
85.0022,1,84999716035,2502412,0
85.0026,3,85002552047,73000,1
85.0026,4,85002552047,73000,1
85.0051,2,85002641047,2502412,0
85.0077,3,85005189053,2502412,0
85.0128,3,85010267065,2502412,0
85.0153,1,85012797071,2502412,0
85.0178,2,85015345077,2502412,0
85.0204,3,85017893083,2502412,0
85.0229,3,85020431495,2502412,0
85.0255,2,85022979501,2502412,0
85.0256,3,85025509507,73000,1
85.0256,1,85025509507,73000,1
85.0281,4,85025580507,2502412,0
85.0332,4,85030721519,2502412,0
85.0358,2,85033260525,2502412,0
85.0383,1,85035817531,2502412,0
85.0384,1,85038373943,73000,1
85.0384,3,85038374537,73000,1
85.0409,2,85038445537,2502412,0
85.0435,4,85040984543,2502412,0
85.0486,2,85046053555,2502412,0
85.0511,1,85048619561,2502412,0
85.0537,4,85051149567,2502412,0
85.0538,1,85053679573,73000,1
85.0566,2,85054085579,2502412,0
85.0567,4,85056651585,73000,1
85.0593,4,85056749585,2502412,0
85.0618,3,85059306591,2502412,0
85.0619,2,85061845597,73000,1
85.0619,1,85061845597,73000,1
85.0644,4,85061934597,2502412,0
85.067,2,85064491603,2502412,0
85.0724,2,85069873615,2502412,0
85.0749,2,85072421027,2502412,0
85.0775,3,85074951033,2502412,0
85.08,4,85077508039,2502412,0
85.0826,3,85080074045,2502412,0
85.0877,2,85085152057,2502412,0
85.0902,3,85087682063,2502412,0
85.0927,3,85090238475,2502412,0
85.0953,4,85092777481,2502412,0
85.0978,2,85095343487,2502412,0
85.1036,2,85101067505,2502412,0
85.1061,3,85103597511,2502412,0
85.1086,4,85106136517,2502412,0
85.1112,4,85108692929,2502412,0
85.1113,3,85111240935,73000,1
85.1138,3,85111313935,2502412,0
85.1164,1,85113861941,2502412,0
85.1165,3,85116400947,73000,1
85.1165,2,85116400947,73000,1
85.1166,1,85116489947,73000,1
85.1166,4,85116489947,73000,1
85.1217,4,85119234953,2502412,0
85.1268,2,85124321965,2502412,0
85.1294,4,85126860971,2502412,0
85.1319,3,85129390977,2502412,0
85.1344,2,85131920983,2502412,0
85.137,4,85134468989,2502412,0
85.1395,2,85136998995,2502412,0
85.1396,1,85139529001,73000,1
85.1422,1,85139654001,2502412,0
85.1447,3,85142184007,2502412,0
85.1448,3,85144740419,73000,1
85.1448,4,85144741013,73000,1
85.1449,1,85144812013,73000,1
85.1449,3,85144813419,73000,1
85.1474,2,85144884419,2502412,0
85.1528,2,85150331437,2502412,0
85.153,2,85152878849,73000,1
85.153,1,85152879443,73000,1
85.1555,2,85152977443,2502412,0
85.1606,4,85158082455,2502412,0
85.1608,4,85160683867,73000,1
85.1608,2,85160684461,73000,1
85.1685,2,85165958879,2502412,0
85.1735,2,85171036891,2502412,0
85.1764,4,85173906303,2502412,0
85.1789,3,85176436309,2502412,0
85.184,1,85181541321,2502412,0
85.1866,2,85184089327,2502412,0
85.1867,3,85186619333,73000,1
85.1867,4,85186619333,73000,1
85.1892,4,85186717333,2502412,0
85.1943,1,85191804345,2502412,0
85.1969,4,85194361351,2502412,0
85.1994,2,85196891357,2502412,0
85.202,3,85199466363,2502412,0
85.2076,2,85205144787,2502412,0
85.2102,4,85207674793,2502412,0
85.2127,1,85210213799,2502412,0
85.2153,4,85212752805,2502412,0
85.2154,4,85215282217,73000,1
85.2154,1,85215282811,73000,1
85.2179,3,85215389811,2502412,0
85.2204,1,85217928817,2502412,0
85.2231,1,85222988829,73000,1
85.2231,2,85222988829,73000,1
85.2256,4,85223131829,2502412,0
85.2282,3,85225679835,2502412,0
85.2307,1,85228209841,2502412,0
85.2358,1,85233305853,2502412,0
85.2383,1,85235835265,2502412,0
85.2409,4,85238365271,2502412,0
85.241,4,85240948683,73000,1
85.241,3,85240949277,73000,1
85.2435,2,85241047277,2502412,0
85.2437,3,85243577283,73000,1
85.2462,1,85243657283,2502412,0
85.2487,4,85246214289,2502412,0
85.2513,1,85248771295,2502412,0
85.2541,2,85251616307,2502412,0
85.2567,2,85254154719,2502412,0
85.2617,1,85259223731,2502412,0
85.2643,3,85261771737,2502412,0
85.2668,4,85264301743,2502412,0
85.2693,2,85266840749,2502412,0
85.2719,2,85269379161,2502412,0
85.2744,4,85271927167,2502412,0
85.2774,3,85277326585,73000,1
85.2774,1,85277326585,73000,1
85.2799,4,85277406585,2502412,0
85.2824,2,85279936591,2502412,0
85.285,1,85282529597,2502412,0
85.2876,2,85285059603,2502412,0
85.2901,4,85287598609,2502412,0
85.2952,3,85292703621,2502412,0
85.2953,2,85295251627,73000,1
85.2953,1,85295251627,73000,1
85.2954,4,85295349627,73000,1
85.2954,2,85295349627,73000,1
85.3005,3,85298004633,2502412,0
85.3006,3,85300534045,73000,1
85.3006,1,85300534639,73000,1
85.3011,4,85301001645,73000,1
85.3062,3,85303701651,2502412,0
85.3091,3,85306553657,2502412,0
85.3092,3,85309110069,73000,1
85.3092,4,85309110663,73000,1
85.3143,3,85311774669,2502412,0
85.3168,1,85314322675,2502412,0
85.3194,3,85316861681,2502412,0
85.322,3,85321930693,73000,1
85.322,1,85321930693,73000,1
85.3245,2,85322001693,2502412,0
85.3271,2,85324549105,2502412,0
85.3296,1,85327097111,2502412,0
85.3297,2,85329627117,73000,1
85.3297,3,85329627117,73000,1
85.3348,1,85332318123,2502412,0
85.34,1,85337468135,2502412,0
85.3401,2,85340034141,73000,1
85.3402,1,85340132141,73000,1
85.3402,4,85340132141,73000,1
85.3427,2,85340203141,2502412,0
85.3453,2,85342759553,2502412,0
85.3454,2,85345288965,73000,1
85.3479,3,85345414559,2502412,0
85.3505,2,85347953565,2502412,0
85.3506,1,85350492571,73000,1
85.356,3,85353453583,2502412,0
85.3585,2,85356001589,2502412,0
85.3636,3,85361088601,2502412,0
85.3661,2,85363636607,2502412,0
85.3687,2,85366229019,2502412,0
85.3738,3,85371289031,2502412,0
85.3764,2,85373855037,2502412,0
85.3789,3,85376403043,2502412,0
85.3818,2,85379263455,2502412,0
85.3869,1,85384377467,2502412,0
85.3894,2,85386907473,2502412,0
85.3919,3,85389437479,2502412,0
85.3945,1,85391985485,2502412,0
85.3996,3,85397072497,2502412,0
85.4021,3,85399610909,2502412,0
85.4047,2,85402149915,2502412,0
85.4075,1,85405012927,2502412,0
85.4101,1,85407551339,2502412,0
85.4129,2,85410403345,2502412,0
85.418,3,85415472357,2502412,0
85.4181,2,85418029363,73000,1
85.4181,1,85418029363,73000,1
85.4206,3,85418109363,2502412,0
85.4231,3,85420638775,2502412,0
85.4257,1,85423168781,2502412,0
85.4282,1,85425698193,2502412,0
85.4309,1,85430848205,73000,1
85.4309,3,85430848205,73000,1
85.4335,2,85431009205,2502412,0
85.4386,2,85436078217,2502412,0
85.4411,1,85438608223,2502412,0
85.4437,2,85441156229,2502412,0
85.4462,1,85443722235,2502412,0
85.4513,2,85448818247,2502412,0
85.4514,1,85451357253,73000,1
85.4539,3,85451428253,2502412,0
85.4568,3,85454309265,2502412,0
85.4593,3,85456838677,2502412,0
85.4644,1,85461916689,2502412,0
85.4669,2,85464446695,2502412,0
85.4695,1,85466985701,2502412,0
85.472,2,85469515707,2502412,0
85.4746,1,85472063713,2502412,0
85.4771,2,85474593719,2502412,0
85.4796,1,85477141725,2502412,0
85.4801,2,85479984137,73000,1
85.4801,3,85479984137,73000,1
85.4851,3,85482612143,2502412,0
85.4877,2,85485160149,2502412,0
85.4878,2,85487707561,73000,1
85.4878,1,85487708155,73000,1
85.4903,1,85487788155,2502412,0
85.4929,3,85490354161,2502412,0
85.493,1,85492911167,73000,1
85.4955,2,85493045167,2502412,0
85.4981,3,85495602173,2502412,0
85.5006,2,85498132179,2502412,0
85.5036,2,85503561197,73000,1
85.5036,3,85503561197,73000,1
85.5062,3,85503695197,2502412,0
85.5063,3,85506224609,73000,1
85.5088,1,85506296203,2502412,0
85.5143,1,85511776621,2502412,0
85.5144,4,85514315627,73000,1
85.5144,3,85514315627,73000,1
85.5169,1,85514404627,2502412,0
85.5194,2,85516934633,2502412,0
85.5245,2,85521994645,2502412,0
85.527,1,85524533651,2502412,0
85.5296,3,85527144657,2502412,0
85.5322,1,85529674663,2502412,0
85.5372,2,85534743675,2502412,0
85.5399,3,85537354681,2502412,0
85.54,3,85539893093,73000,1
85.54,1,85539893687,73000,1
85.545,3,85542503693,2502412,0
85.5475,2,85545033699,2502412,0
85.5477,3,85547635705,73000,1
85.5477,1,85547635705,73000,1
85.5531,2,85550587717,2502412,0
85.5556,3,85553117723,2502412,0
85.5582,3,85555665135,2502412,0
85.5632,2,85560743147,2502412,0
85.5658,3,85563282153,2502412,0
85.5683,1,85565821159,2502412,0
85.5709,1,85568377571,2502412,0
85.5734,3,85570916577,2502412,0
85.5735,3,85573472989,73000,1
85.576,2,85573544583,2502412,0
85.5786,1,85576110589,2502412,0
85.5812,2,85578658595,2502412,0
85.5837,1,85581197601,2502412,0
85.5892,2,85586669019,2502412,0
85.5917,1,85589208025,2502412,0
85.5942,3,85591747031,2502412,0
85.5944,3,85594294443,73000,1
85.5944,2,85594295037,73000,1
85.5969,1,85594393037,2502412,0
85.5994,2,85596932043,2502412,0
85.5996,3,85599516049,73000,1
85.6021,1,85599641049,2502412,0
85.605,2,85602486061,2502412,0
85.6051,2,85605015473,73000,1
85.6051,1,85605016067,73000,1
85.6101,4,85607635073,2502412,0
85.6103,4,85610254485,73000,1
85.6128,3,85610335079,2502412,0
85.6183,2,85615789091,2502412,0
85.6208,1,85618319097,2502412,0
85.6234,3,85620876103,2502412,0
85.6285,1,85625963115,2502412,0
85.631,2,85628493121,2502412,0
85.6335,2,85631022533,2502412,0
85.6361,3,85633570539,2502412,0
85.6362,1,85636118545,73000,1
85.6362,4,85636118545,73000,1
85.6363,3,85636189545,73000,1
85.6363,2,85636189545,73000,1
85.6413,2,85638790551,2502412,0
85.6438,2,85641319963,2502412,0
85.6464,3,85643885969,2502412,0
85.649,2,85646487975,2502412,0
85.6491,2,85649026387,73000,1
85.6516,3,85649133981,2502412,0
85.652,1,85651969993,73000,1
85.652,2,85651969993,73000,1
85.6546,3,85652067993,2502412,0
85.6597,3,85657200005,2502412,0
85.6648,4,85662323017,2502412,0
85.6674,3,85664871023,2502412,0
85.6699,3,85667436435,2502412,0
85.675,1,85672532447,2502412,0
85.6776,2,85675062453,2502412,0
85.6801,4,85677592459,2502412,0
85.6826,1,85680131465,2502412,0
85.6852,1,85682660877,2502412,0
85.688,4,85685503289,2502412,0
85.6931,3,85690581301,2502412,0
85.6956,2,85693129307,2502412,0
85.6957,2,85695667719,73000,1
85.6957,1,85695668313,73000,1
85.6958,3,85695757313,73000,1
85.6958,4,85695757313,73000,1
85.6984,1,85695855313,2502412,0
85.7009,1,85698393725,2502412,0
85.7034,4,85700923731,2502412,0
85.7036,1,85703569737,73000,1
85.7061,1,85703642737,2502412,0
85.7087,3,85706172743,2502412,0
85.7116,4,85709062755,2502412,0
85.7141,4,85711592167,2502412,0
85.7142,1,85714140173,73000,1
85.7143,4,85714211173,73000,1
85.7143,3,85714211173,73000,1
85.7144,2,85714282173,73000,1
85.7144,3,85714284173,73000,1
85.7169,1,85714364173,2502412,0
85.7198,1,85717279179,2502412,0
85.7223,2,85719809185,2502412,0
85.7275,4,85724950197,2502412,0
85.73,1,85727498203,2502412,0
85.7325,2,85730028209,2502412,0
85.7351,2,85732566621,2502412,0
85.7376,4,85735096627,2502412,0
85.7427,2,85740201639,2502412,0
85.7452,4,85742731645,2502412,0
85.7478,1,85745279651,2502412,0
85.7503,4,85747809657,2502412,0
85.7532,4,85750681669,2502412,0
85.7582,3,85755741681,2502412,0
85.7608,2,85758271687,2502412,0
85.7633,1,85760819693,2502412,0
85.7659,4,85763358699,2502412,0
85.766,4,85765897111,73000,1
85.766,3,85765897705,73000,1
85.7685,1,85766004705,2502412,0
85.771,2,85768534711,2502412,0
85.7736,1,85771073717,2502412,0
85.7763,1,85776178729,73000,1
85.7763,3,85776178729,73000,1
85.7788,2,85776294729,2502412,0
85.7814,4,85778860735,2502412,0
85.7839,3,85781399741,2502412,0
85.784,2,85783938747,73000,1
85.7865,3,85784009747,2502412,0
85.7894,4,85786861159,2502412,0
85.7895,4,85789399571,73000,1
85.7895,3,85789400165,73000,1
85.7895,2,85789400165,73000,1
85.792,1,85789489165,2502412,0
85.7946,1,85792054577,2502412,0
85.7997,1,85797150589,2502412,0
85.8022,3,85799689595,2502412,0
85.8051,4,85802570607,2502412,0
85.8076,1,85805100613,2502412,0
85.8103,1,85810187625,73000,1
85.8103,4,85810187625,73000,1
85.8128,3,85810258625,2502412,0
85.8153,3,85812806037,2502412,0
85.8178,4,85815336043,2502412,0
85.8207,2,85818197049,2502412,0
85.8233,4,85820763055,2502412,0
85.8259,2,85825841067,73000,1
85.8259,3,85825841067,73000,1
85.8285,1,85825975067,2502412,0
85.831,4,85828532073,2502412,0
85.8312,1,85831080079,73000,1
85.8313,2,85831187079,73000,1
85.8313,3,85831187079,73000,1
85.8338,2,85831267079,2502412,0
85.8363,4,85833815085,2502412,0
85.8389,4,85836353497,2502412,0
85.844,2,85841467509,2502412,0
85.8465,2,85843996921,2502412,0
85.849,3,85846526927,2502412,0
85.8492,2,85849092933,73000,1
85.8492,4,85849092933,73000,1
85.8518,1,85851693939,73000,1
85.8546,3,85852108945,2502412,0
85.8572,2,85854647951,2502412,0
85.8573,4,85857231957,73000,1
85.8598,2,85857302957,2502412,0
85.8623,1,85859832963,2502412,0
85.8649,3,85862398969,2502412,0
85.8675,3,85864982381,2502412,0
85.8726,2,85870051393,2502412,0
85.8751,1,85872581399,2502412,0
85.8776,3,85875147405,2502412,0
85.8828,2,85880261417,2502412,0
85.8853,1,85882791423,2502412,0
85.8879,3,85885357429,2502412,0
85.8904,2,85887896435,2502412,0
85.8958,1,85893304853,2502412,0
85.8983,2,85895843859,2502412,0
85.9009,3,85898373865,2502412,0
85.9037,1,85901209877,2502412,0
85.9062,2,85903739883,2502412,0
85.9088,2,85906269295,2502412,0
85.9113,3,85908817301,2502412,0
85.9114,3,85911364713,73000,1
85.9114,1,85911365307,73000,1
85.9115,1,85911438307,73000,1
85.914,4,85911527307,2502412,0
85.9166,2,85914066313,2502412,0
85.9192,2,85916658725,2502412,0
85.9193,4,85919233731,73000,1
85.9193,3,85919233731,73000,1
85.9247,4,85922156143,2502412,0
85.9272,1,85924695149,2502412,0
85.9297,1,85927242561,2502412,0
85.9323,2,85929772567,2502412,0
85.9348,4,85932329573,2502412,0
85.9399,1,85937434585,2502412,0
85.9401,1,85939990997,73000,1
85.9401,4,85939991591,73000,1
85.9426,2,85940062591,2502412,0
85.9427,3,85942646597,73000,1
85.9427,1,85942646597,73000,1
85.9478,2,85945283603,2502412,0
85.9503,4,85947840609,2502412,0
85.9508,2,85950721621,73000,1
85.9533,4,85950792621,2502412,0
85.9558,4,85953340033,2502412,0
85.9584,4,85955896445,2502412,0
85.9609,1,85958444451,2502412,0
85.9661,4,85963585463,2502412,0
85.9686,1,85966115469,2502412,0
85.9712,1,85968662881,2502412,0
85.9763,2,85973749893,2502412,0
85.9788,4,85976288899,2502412,0
85.9814,2,85978863905,2502412,0
85.9815,1,85981402911,73000,1
85.984,2,85981518911,2502412,0
85.9866,4,85984057917,2502412,0
85.9917,3,85989153929,2502412,0
85.9945,4,85991996341,2502412,0
85.997,4,85994534753,2502412,0
85.9996,2,85997073759,2502412,0
85.9997,3,85999612765,73000,1
85.9997,1,85999612765,73000,1
86.0022,4,85999683765,2502412,0
86.0076,2,86005067783,2502412,0
86.0077,4,86007624789,73000,1
86.0077,3,86007624789,73000,1
86.0102,2,86007740789,2502412,0
86.0128,2,86010288201,2502412,0
86.0129,2,86012844613,73000,1
86.0155,2,86012997207,2502412,0
86.018,4,86015527213,2502412,0
86.0232,4,86020650225,2502412,0
86.026,2,86023529231,2502412,0
86.0261,4,86026068237,73000,1
86.0287,3,86026148237,2502412,0
86.0288,1,86028723243,73000,1
86.0288,4,86028723243,73000,1
86.0313,3,86028794243,2502412,0
86.0314,2,86031342249,73000,1
86.0316,3,86031521249,73000,1
86.0367,4,86034185255,2502412,0
86.0392,3,86036715261,2502412,0
86.0393,4,86039254267,73000,1
86.0395,3,86039379267,73000,1
86.0395,2,86039379267,73000,1
86.042,4,86039477267,2502412,0
86.0471,4,86044564279,2502412,0
86.0496,4,86047120691,2502412,0
86.0522,2,86049668697,2502412,0
86.0575,3,86055043715,2502412,0
86.0601,2,86057636721,2502412,0
86.0627,4,86060166727,2502412,0
86.0678,3,86065271739,2502412,0
86.0703,4,86067819745,2502412,0
86.0729,3,86070358751,2502412,0
86.0754,2,86072888757,2502412,0
86.0805,4,86077957769,2502412,0
86.083,3,86080541775,2502412,0
86.0832,3,86083080187,73000,1
86.0832,4,86083080781,73000,1
86.0832,2,86083080781,73000,1
86.0859,3,86085825787,73000,1
86.0884,2,86085941787,2502412,0
86.091,1,86088480793,2502412,0
86.0964,4,86093889805,2502412,0
86.0989,2,86096419811,2502412,0
86.1015,1,86098958817,2502412,0
86.1016,1,86101488229,73000,1
86.1041,2,86101568823,2502412,0
86.107,4,86106961841,73000,1
86.107,1,86106961841,73000,1
86.1071,2,86107050841,73000,1
86.1071,1,86107050841,73000,1
86.1099,2,86109813847,73000,1
86.1099,4,86109813847,73000,1
86.1149,1,86112423853,2502412,0
86.1175,1,86114989265,2502412,0
86.12,3,86117519271,2502412,0
86.1251,2,86122624283,2502412,0
86.128,2,86125467289,2502412,0
86.1305,1,86128006295,2502412,0
86.1331,3,86130563301,2502412,0
86.1381,1,86135641313,2502412,0
86.1407,3,86138171319,2502412,0
86.1432,2,86140737325,2502412,0
86.1458,3,86143267331,2502412,0
86.1483,2,86145797337,2502412,0
86.1484,3,86148336343,73000,1
86.1484,1,86148336343,73000,1
86.1509,3,86148409343,2502412,0
86.1513,3,86151254355,73000,1
86.1539,2,86151352355,2502412,0
86.1564,2,86153890767,2502412,0
86.1589,2,86156438179,2502412,0
86.1615,2,86158976591,2502412,0
86.164,1,86161542597,2502412,0
86.1691,4,86166620609,2502412,0
86.1717,2,86169168615,2502412,0
86.1742,3,86171698621,2502412,0
86.1768,1,86174273627,2502412,0
86.1793,2,86176803633,2502412,0
86.1818,4,86179342639,2502412,0
86.1819,4,86181872051,73000,1
86.1819,3,86181872645,73000,1
86.187,1,86184545651,2502412,0
86.1896,2,86187075657,2502412,0
86.1921,2,86189632069,2502412,0
86.1947,1,86192162075,2502412,0
86.1972,1,86194691487,2502412,0
86.1976,2,86197551899,73000,1
86.2001,4,86197640899,2502412,0
86.203,3,86200521911,2502412,0
86.2056,1,86203051917,2502412,0
86.2081,4,86205599923,2502412,0
86.2108,1,86210713935,73000,1
86.2108,2,86210713935,73000,1
86.2133,1,86210793935,2502412,0
86.2158,3,86213323941,2502412,0
86.2184,4,86215862947,2502412,0
86.2209,2,86218410953,2502412,0
86.226,2,86223488965,2502412,0
86.2285,4,86226018971,2502412,0
86.2314,2,86228879977,2502412,0
86.2315,3,86231418983,73000,1
86.2315,1,86231418983,73000,1
86.234,3,86231507983,2502412,0
86.2366,1,86234055989,2502412,0
86.2367,1,86236594401,73000,1
86.2392,4,86236665995,2502412,0
86.2417,2,86239196001,2502412,0
86.2443,3,86241762007,2502412,0
86.2468,4,86244319013,2502412,0
86.2494,4,86246875425,2502412,0
86.2495,3,86249423431,73000,1
86.2495,2,86249423431,73000,1
86.2495,1,86249423431,73000,1
86.252,4,86249503431,2502412,0
86.2549,4,86252420443,2502412,0
86.26,1,86257507455,2502412,0
86.2601,1,86260063867,73000,1
86.2601,4,86260064461,73000,1
86.2603,3,86260198461,73000,1
86.2603,2,86260198461,73000,1
86.2628,3,86260296461,2502412,0
86.2654,3,86262861873,2502412,0
86.2705,1,86267966885,2502412,0
86.2706,4,86270559891,73000,1
86.2707,1,86270630891,73000,1
86.2707,3,86270630891,73000,1
86.2732,2,86270719891,2502412,0
86.2734,2,86273294303,73000,1
86.276,1,86273455897,2502412,0
86.2811,3,86278551909,2502412,0
86.2862,1,86283647921,2502412,0
86.2887,2,86286177927,2502412,0
86.2912,3,86288716933,2502412,0
86.2939,1,86293830945,73000,1
86.2939,4,86293830945,73000,1
86.2964,2,86293919945,2502412,0
86.2965,2,86296467357,73000,1
86.2965,3,86296467951,73000,1
86.302,1,86299498957,2502412,0
86.3074,2,86304882975,2502412,0
86.3075,1,86307439981,73000,1
86.3075,3,86307439981,73000,1
86.3076,1,86307564981,73000,1
86.3102,2,86307671981,2502412,0
86.3153,2,86312794993,2502412,0
86.3205,2,86317972005,2502412,0
86.3231,3,86323068017,73000,1
86.3231,1,86323068017,73000,1
86.3257,2,86323184017,2502412,0
86.3308,2,86328334029,2502412,0
86.3388,2,86336344453,2502412,0
86.3414,2,86338891865,2502412,0
86.3466,4,86344050877,2502412,0
86.3516,2,86349110889,2502412,0
86.3545,4,86351973901,2502412,0
86.357,2,86354512907,2502412,0
86.3621,4,86359635919,2502412,0
86.3647,4,86362165331,2502412,0
86.3648,2,86364740337,73000,1
86.3674,3,86364865337,2502412,0
86.3699,4,86367395343,2502412,0
86.3724,4,86369942755,2502412,0
86.3776,3,86375056767,2502412,0
86.3777,3,86377604179,73000,1
86.3777,2,86377604773,73000,1
86.3802,4,86377684773,2502412,0
86.3853,3,86382798785,2502412,0
86.3878,2,86385337791,2502412,0
86.3904,3,86387876797,2502412,0
86.3929,1,86390406803,2502412,0
86.398,4,86395466815,2502412,0
86.4005,3,86398005821,2502412,0
86.4037,4,86401154239,2502412,0
86.4062,3,86403702245,2502412,0
86.4063,1,86406268251,73000,1
86.4063,2,86406268251,73000,1
86.4088,4,86406339251,2502412,0
86.4115,3,86411417263,73000,1
86.4115,2,86411417263,73000,1
86.414,4,86411542263,2502412,0
86.4166,1,86414117269,2502412,0
86.4217,1,86419195281,2502412,0
86.4242,4,86421725287,2502412,0
86.4268,1,86424327293,2502412,0
86.4269,1,86426865705,73000,1
86.4294,3,86426937299,2502412,0
86.432,4,86429467305,2502412,0
86.4325,4,86432400311,73000,1
86.435,3,86432471311,2502412,0
86.4375,3,86435018723,2502412,0
86.4401,1,86437548729,2502412,0
86.4426,1,86440096141,2502412,0
86.4477,3,86445201153,2502412,0
86.4503,1,86447776159,2502412,0
86.4531,2,86450612171,2502412,0
86.4582,3,86455708183,2502412,0
86.4607,1,86458247189,2502412,0
86.4609,3,86460777195,73000,1
86.4609,4,86460777195,73000,1
86.4634,2,86460902195,2502412,0
86.4659,1,86463432201,2502412,0
86.466,1,86465961613,73000,1
86.4686,3,86466060207,2502412,0
86.4711,2,86468626213,2502412,0
86.4737,1,86471183219,2502412,0
86.4762,3,86473722225,2502412,0
86.4789,3,86478782237,73000,1
86.4789,2,86478782237,73000,1
86.4814,1,86478898237,2502412,0
86.484,2,86481473243,2502412,0
86.4841,3,86484012249,73000,1
86.4866,2,86484101249,2502412,0
86.4891,4,86486631255,2502412,0
86.4892,4,86489169667,73000,1
86.4892,1,86489170261,73000,1
86.4918,4,86489277261,2502412,0
86.4968,1,86494346273,2502412,0
86.4994,2,86496876279,2502412,0
86.5019,1,86499406285,2502412,0
86.5048,4,86502251297,2502412,0
86.5076,4,86505093709,2502412,0
86.5101,4,86507632121,2502412,0
86.5127,4,86510161533,2502412,0
86.5152,1,86512691539,2502412,0
86.5177,1,86515220951,2502412,0
86.5179,2,86517777957,73000,1
86.5204,4,86517875957,2502412,0
86.5205,4,86520423369,73000,1
86.5205,3,86520423963,73000,1
86.523,1,86520530963,2502412,0
86.5256,1,86523087375,2502412,0
86.5281,2,86525635381,2502412,0
86.5308,2,86530749393,73000,1
86.5308,4,86530749393,73000,1
86.5333,1,86530829393,2502412,0
86.5335,1,86533430805,73000,1
86.536,2,86533502399,2502412,0
86.5389,2,86536426405,2502412,0
86.544,2,86541531417,2502412,0
86.5492,4,86546654429,2502412,0
86.5493,4,86549183841,73000,1
86.5493,2,86549184435,73000,1
86.5518,1,86549264435,2502412,0
86.5572,1,86554684453,2502412,0
86.5598,1,86557258865,2502412,0
86.5623,2,86559797871,2502412,0
86.5624,4,86562345877,73000,1
86.5649,1,86562416877,2502412,0
86.5674,2,86564946883,2502412,0
86.57,2,86567503295,2502412,0
86.5726,3,86570051301,2502412,0
86.5751,3,86572580713,2502412,0
86.5752,1,86575128719,73000,1
86.5777,2,86575217719,2502412,0
86.5779,2,86577783131,73000,1
86.5779,3,86577783725,73000,1
86.5804,2,86577881725,2502412,0
86.5829,2,86580411137,2502412,0
86.588,4,86585534149,2502412,0
86.5882,2,86588091155,73000,1
86.5882,3,86588091155,73000,1
86.5932,1,86590728161,2502412,0
86.5958,3,86593294167,2502412,0
86.5983,4,86595824173,2502412,0
86.6009,4,86598362585,2502412,0
86.6037,4,86601207597,2502412,0
86.6067,3,86606580609,73000,1
86.6067,1,86606580609,73000,1
86.6092,2,86606696609,2502412,0
86.6093,3,86609271615,73000,1
86.6093,1,86609271615,73000,1
86.6094,2,86609351615,73000,1
86.6094,4,86609351615,73000,1
86.6119,1,86609431615,2502412,0
86.617,4,86614518627,2502412,0
86.6196,4,86617057039,2502412,0
86.6221,1,86619614045,2502412,0
86.6246,4,86622144051,2502412,0
86.6298,1,86627258063,2502412,0
86.6299,1,86629814475,73000,1
86.6299,4,86629815069,73000,1
86.63,2,86629886069,73000,1
86.63,4,86629888069,73000,1
86.6351,2,86632624075,2502412,0
86.6406,1,86638059493,2502412,0
86.6431,2,86640598499,2502412,0
86.6456,1,86643128505,2502412,0
86.6507,3,86648197517,2502412,0
86.6508,1,86650727523,73000,1
86.6533,2,86650807523,2502412,0
86.6538,2,86653706535,73000,1
86.6563,3,86653795535,2502412,0
86.6588,3,86656342947,2502412,0
86.6614,3,86658926359,2502412,0
86.664,3,86661455771,2502412,0
86.669,4,86666524783,2502412,0
86.6716,1,86669054789,2502412,0
86.6741,3,86671584795,2502412,0
86.6766,1,86674141801,2502412,0
86.6792,3,86676671807,2502412,0
86.6817,2,86679237813,2502412,0
86.6818,4,86681767819,73000,1
86.6844,3,86681856819,2502412,0
86.6869,1,86684404825,2502412,0
86.6895,2,86686952831,2502412,0
86.692,3,86689491837,2502412,0
86.6921,2,86692048843,73000,1
86.6921,1,86692048843,73000,1
86.6972,3,86694694849,2502412,0
86.6973,3,86697269261,73000,1
86.6973,4,86697269855,73000,1
86.7025,1,86699960861,2502412,0
86.7029,1,86702841873,73000,1
86.7054,2,86702912873,2502412,0
86.708,3,86705451879,2502412,0
86.7108,4,86708294291,2502412,0
86.7133,1,86710824297,2502412,0
86.7159,1,86713362709,2502412,0
86.716,1,86715928121,73000,1
86.7185,1,86716001121,2502412,0
86.7211,2,86718558127,2502412,0
86.7212,4,86721097133,73000,1
86.7212,3,86721097133,73000,1
86.7237,3,86721170133,2502412,0
86.7262,2,86723700139,2502412,0
86.7288,2,86726274551,2502412,0
86.7314,3,86731334563,73000,1
86.7314,1,86731334563,73000,1
86.734,3,86731459563,2502412,0
86.7365,3,86734024975,2502412,0
86.7391,2,86736554981,2502412,0
86.7419,4,86739397987,2502412,0
86.7444,1,86741927993,2502412,0
86.7445,2,86744466999,73000,1
86.7446,4,86744537999,73000,1
86.7446,3,86744537999,73000,1
86.7471,1,86744617999,2502412,0
86.7497,3,86747166005,2502412,0
86.7522,1,86749741011,2502412,0
86.7548,1,86752279423,2502412,0
86.7552,1,86755124435,73000,1
86.7552,3,86755124435,73000,1
86.7553,2,86755204435,73000,1
86.7578,2,86755311435,2502412,0
86.7604,4,86757877441,2502412,0
86.7629,2,86760407447,2502412,0
86.7655,4,86762973453,2502412,0
86.768,3,86765503459,2502412,0
86.7706,3,86770563471,73000,1
86.7706,4,86770563471,73000,1
86.7731,2,86770643471,2502412,0
86.7757,4,86773200477,2502412,0
86.7782,1,86775730483,2502412,0
86.7808,4,86778278489,2502412,0
86.7809,1,86780808495,73000,1
86.7809,2,86780808495,73000,1
86.7834,1,86780897495,2502412,0
86.786,1,86785966507,73000,1
86.786,3,86785966507,73000,1
86.7885,2,86786046507,2502412,0
86.7911,1,86788603513,2502412,0
86.7912,4,86791142519,73000,1
86.7912,3,86791142519,73000,1
86.7937,2,86791222519,2502412,0
86.7963,1,86793752525,2502412,0
86.8014,1,86798920537,2502412,0
86.804,2,86801450543,2502412,0
86.8044,2,86804286555,73000,1
86.8044,1,86804286555,73000,1
86.8069,2,86804411555,2502412,0
86.807,4,86806941561,73000,1
86.8096,2,86807066561,2502412,0
86.815,2,86812538573,2502412,0
86.8176,1,86815086579,2502412,0
86.8177,1,86817624991,73000,1
86.8202,2,86817696585,2502412,0
86.8254,2,86822864597,2502412,0
86.8279,1,86825394603,2502412,0
86.8304,1,86827942015,2502412,0
86.8306,1,86830489427,73000,1
86.8331,2,86830606021,2502412,0
86.8356,2,86833144433,2502412,0
86.8383,2,86838240445,73000,1
86.8383,4,86838240445,73000,1
86.8408,1,86838347445,2502412,0
86.8434,3,86840913451,2502412,0
86.8488,3,86846313463,2502412,0
86.8513,3,86848842875,2502412,0
86.8518,1,86851705887,73000,1
86.8518,2,86851705887,73000,1
86.8518,4,86851776887,73000,1
86.8519,1,86851778887,73000,1
86.8569,3,86854433893,2502412,0
86.8595,1,86856963899,2502412,0
86.862,1,86859502311,2502412,0
86.8622,1,86862094723,73000,1
86.8647,3,86862175317,2502412,0
86.8698,1,86867325329,2502412,0
86.8724,3,86869873335,2502412,0
86.8749,3,86872420747,2502412,0
86.88,3,86877525759,2502412,0
86.8826,3,86880055171,2502412,0
86.8851,1,86882594177,2502412,0
86.8902,3,86887717189,2502412,0
86.8927,1,86890247195,2502412,0
86.8953,2,86892786201,2502412,0
86.8978,2,86895333613,2502412,0
86.9005,3,86900438625,73000,1
86.9009,2,86900844631,73000,1
86.9009,1,86900844631,73000,1
86.906,3,86903544637,2502412,0
86.9061,2,86906074643,73000,1
86.9061,1,86906074643,73000,1
86.9087,1,86906190643,2502412,0
86.9088,3,86908720649,73000,1
86.909,1,86908899649,73000,1
86.9115,2,86908988649,2502412,0
86.914,2,86911536061,2502412,0
86.9169,4,86914378473,2502412,0
86.922,4,86919465485,2502412,0
86.9221,4,86922021897,73000,1
86.9221,2,86922022491,73000,1
86.9246,1,86922093491,2502412,0
86.9247,3,86924623497,73000,1
86.9247,4,86924623497,73000,1
86.9274,1,86927278503,73000,1
86.9274,4,86927278503,73000,1
86.9299,2,86927430503,2502412,0
86.935,4,86932490515,2502412,0
86.9375,2,86935029521,2502412,0
86.9401,1,86937613527,2502412,0
86.9402,2,86940143533,73000,1
86.9402,4,86940143533,73000,1
86.9452,1,86942744539,2502412,0
86.9481,4,86945587545,2502412,0
86.9506,4,86948125957,2502412,0
86.9507,4,86950673369,73000,1
86.9561,1,86953645975,2502412,0
86.9587,1,86956211387,2502412,0
86.9613,2,86958768393,2502412,0
86.9638,3,86961298399,2502412,0
86.9663,1,86963828405,2502412,0
86.9664,3,86966367411,73000,1
86.9664,2,86966367411,73000,1
86.9689,1,86966438411,2502412,0
86.9716,4,86971516423,73000,1
86.9716,3,86971516423,73000,1
86.9741,1,86971587423,2502412,0
86.9766,2,86974135429,2502412,0
86.9792,2,86976718841,2502412,0
86.9818,1,86979275847,2502412,0
86.9868,2,86984335859,2502412,0
86.9894,3,86986865865,2502412,0
86.9919,1,86989404871,2502412,0
86.992,3,86991934877,73000,1
86.992,4,86991934877,73000,1
86.9945,2,86992005877,2502412,0
86.9971,1,86994580883,2502412,0
87.0022,1,86999685895,2502412,0
87.005,2,87002539907,2502412,0
87.0076,3,87005096913,2502412,0
87.0101,1,87007626919,2502412,0
87.0127,2,87010183925,2502412,0
87.0128,2,87012713337,73000,1
87.0128,3,87012713931,73000,1
87.0129,1,87012793931,73000,1
87.0154,2,87012882931,2502412,0
87.0183,3,87015788343,2502412,0
87.0209,2,87018363349,2502412,0
87.026,1,87023450361,2502412,0
87.0285,3,87026016367,2502412,0
87.031,3,87028545779,2502412,0
87.0336,2,87031075785,2502412,0
87.0387,1,87036180797,2502412,0
87.0413,3,87038755803,2502412,0
87.0438,2,87041294809,2502412,0
87.0463,3,87043833815,2502412,0
87.0517,1,87049242827,2502412,0
87.0543,2,87051772833,2502412,0
87.0571,2,87054617845,2502412,0
87.0573,2,87057201257,73000,1
87.0573,3,87057201851,73000,1
87.0598,1,87057317851,2502412,0
87.0624,1,87059874263,2502412,0
87.0625,1,87062421675,73000,1
87.0625,3,87062422269,73000,1
87.0676,2,87065122275,2502412,0
87.0702,4,87067697281,2502412,0
87.0753,3,87072775293,2502412,0
87.0778,2,87075305299,2502412,0
87.0803,3,87077844305,2502412,0
87.0829,1,87080410311,2502412,0
87.0854,1,87082939723,2502412,0
87.0855,2,87085469729,73000,1
87.088,4,87085540729,2502412,0
87.0906,4,87088070141,2502412,0
87.0931,3,87090627147,2502412,0
87.0933,3,87093183559,73000,1
87.0933,2,87093184153,73000,1
87.0958,1,87093282153,2502412,0
87.0959,4,87095821159,73000,1
87.096,1,87095937159,73000,1
87.096,4,87095937159,73000,1
87.0985,3,87096026159,2502412,0
87.0987,2,87098610165,73000,1
87.1037,3,87101229171,2502412,0
87.1066,3,87104065183,2502412,0
87.1067,3,87106630595,73000,1
87.1067,1,87106631189,73000,1
87.1118,4,87109277195,2502412,0
87.1144,4,87111878607,2502412,0
87.1195,4,87116947619,2502412,0
87.1223,4,87119817031,2502412,0
87.1249,4,87122364443,2502412,0
87.1274,3,87124912449,2502412,0
87.1325,4,87130035461,2502412,0
87.1351,3,87132583467,2502412,0
87.1376,4,87135131473,2502412,0
87.1427,4,87140227485,2502412,0
87.1453,1,87142757491,2502412,0
87.1478,3,87145296497,2502412,0
87.1511,1,87151073921,73000,1
87.1511,4,87151073921,73000,1
87.1537,3,87151153921,2502412,0
87.1562,1,87153683927,2502412,0
87.1613,1,87158770939,2502412,0
87.1638,3,87161309945,2502412,0
87.1663,2,87163839951,2502412,0
87.1689,3,87166369957,2502412,0
87.1714,2,87168908963,2502412,0
87.1715,2,87171456375,73000,1
87.1715,1,87171456969,73000,1
87.1766,3,87174093975,2502412,0
87.1792,4,87176650981,2502412,0
87.1817,3,87179243987,2502412,0
87.1844,4,87184330999,73000,1
87.1844,2,87184330999,73000,1
87.187,3,87184455999,2502412,0
87.1895,3,87186985411,2502412,0
87.192,1,87189515417,2502412,0
87.1971,3,87194593429,2502412,0
87.1997,3,87197158841,2502412,0
87.2022,1,87199706847,2502412,0
87.2027,3,87202578859,73000,1
87.2052,4,87202667859,2502412,0
87.2077,4,87205242271,2502412,0
87.2103,1,87207772277,2502412,0
87.2154,1,87212931289,2502412,0
87.218,4,87215461295,2502412,0
87.2205,3,87218009301,2502412,0
87.2259,2,87223390719,2502412,0
87.2284,3,87225920725,2502412,0
87.2285,2,87228450731,73000,1
87.2285,4,87228450731,73000,1
87.2311,1,87228548731,2502412,0
87.2336,4,87231078737,2502412,0
87.2361,4,87233626149,2502412,0
87.2412,4,87238704161,2502412,0
87.2413,4,87241242573,73000,1
87.2413,3,87241243167,73000,1
87.2438,1,87241314167,2502412,0
87.2464,2,87243871173,2502412,0
87.2489,2,87246445585,2502412,0
87.2519,4,87251836003,73000,1
87.2544,2,87251907003,2502412,0
87.2545,1,87254437009,73000,1
87.2545,3,87254437009,73000,1
87.2573,2,87254841015,2502412,0
87.2599,2,87257397427,2502412,0
87.2624,1,87259936433,2502412,0
87.2675,1,87265032445,2502412,0
87.2701,1,87267588857,2502412,0
87.2702,1,87270145269,73000,1
87.2702,2,87270145863,73000,1
87.2702,3,87270145863,73000,1
87.2779,1,87275438281,2502412,0
87.2806,1,87280570293,73000,1
87.2806,2,87280570293,73000,1
87.2832,4,87280668293,2502412,0
87.2857,1,87283207299,2502412,0
87.2882,4,87285737305,2502412,0
87.2883,4,87288266717,73000,1
87.2909,4,87288383311,2502412,0
87.2935,1,87290976317,2502412,0
87.2985,1,87296036329,2502412,0
87.3011,4,87298566335,2502412,0
87.3012,4,87301104747,73000,1
87.304,4,87301520347,2502412,0
87.3066,1,87304059353,2502412,0
87.3092,1,87309137365,73000,1
87.3092,4,87309137365,73000,1
87.3117,2,87309208365,2502412,0
87.3143,3,87311792371,2502412,0
87.3168,3,87314330783,2502412,0
87.3194,2,87316860789,2502412,0
87.3245,1,87321974801,2502412,0
87.3273,1,87324835213,2502412,0
87.3299,2,87327383219,2502412,0
87.33,3,87329913225,73000,1
87.33,4,87329913225,73000,1
87.3325,2,87329984225,2502412,0
87.3376,2,87335098237,2502412,0
87.3401,3,87337637243,2502412,0
87.3427,1,87340167249,2502412,0
87.3428,3,87342769255,73000,1
87.3453,1,87342840255,2502412,0
87.3479,2,87345379261,2502412,0
87.3504,1,87347927267,2502412,0
87.3509,2,87350817279,73000,1
87.3534,1,87350897279,2502412,0
87.3563,1,87353758285,2502412,0
87.3588,2,87356306291,2502412,0
87.3613,3,87358836297,2502412,0
87.3639,4,87361384303,2502412,0
87.369,4,87366462315,2502412,0
87.3691,3,87369001321,73000,1
87.3691,2,87369001321,73000,1
87.3691,1,87369001321,73000,1
87.3716,2,87369081321,2502412,0
87.3741,3,87371620327,2502412,0
87.3767,4,87374177333,2502412,0
87.3792,4,87376715745,2502412,0
87.3793,3,87379263751,73000,1
87.3793,2,87379263751,73000,1
87.3819,4,87379397751,2502412,0
87.3844,4,87381936163,2502412,0
87.387,3,87384502169,2502412,0
87.3921,1,87389580181,2502412,0
87.3946,2,87392119187,2502412,0
87.3972,3,87394658193,2502412,0
87.3997,4,87397188199,2502412,0
87.3998,3,87399772205,73000,1
87.4023,1,87399843205,2502412,0
87.4049,2,87402382211,2502412,0
87.4053,1,87405218223,73000,1
87.4053,4,87405218223,73000,1
87.4078,2,87405289223,2502412,0
87.4129,4,87410439235,2502412,0
87.4155,2,87412987241,2502412,0
87.418,1,87415526247,2502412,0
87.4181,1,87418055659,73000,1
87.4181,4,87418056253,73000,1
87.4207,2,87418154253,2502412,0
87.4257,3,87423232265,2502412,0
87.4262,2,87426083677,73000,1
87.4262,4,87426083677,73000,1
87.4287,3,87426208677,2502412,0
87.4313,3,87428774089,2502412,0
87.4314,1,87431304095,73000,1
87.4339,2,87431375095,2502412,0
87.4365,2,87433967507,2502412,0
87.439,3,87436497513,2502412,0
87.4415,3,87439026925,2502412,0
87.4466,2,87444131937,2502412,0
87.4492,3,87446679943,2502412,0
87.4517,4,87449227949,2502412,0
87.4518,2,87451766955,73000,1
87.4572,3,87454711967,2502412,0
87.4601,4,87457572973,2502412,0
87.4627,3,87460165979,2502412,0
87.4652,1,87462695985,2502412,0
87.4653,1,87465234397,73000,1
87.4678,4,87465305991,2502412,0
87.4704,2,87467871997,2502412,0
87.4729,3,87470402003,2502412,0
87.4754,1,87472932009,2502412,0
87.478,4,87475471015,2502412,0
87.4805,4,87478009427,2502412,0
87.4856,2,87483087439,2502412,0
87.4881,1,87485617445,2502412,0
87.4907,3,87488192451,2502412,0
87.4932,2,87490722457,2502412,0
87.4958,4,87493261463,2502412,0
87.4983,2,87495800469,2502412,0
87.5009,1,87498348475,2502412,0
87.5062,2,87503723493,2502412,0
87.5088,3,87506262499,2502412,0
87.5113,4,87508810505,2502412,0
87.5139,1,87511376511,2502412,0
87.5164,2,87513906517,2502412,0
87.5189,1,87516445523,2502412,0
87.5215,3,87518984529,2502412,0
87.524,1,87521523535,2502412,0
87.5241,2,87524053541,73000,1
87.5241,4,87524053541,73000,1
87.5267,1,87524178541,2502412,0
87.5292,3,87526726547,2502412,0
87.5321,1,87529577959,2502412,0
87.5346,1,87532143371,2502412,0
87.5372,1,87534690783,2502412,0
87.5373,2,87537220789,73000,1
87.5398,1,87537291789,2502412,0
87.5424,3,87539848795,2502412,0
87.5449,4,87542405801,2502412,0
87.5475,1,87544962807,2502412,0
87.5529,1,87550364825,2502412,0
87.553,4,87552894831,73000,1
87.553,3,87552894831,73000,1
87.5555,3,87553019831,2502412,0
87.5581,1,87555567837,2502412,0
87.5634,1,87560940255,2502412,0
87.566,3,87563524261,2502412,0
87.5686,3,87566080673,2502412,0
87.5737,4,87571158685,2502412,0
87.5762,1,87573688691,2502412,0
87.5787,3,87576218697,2502412,0
87.5813,2,87578775703,2502412,0
87.5814,4,87581350709,73000,1
87.5839,1,87581430709,2502412,0
87.5865,3,87583960715,2502412,0
87.589,2,87586499721,2502412,0
87.5916,3,87589074727,2502412,0
87.5943,2,87594179739,73000,1
87.5943,1,87594179739,73000,1
87.5968,2,87594259739,2502412,0
87.5993,3,87596798745,2502412,0
87.6018,2,87599328751,2502412,0
87.6047,4,87602209763,2502412,0
87.6048,4,87604739175,73000,1
87.6073,3,87604810769,2502412,0
87.6099,2,87607385775,2502412,0
87.6124,2,87609924187,2502412,0
87.615,4,87612481193,2502412,0
87.6175,3,87615020199,2502412,0
87.6226,1,87620098211,2502412,0
87.6251,2,87622628217,2502412,0
87.6277,4,87625194223,2502412,0
87.6302,3,87627733229,2502412,0
87.6331,1,87630584641,2502412,0
87.6356,4,87633114647,2502412,0
87.6381,1,87635644653,2502412,0
87.6407,4,87638174659,2502412,0
87.6408,1,87640704665,73000,1
87.6408,3,87640704665,73000,1
87.6458,2,87643314671,2502412,0
87.6484,3,87645871677,2502412,0
87.6509,4,87648437683,2502412,0
87.651,4,87650967095,73000,1
87.6536,2,87651047689,2502412,0
87.654,2,87653910701,73000,1
87.654,3,87653910701,73000,1
87.659,1,87656538707,2502412,0
87.6616,4,87659086713,2502412,0
87.6645,3,87661974719,2502412,0
87.667,3,87664513131,2502412,0
87.6671,4,87667043137,73000,1
87.6671,1,87667043137,73000,1
87.6696,2,87667141137,2502412,0
87.6722,2,87669670549,2502412,0
87.6748,1,87674748561,73000,1
87.6748,3,87674748561,73000,1
87.6773,3,87674821561,2502412,0
87.6775,2,87677396567,73000,1
87.6775,4,87677396567,73000,1
87.68,3,87677476567,2502412,0
87.6801,4,87680060573,73000,1
87.6827,3,87680149573,2502412,0
87.6852,3,87682705985,2502412,0
87.6878,3,87685280397,2502412,0
87.6879,2,87687819403,73000,1
87.6904,3,87687908403,2502412,0
87.693,1,87690501409,2502412,0
87.6957,1,87695597421,73000,1
87.6957,3,87695597421,73000,1
87.7037,1,87701222845,2502412,0
87.7088,1,87706300857,2502412,0
87.7114,3,87708848863,2502412,0
87.7139,1,87711378869,2502412,0
87.719,3,87716528881,2502412,0
87.7191,3,87719058293,73000,1
87.7191,2,87719058887,73000,1
87.7216,1,87719129887,2502412,0
87.7242,3,87721677893,2502412,0
87.7269,3,87726818905,73000,1
87.7269,1,87726818905,73000,1
87.727,1,87726943905,73000,1
87.7296,4,87727050905,2502412,0
87.735,3,87732522917,2502412,0
87.7401,4,87737591929,2502412,0
87.7426,4,87740139341,2502412,0
87.7452,1,87742669347,2502412,0
87.7453,1,87745198759,73000,1
87.7453,4,87745199353,73000,1
87.7478,4,87745288353,2502412,0
87.7479,3,87747818359,73000,1
87.748,4,87747898359,73000,1
87.748,3,87747898359,73000,1
87.7506,3,87748068359,2502412,0
87.7532,1,87750687365,2502412,0
87.7561,3,87753586377,2502412,0
87.7586,1,87756116383,2502412,0
87.7637,1,87761185395,2502412,0
87.7665,4,87764037401,2502412,0
87.7691,3,87766621407,2502412,0
87.7693,4,87769178413,73000,1
87.7693,1,87769178413,73000,1
87.7693,3,87769258413,73000,1
87.7693,1,87769258413,73000,1
87.7719,1,87769374413,2502412,0
87.7744,1,87771921825,2502412,0
87.7771,2,87776990837,73000,1
87.7771,4,87776990837,73000,1
87.7796,3,87777133837,2502412,0
87.7847,1,87782211849,2502412,0
87.7873,3,87784777855,2502412,0
87.7898,1,87787316861,2502412,0
87.7949,3,87792403873,2502412,0
87.7975,4,87794969879,2502412,0
87.8,1,87797508885,2502412,0
87.8054,3,87802910903,2502412,0
87.8079,4,87805440909,2502412,0
87.8105,1,87807997915,2502412,0
87.813,3,87810545921,2502412,0
87.8132,1,87813102927,73000,1
87.8157,4,87813191927,2502412,0
87.8158,4,87815739339,73000,1
87.8158,2,87815739933,73000,1
87.8183,1,87815819933,2502412,0
87.8209,3,87818358939,2502412,0
87.826,3,87823472951,2502412,0
87.8285,3,87826029363,2502412,0
87.8311,1,87828568369,2502412,0
87.8336,1,87831097781,2502412,0
87.839,3,87836515793,2502412,0
87.8415,4,87839045799,2502412,0
87.8441,1,87841620805,2502412,0
87.8467,1,87844150217,2502412,0
87.8492,4,87846689223,2502412,0
87.8517,4,87849218635,2502412,0
87.8543,1,87851748641,2502412,0
87.8544,3,87854278647,73000,1
87.8569,4,87854349647,2502412,0
87.857,1,87856906653,73000,1
87.8598,4,87857346659,2502412,0
87.8624,4,87859894071,2502412,0
87.8649,4,87862432483,2502412,0
87.8703,1,87867840901,2502412,0
87.8729,3,87870397907,2502412,0
87.8754,4,87872927913,2502412,0
87.8755,3,87875457919,73000,1
87.8755,1,87875457919,73000,1
87.8806,4,87878112925,2502412,0
87.8831,1,87880642931,2502412,0
87.8833,1,87883217343,73000,1
87.8833,4,87883217937,73000,1
87.886,4,87885953943,73000,1
87.886,3,87885953943,73000,1
87.8911,1,87888644949,2502412,0
87.8962,4,87893740961,2502412,0
87.8988,1,87896297967,2502412,0
87.8989,1,87898827379,73000,1
87.9014,4,87898898973,2502412,0
87.9043,4,87901779985,2502412,0
87.9044,1,87904345991,73000,1
87.907,4,87904497991,2502412,0
87.9121,4,87909639003,2502412,0
87.9172,4,87914717015,2502412,0
87.9198,3,87917256021,2502412,0
87.9223,4,87919813027,2502412,0
87.9274,4,87924882039,2502412,0
87.9299,4,87927438451,2502412,0
87.9325,4,87929967863,2502412,0
87.935,3,87932497869,2502412,0
87.9376,3,87935063281,2502412,0
87.938,4,87937905693,73000,1
87.9405,3,87937985693,2502412,0
87.9431,1,87940596699,2502412,0
87.9432,1,87943153111,73000,1
87.9432,3,87943153705,73000,1
87.9458,1,87943251705,2502412,0
87.9483,4,87945781711,2502412,0
87.951,1,87950895723,73000,1
87.9511,1,87951002723,73000,1
87.9536,4,87951082723,2502412,0
87.9537,4,87953639135,73000,1
87.9566,3,87954070735,2502412,0
87.9591,3,87956618147,2502412,0
87.9642,3,87961705159,2502412,0
87.9668,4,87964271165,2502412,0
87.9669,4,87966845577,73000,1
87.9694,3,87966935171,2502412,0
87.9723,3,87969814177,2502412,0
87.9774,3,87974928189,2502412,0
87.98,4,87977512195,2502412,0
87.9827,3,87982581207,73000,1
87.9827,1,87982581207,73000,1
87.9852,3,87982688207,2502412,0
87.9853,4,87985254213,73000,1
87.9879,3,87985352213,2502412,0
87.988,3,87987944625,73000,1
87.9905,4,87988016219,2502412,0
87.9931,3,87990582225,2502412,0
87.9982,4,87995723237,2502412,0
88.0008,3,87998271243,2502412,0
88.0013,3,88001225255,73000,1
88.0013,4,88001225255,73000,1
88.0065,1,88003952261,2502412,0
88.009,1,88006481673,2502412,0
88.0141,3,88011604685,2502412,0
88.0167,4,88014152691,2502412,0
88.0217,1,88019230703,2502412,0
88.0243,1,88021760115,2502412,0
88.0268,3,88024299121,2502412,0
88.0269,1,88026856127,73000,1
88.0269,4,88026856127,73000,1
88.0294,4,88026929127,2502412,0
88.0295,3,88029468133,73000,1
88.0321,4,88029575133,2502412,0
88.0347,3,88032177139,2502412,0
88.0372,3,88034706551,2502412,0
88.0373,4,88037236557,73000,1
88.0374,2,88037307557,73000,1
88.0374,4,88037309557,73000,1
88.04,1,88037452557,2502412,0
88.0404,3,88040312969,73000,1
88.0455,1,88042958975,2502412,0
88.048,1,88045497387,2502412,0
88.0535,1,88050980405,2502412,0
88.0536,3,88053546411,73000,1
88.0562,1,88053689411,2502412,0
88.0563,4,88056237417,73000,1
88.0614,1,88058919423,2502412,0
88.064,1,88061448835,2502412,0
88.0691,1,88066580847,2502412,0
88.0716,1,88069146259,2502412,0
88.0745,1,88071998265,2502412,0
88.0796,3,88077112277,2502412,0
88.0822,1,88079651283,2502412,0
88.0847,1,88082198695,2502412,0
88.0898,3,88087330707,2502412,0
88.09,3,88089896119,73000,1
88.09,1,88089896713,73000,1
88.0925,3,88090030713,2502412,0
88.0976,3,88095144725,2502412,0
88.1002,1,88097683731,2502412,0
88.1003,4,88100222737,73000,1
88.1031,1,88100599743,2502412,0
88.1057,3,88103174749,2502412,0
88.1082,1,88105704755,2502412,0
88.1133,1,88110791767,2502412,0
88.1158,1,88113330179,2502412,0
88.1184,3,88115887185,2502412,0
88.1209,3,88118434597,2502412,0
88.1235,1,88120964603,2502412,0
88.126,3,88123494609,2502412,0
88.1311,1,88128554621,2502412,0
88.1336,1,88131111033,2502412,0
88.1362,3,88133668039,2502412,0
88.1387,3,88136224451,2502412,0
88.1413,1,88138754457,2502412,0
88.1441,1,88141596869,2502412,0
88.1466,3,88144126875,2502412,0
88.1518,3,88149276887,2502412,0
88.1522,1,88152121899,73000,1
88.1522,4,88152121899,73000,1
88.1547,3,88152201899,2502412,0
88.1599,3,88157387911,2502412,0
88.1624,1,88159926917,2502412,0
88.1676,3,88165049929,2502412,0
88.1726,1,88170145941,2502412,0
88.1781,3,88175590953,2502412,0
88.1806,3,88178129365,2502412,0
88.1832,3,88180658777,2502412,0
88.1857,1,88183206783,2502412,0
88.1908,3,88188302795,2502412,0
88.1934,1,88190868801,2502412,0
88.1935,3,88193452807,73000,1
88.1961,1,88193595807,2502412,0
88.1962,3,88196143813,73000,1
88.2013,1,88198843819,2502412,0
88.2044,1,88204281837,73000,1
88.2044,3,88204281837,73000,1
88.2095,1,88207008843,2502412,0
88.2172,1,88214697267,2502412,0
88.2197,1,88217226679,2502412,0
88.2223,1,88219783091,2502412,0
88.2274,1,88224897103,2502412,0
88.2275,4,88227427109,73000,1
88.2275,3,88227427109,73000,1
88.2326,1,88230109115,2502412,0
88.2377,2,88235241127,2502412,0
88.2403,1,88237771133,2502412,0
88.2404,1,88240327545,73000,1
88.2404,2,88240328139,73000,1
88.251,3,88248508563,2502412,0
88.2539,2,88251362575,2502412,0
88.2564,1,88253892581,2502412,0
88.2615,2,88258988593,2502412,0
88.264,1,88261527599,2502412,0
88.2666,1,88264075011,2502412,0
88.2691,3,88266605017,2502412,0
88.2692,2,88269153023,73000,1
88.2718,3,88269296023,2502412,0
88.2743,1,88271835029,2502412,0
88.2797,3,88277234447,2502412,0
88.2799,1,88279818453,73000,1
88.2799,2,88279818453,73000,1
88.28,3,88279889453,73000,1
88.28,2,88279891453,73000,1
88.2877,3,88285183871,2502412,0
88.2878,1,88287740877,73000,1
88.2903,3,88287838877,2502412,0
88.2955,3,88292979889,2502412,0
88.2956,3,88295545301,73000,1
88.2981,1,88295625895,2502412,0
88.3033,1,88300757907,2502412,0
88.3087,1,88306204925,2502412,0
88.3112,3,88308734931,2502412,0
88.3138,1,88311264937,2502412,0
88.3189,3,88316360949,2502412,0
88.3215,1,88318962955,2502412,0
88.3216,1,88321510367,73000,1
88.3216,3,88321510961,73000,1
88.3267,2,88324228967,2502412,0
88.3319,1,88329378979,2502412,0
88.3344,3,88331908985,2502412,0
88.3345,3,88334456397,73000,1
88.3345,2,88334456991,73000,1
88.337,1,88334527991,2502412,0
88.3396,1,88337120403,2502412,0
88.3447,1,88342198415,2502412,0
88.3473,3,88344764421,2502412,0
88.3503,3,88350199839,73000,1
88.3528,1,88350270839,2502412,0
88.3556,2,88353115851,2502412,0
88.3582,2,88355681263,2502412,0
88.3633,1,88360750275,2502412,0
88.3658,2,88363289281,2502412,0
88.3683,1,88365837287,2502412,0
88.3711,1,88370987299,73000,1
88.3711,2,88370987299,73000,1
88.3736,3,88371085299,2502412,0
88.3787,3,88376190311,2502412,0
88.3816,3,88379051317,2502412,0
88.3867,1,88384192329,2502412,0
88.3893,3,88386758335,2502412,0
88.3918,2,88389288341,2502412,0
88.3945,3,88394384353,73000,1
88.3945,1,88394384353,73000,1
88.397,2,88394518353,2502412,0
88.4021,2,88399605365,2502412,0
88.4049,3,88402441377,2502412,0
88.4076,2,88407564389,73000,1
88.4076,1,88407564389,73000,1
88.4102,3,88407680389,2502412,0
88.4103,3,88410245801,73000,1
88.4129,2,88410398395,2502412,0
88.4154,2,88412927807,2502412,0
88.4205,2,88418014819,2502412,0
88.4231,3,88420562825,2502412,0
88.4256,3,88423101237,2502412,0
88.4307,2,88428224249,2502412,0
88.4333,3,88430772255,2502412,0
88.4358,2,88433302261,2502412,0
88.4409,2,88438416273,2502412,0
88.4435,3,88440982279,2502412,0
88.4486,1,88446060291,2502412,0
88.449,3,88448902703,73000,1
88.449,2,88448902703,73000,1
88.452,2,88451899715,73000,1
88.452,1,88451899715,73000,1
88.4521,1,88452051715,73000,1
88.4547,3,88452185715,2502412,0
88.4598,3,88457317727,2502412,0
88.4624,1,88459847733,2502412,0
88.4674,1,88464916745,2502412,0
88.47,3,88467509751,2502412,0
88.4751,1,88472587763,2502412,0
88.4776,2,88475135769,2502412,0
88.4802,3,88477701775,2502412,0
88.4832,2,88483101787,73000,1
88.4832,1,88483101787,73000,1
88.4833,3,88483253787,73000,1
88.4859,2,88483378787,2502412,0
88.4884,3,88485908793,2502412,0
88.4935,2,88491004805,2502412,0
88.4936,3,88493543811,73000,1
88.4936,1,88493543811,73000,1
88.4961,2,88493623811,2502412,0
88.4987,2,88496162223,2502412,0
88.5041,2,88501555241,2502412,0
88.5067,2,88504147653,2502412,0
88.5118,2,88509279665,2502412,0
88.5143,3,88511809671,2502412,0
88.5168,2,88514339677,2502412,0
88.5194,3,88516869683,2502412,0
88.5219,3,88519408095,2502412,0
88.5246,2,88524504107,73000,1
88.5246,1,88524504107,73000,1
88.5271,3,88524638107,2502412,0
88.5272,3,88527167519,73000,1
88.5272,2,88527168113,73000,1
88.5323,3,88529814119,2502412,0
88.5349,1,88532380125,2502412,0
88.54,3,88537494137,2502412,0
88.5402,1,88540087143,73000,1
88.5427,3,88540176143,2502412,0
88.5453,3,88542750555,2502412,0
88.5504,3,88547891567,2502412,0
88.5529,1,88550421573,2502412,0
88.5534,1,88553334985,73000,1
88.5534,2,88553334985,73000,1
88.5563,3,88553749991,2502412,0
88.5588,1,88556279997,2502412,0
88.5639,3,88561376009,2502412,0
88.5665,1,88563960015,2502412,0
88.569,3,88566508021,2502412,0
88.5741,3,88571595033,2502412,0
88.5766,1,88574143039,2502412,0
88.5792,3,88576682045,2502412,0
88.5818,2,88579257051,2502412,0
88.5871,1,88584647469,2502412,0
88.5897,3,88587177475,2502412,0
88.5922,1,88589725481,2502412,0
88.5948,2,88592291487,2502412,0
88.5999,3,88597378499,2502412,0
88.6025,1,88599953505,2502412,0
88.6053,2,88602816517,2502412,0
88.6078,3,88605346523,2502412,0
88.6129,2,88610415535,2502412,0
88.6154,1,88612945541,2502412,0
88.618,1,88615501953,2502412,0
88.6205,2,88618040959,2502412,0
88.6231,1,88620588965,2502412,0
88.6256,3,88623127971,2502412,0
88.6282,2,88625657977,2502412,0
88.6332,2,88630735989,2502412,0
88.6358,2,88633274401,2502412,0
88.6384,1,88635849407,2502412,0
88.6409,3,88638397413,2502412,0
88.6435,2,88640963419,2502412,0
88.6485,1,88646032431,2502412,0
88.6511,3,88648571437,2502412,0
88.654,2,88651452449,2502412,0
88.6568,3,88654303861,2502412,0
88.6593,1,88656842867,2502412,0
88.6644,3,88661929879,2502412,0
88.667,2,88664477885,2502412,0
88.6695,2,88667025297,2502412,0
88.6721,1,88669555303,2502412,0
88.6746,1,88672084715,2502412,0
88.6747,1,88674614127,73000,1
88.6747,2,88674614721,73000,1
88.6772,4,88674703721,2502412,0
88.6773,3,88677233727,73000,1
88.6799,1,88677394727,2502412,0
88.6824,4,88679924733,2502412,0
88.685,1,88682490739,2502412,0
88.6878,2,88685333745,2502412,0
88.6929,3,88690402757,2502412,0
88.6954,3,88692941169,2502412,0
88.698,2,88695471175,2502412,0
88.6981,2,88698000587,73000,1
88.6981,3,88698001181,73000,1
88.6982,1,88698081181,73000,1
88.6982,4,88698081181,73000,1
88.7007,4,88698179181,2502412,0
88.7061,4,88703563199,2502412,0
88.7086,4,88706110611,2502412,0
88.7112,1,88708649617,2502412,0
88.7137,4,88711179623,2502412,0
88.7162,3,88713736629,2502412,0
88.7188,4,88716266635,2502412,0
88.7213,3,88718796641,2502412,0
88.7214,2,88721371647,73000,1
88.7215,3,88721442647,73000,1
88.7215,1,88721442647,73000,1
88.724,3,88721515647,2502412,0
88.7266,4,88724054653,2502412,0
88.7291,1,88726593659,2502412,0
88.7317,3,88729159665,2502412,0
88.7342,1,88731689671,2502412,0
88.7367,4,88734228677,2502412,0
88.7418,1,88739324689,2502412,0
88.7444,1,88741854101,2502412,0
88.7445,4,88744393107,73000,1
88.7445,3,88744393107,73000,1
88.747,1,88744545107,2502412,0
88.7496,3,88747102113,2502412,0
88.7522,4,88752171125,73000,1
88.7551,3,88752568131,2502412,0
88.7576,2,88755125137,2502412,0
88.7605,1,88757967549,2502412,0
88.7656,3,88763081561,2502412,0
88.7681,1,88765620567,2502412,0
88.7707,2,88768150573,2502412,0
88.7708,2,88770733985,73000,1
88.7708,1,88770734579,73000,1
88.7734,3,88773371585,73000,1
88.7734,1,88773371585,73000,1
88.776,4,88773523585,2502412,0
88.7761,3,88776071591,73000,1
88.7762,4,88776142591,73000,1
88.7762,2,88776142591,73000,1
88.7813,4,88778842597,2502412,0
88.7839,2,88781417603,2502412,0
88.789,3,88786486615,2502412,0
88.7894,2,88789356621,73000,1
88.7894,4,88789356621,73000,1
88.792,4,88789472621,2502412,0
88.797,3,88794532633,2502412,0
88.7996,4,88797143639,2502412,0
88.8026,3,88802518657,73000,1
88.8026,1,88802518657,73000,1
88.8026,2,88802518657,73000,1
88.8051,2,88802643657,2502412,0
88.8102,3,88807730669,2502412,0
88.8103,3,88810260081,73000,1
88.8103,4,88810260675,73000,1
88.8128,3,88810340675,2502412,0
88.8154,3,88812888087,2502412,0
88.8179,2,88815436093,2502412,0
88.818,4,88817975099,73000,1
88.8206,2,88818064099,2502412,0
88.8231,2,88820602511,2502412,0
88.8232,2,88823140923,73000,1
88.8232,3,88823141517,73000,1
88.8258,3,88823248517,2502412,0
88.8259,2,88825805523,73000,1
88.8284,2,88825885523,2502412,0
88.8286,2,88828477935,73000,1
88.8286,3,88828478529,73000,1
88.8363,3,88833797947,2502412,0
88.8414,2,88838866959,2502412,0
88.8439,4,88841423965,2502412,0
88.8465,2,88843962971,2502412,0
88.849,1,88846501977,2502412,0
88.8517,3,88851579989,73000,1
88.8545,4,88851974995,2502412,0
88.857,4,88854531407,2502412,0
88.8596,1,88857070413,2502412,0
88.8624,2,88859912825,2502412,0
88.8649,4,88862442831,2502412,0
88.87,2,88867511843,2502412,0
88.8726,3,88870059849,2502412,0
88.8751,4,88872589855,2502412,0
88.8776,3,88875128861,2502412,0
88.8777,2,88877658867,73000,1
88.8777,1,88877658867,73000,1
88.8803,1,88877756867,2502412,0
88.8828,1,88880295279,2502412,0
88.8829,1,88882851691,73000,1
88.8854,4,88882923285,2502412,0
88.888,3,88885480291,2502412,0
88.8906,4,88888064297,2502412,0
88.8934,2,88890907303,2502412,0
88.8959,1,88893437309,2502412,0
88.8985,2,88895994315,2502412,0
88.8986,3,88898524321,73000,1
88.8987,1,88898613321,73000,1
88.8987,4,88898613321,73000,1
88.9012,4,88898720321,2502412,0
88.9041,2,88901556333,2502412,0
88.9066,2,88904139745,2502412,0
88.9117,2,88909235757,2502412,0
88.9143,4,88911774763,2502412,0
88.9168,1,88914322769,2502412,0
88.9169,2,88916870775,73000,1
88.9169,3,88916870775,73000,1
88.922,4,88919498781,2502412,0
88.9246,2,88922073787,2502412,0
88.9271,1,88924603793,2502412,0
88.9297,4,88927160799,2502412,0
88.9348,1,88932265811,2502412,0
88.9373,2,88934822817,2502412,0
88.9399,4,88937352823,2502412,0
88.9424,2,88939900829,2502412,0
88.9449,1,88942430835,2502412,0
88.95,4,88947517847,2502412,0
88.9529,4,88950380859,2502412,0
88.9554,1,88952919865,2502412,0
88.9555,2,88955476871,73000,1
88.9555,3,88955476871,73000,1
88.9582,1,88958122877,73000,1
88.9582,4,88958122877,73000,1
88.9607,2,88958220877,2502412,0
88.9612,2,88961117289,73000,1
88.9637,2,88961224289,2502412,0
88.9663,1,88963772295,2502412,0
88.9664,2,88966329301,73000,1
88.9689,4,88966409301,2502412,0
88.9715,2,88968948307,2502412,0
88.974,4,88971496313,2502412,0
88.9741,4,88974034725,73000,1
88.9741,1,88974035319,73000,1
88.9766,2,88974115319,2502412,0
88.9793,2,88979202331,73000,1
88.9793,3,88979202331,73000,1
88.9818,2,88979345331,2502412,0
88.982,4,88981893337,73000,1
88.982,1,88981893337,73000,1
88.9845,2,88982027337,2502412,0
88.9897,3,88987186349,2502412,0
88.9898,2,88989716355,73000,1
88.9923,2,88989805355,2502412,0
88.9952,4,88992693361,2502412,0
89.0003,4,88997753373,2502412,0
89.0028,4,89000282785,2502412,0
89.0056,3,89003136797,2502412,0
89.0082,2,89005666803,2502412,0
89.0107,2,89008214215,2502412,0
89.0108,3,89010753221,73000,1
89.0108,4,89010753221,73000,1
89.0159,2,89013372227,2502412,0
89.0185,3,89015965233,2502412,0
89.021,3,89018494645,2502412,0
89.0211,3,89021033057,73000,1
89.0211,2,89021033651,73000,1
89.0236,1,89021122651,2502412,0
89.0262,3,89023652657,2502412,0
89.0313,1,89028793669,2502412,0
89.0338,4,89031323675,2502412,0
89.0364,1,89033862681,2502412,0
89.0365,4,89036392687,73000,1
89.0365,3,89036392687,73000,1
89.039,2,89036463687,2502412,0
89.0415,4,89039002693,2502412,0
89.0441,2,89044062705,73000,1
89.0441,1,89044062705,73000,1
89.0466,4,89044142705,2502412,0
89.0492,3,89046699711,2502412,0
89.0517,4,89049238717,2502412,0
89.0546,1,89052137729,2502412,0
89.0547,1,89054667141,73000,1
89.0572,3,89054738735,2502412,0
89.0598,1,89057277741,2502412,0
89.0623,4,89059834747,2502412,0
89.0649,1,89062400753,2502412,0
89.0677,1,89065243165,2502412,0
89.0703,3,89067773171,2502412,0
89.0728,2,89070303177,2502412,0
89.0753,3,89072842183,2502412,0
89.0804,4,89077902195,2502412,0
89.083,4,89080458607,2502412,0
89.0855,1,89083006613,2502412,0
89.0856,4,89085536619,73000,1
89.0856,2,89085536619,73000,1
89.0881,4,89085609619,2502412,0
89.0906,3,89088139625,2502412,0
89.0932,1,89090687631,2502412,0
89.0957,4,89093244637,2502412,0
89.0986,3,89096087643,2502412,0
89.1011,1,89098617649,2502412,0
89.1012,3,89101147655,73000,1
89.1041,4,89101551661,2502412,0
89.1066,4,89104081073,2502412,0
89.1091,4,89106637485,2502412,0
89.1117,4,89109166897,2502412,0
89.1142,4,89111696309,2502412,0
89.1143,1,89114226315,73000,1
89.1143,2,89114226315,73000,1
89.1143,3,89114226315,73000,1
89.1168,4,89114306315,2502412,0
89.1194,1,89116854321,2502412,0
89.1219,4,89119393327,2502412,0
89.1244,4,89121931739,2502412,0
89.127,4,89124461151,2502412,0
89.1321,4,89129557163,2502412,0
89.1346,4,89132095575,2502412,0
89.1347,4,89134624987,73000,1
89.1347,1,89134625581,73000,1
89.1373,3,89134768581,2502412,0
89.1375,4,89137388587,73000,1
89.14,1,89137477587,2502412,0
89.1401,1,89140006999,73000,1
89.1401,3,89140007593,73000,1
89.1402,3,89140168593,73000,1
89.1428,4,89140248593,2502412,0
89.1453,4,89142796005,2502412,0
89.1479,2,89145362011,2502412,0
89.1505,2,89150431023,73000,1
89.1533,4,89150837029,2502412,0
89.1559,1,89153367035,2502412,0
89.1586,4,89158526047,73000,1
89.1586,2,89158526047,73000,1
89.1587,1,89158615047,73000,1
89.1587,3,89158615047,73000,1
89.1612,4,89158722047,2502412,0
89.1663,4,89163782059,2502412,0
89.1691,3,89166624471,2502412,0
89.1717,4,89169163477,2502412,0
89.1742,4,89171719889,2502412,0
89.1768,3,89174267895,2502412,0
89.1769,4,89176806901,73000,1
89.1794,1,89176913901,2502412,0
89.182,3,89179470907,2502412,0
89.1845,4,89182000913,2502412,0
89.1896,1,89187114925,2502412,0
89.1922,3,89189653931,2502412,0
89.1947,4,89192201937,2502412,0
89.1972,2,89194731943,2502412,0
89.2002,4,89200158955,73000,1
89.2003,3,89200238955,73000,1
89.2003,1,89200238955,73000,1
89.2032,2,89200660961,2502412,0
89.2083,2,89205747973,2502412,0
89.2108,2,89208277385,2502412,0
89.2134,2,89210887797,2502412,0
89.2185,4,89215974809,2502412,0
89.2186,3,89218504815,73000,1
89.2186,1,89218504815,73000,1
89.2212,2,89218647815,2502412,0
89.2262,4,89223716827,2502412,0
89.2264,2,89226318833,73000,1
89.2264,3,89226318833,73000,1
89.2289,4,89226389833,2502412,0
89.234,2,89231521845,2502412,0
89.2342,4,89234078851,73000,1
89.2367,2,89234203851,2502412,0
89.2394,2,89239362863,73000,1
89.2394,1,89239362863,73000,1
89.2419,4,89239442863,2502412,0
89.2445,4,89241999275,2502412,0
89.2497,4,89247149287,2502412,0
89.2551,2,89252587305,2502412,0
89.2602,4,89257665317,2502412,0
89.2627,4,89260239729,2502412,0
89.2653,2,89262796735,2502412,0
89.2654,4,89265326741,73000,1
89.2679,3,89265424741,2502412,0
89.2708,3,89268312153,2502412,0
89.2759,2,89273399165,2502412,0
89.2784,4,89275947171,2502412,0
89.281,1,89278486177,2502412,0
89.2835,2,89281016183,2502412,0
89.286,3,89283546189,2502412,0
89.2861,1,89286076195,73000,1
89.2861,4,89286076195,73000,1
89.2862,2,89286156195,73000,1
89.2888,1,89286263195,2502412,0
89.2889,1,89288837607,73000,1
89.2889,3,89288838201,73000,1
89.2914,3,89288936201,2502412,0
89.2915,4,89291475207,73000,1
89.2915,2,89291475207,73000,1
89.2966,3,89294076213,2502412,0
89.2991,3,89296641625,2502412,0
89.302,3,89299502631,2502412,0
89.3025,3,89302383643,73000,1
89.305,1,89302526643,2502412,0
89.3102,1,89307676655,2502412,0
89.3127,3,89310206661,2502412,0
89.3178,4,89315311673,2502412,0
89.3204,3,89317886679,2502412,0
89.3205,1,89320425685,73000,1
89.3205,2,89320425685,73000,1
89.323,4,89320514685,2502412,0
89.3256,3,89323071691,2502412,0
89.3281,3,89325619103,2502412,0
89.3332,4,89330715115,2502412,0
89.3334,4,89333289527,73000,1
89.3334,1,89333290121,73000,1
89.3384,3,89335909127,2502412,0
89.3409,3,89338438539,2502412,0
89.3461,2,89343579551,2502412,0
89.3486,3,89346118557,2502412,0
89.3487,2,89348657563,73000,1
89.3487,4,89348657563,73000,1
89.3512,3,89348737563,2502412,0
89.3514,3,89351284975,73000,1
89.3514,1,89351285569,73000,1
89.3567,3,89354203581,2502412,0
89.3593,2,89356751587,2502412,0
89.3618,3,89359299593,2502412,0
89.3644,2,89361865599,2502412,0
89.3669,3,89364431605,2502412,0
89.3721,3,89369554617,2502412,0
89.3749,2,89372397029,2502412,0
89.3776,2,89377574041,73000,1
89.3776,3,89377574041,73000,1
89.3802,4,89377654041,2502412,0
89.3853,4,89382777053,2502412,0
89.3904,4,89387900065,2502412,0
89.3905,2,89390430071,73000,1
89.3905,3,89390430071,73000,1
89.393,4,89390510071,2502412,0
89.3982,4,89395660083,2502412,0
89.4036,4,89401116101,2502412,0
89.404,3,89403968107,73000,1
89.4066,1,89404102107,2502412,0
89.4067,4,89406641113,73000,1
89.4093,1,89406784113,2502412,0
89.4094,1,89409313525,73000,1
89.4144,1,89411942125,2502412,0
89.4146,2,89414535131,73000,1
89.4171,3,89414615131,2502412,0
89.4197,4,89417172137,2502412,0
89.4222,1,89419711143,2502412,0
89.4223,1,89422249555,73000,1
89.4223,3,89422250149,73000,1
89.4248,4,89422330149,2502412,0
89.4274,1,89424914155,2502412,0
89.4325,4,89430019167,2502412,0
89.4351,1,89432603173,2502412,0
89.4352,4,89435142179,73000,1
89.4377,3,89435231179,2502412,0
89.4403,4,89437779185,2502412,0
89.4454,1,89442884197,2502412,0
89.4455,4,89445423203,73000,1
89.4455,3,89445423203,73000,1
89.448,1,89445494203,2502412,0
89.4481,1,89448032615,73000,1
89.4481,2,89448033209,73000,1
89.4536,4,89451057221,2502412,0
89.4587,4,89456171233,2502412,0
89.4612,1,89458701239,2502412,0
89.4638,3,89461267245,2502412,0
89.4663,1,89463797251,2502412,0
89.4688,4,89466336257,2502412,0
89.4689,3,89468866263,73000,1
89.469,1,89468937263,73000,1
89.469,3,89468939263,73000,1
89.4715,1,89469010263,2502412,0
89.4741,4,89471621269,2502412,0
89.4795,1,89477020687,2502412,0
89.4821,1,89479613099,2502412,0
89.4847,4,89482152105,2502412,0
89.4898,1,89487248117,2502412,0
89.4923,4,89489823123,2502412,0
89.4974,1,89494901135,2502412,0
89.5,1,89497448547,2502412,0
89.5025,4,89499996553,2502412,0
89.5029,4,89502841565,73000,1
89.5029,3,89502841565,73000,1
89.5083,1,89505808977,2502412,0
89.5084,1,89508347389,73000,1
89.5084,4,89508347983,73000,1
89.5162,4,89513649401,2502412,0
89.5187,4,89516223813,2502412,0
89.5214,3,89521283825,73000,1
89.5214,1,89521283825,73000,1
89.5215,4,89521444825,73000,1
89.5318,4,89529329655,2502412,0
89.532,1,89531922661,73000,1
89.5346,4,89532047661,2502412,0
89.5373,2,89537206673,73000,1
89.5398,4,89537277673,2502412,0
89.5423,3,89539807679,2502412,0
89.5475,4,89544957691,2502412,0
89.55,3,89547505697,2502412,0
89.5504,3,89550341709,73000,1
89.5504,4,89550341709,73000,1
89.5555,3,89553014715,2502412,0
89.5581,3,89555571127,2502412,0
89.5632,3,89560676139,2502412,0
89.5657,4,89563242145,2502412,0
89.5708,3,89568320157,2502412,0
89.5734,3,89570858569,2502412,0
89.5759,4,89573406575,2502412,0
89.5788,3,89576248987,2502412,0
89.5813,4,89578787993,2502412,0
89.5864,3,89583902005,2502412,0
89.5889,4,89586432011,2502412,0
89.5915,1,89588980017,2502412,0
89.594,3,89591528023,2502412,0
89.5991,3,89596615035,2502412,0
89.6017,4,89599172041,2502412,0
89.6018,1,89601702047,73000,1
89.6022,4,89602097053,73000,1
89.6022,1,89602097053,73000,1
89.6047,3,89602195053,2502412,0
89.6048,4,89604725059,73000,1
89.6073,4,89604805059,2502412,0
89.6102,3,89607693065,2502412,0
89.6104,3,89610294477,73000,1
89.6104,4,89610295071,73000,1
89.6155,1,89612968077,2502412,0
89.6206,3,89618100089,2502412,0
89.6231,1,89620639095,2502412,0
89.6282,4,89625735107,2502412,0
89.6308,3,89628283113,2502412,0
89.6333,4,89630822119,2502412,0
89.6384,1,89635909131,2502412,0
89.641,3,89638448137,2502412,0
89.6435,4,89641023143,2502412,0
89.6486,1,89646110155,2502412,0
89.6511,3,89648640161,2502412,0
89.654,4,89651521173,2502412,0
89.6542,4,89654077585,73000,1
89.6542,1,89654078179,73000,1
89.6567,3,89654185179,2502412,0
89.6569,3,89656777591,73000,1
89.6569,4,89656778185,73000,1
89.6569,1,89656778185,73000,1
89.6594,1,89656851185,2502412,0
89.6595,1,89659380597,73000,1
89.6646,3,89662099197,2502412,0
89.6648,3,89664682609,73000,1
89.6649,1,89664835203,73000,1
89.6675,4,89664969203,2502412,0
89.6726,4,89670074215,2502412,0
89.6777,4,89675161227,2502412,0
89.6805,3,89678012639,2502412,0
89.6856,1,89683126651,2502412,0
89.6882,4,89685665657,2502412,0
89.6907,3,89688231663,2502412,0
89.6933,3,89690761075,2502412,0
89.6958,1,89693300081,2502412,0
89.7009,3,89698369093,2502412,0
89.7037,4,89701205105,2502412,0
89.7062,4,89703734517,2502412,0
89.7088,4,89706281929,2502412,0
89.7116,4,89709133935,2502412,0
89.7142,1,89711672941,2502412,0
89.7143,3,89714202947,73000,1
89.7143,2,89714202947,73000,1
89.7144,4,89714300947,73000,1
89.7169,1,89714380947,2502412,0
89.7194,3,89716937953,2502412,0
89.722,3,89719539365,2502412,0
89.7222,3,89722086777,73000,1
89.7222,1,89722087371,73000,1
89.7273,4,89724778377,2502412,0
89.73,4,89729901389,73000,1
89.73,1,89729901389,73000,1
89.7351,3,89732565395,2502412,0
89.7376,3,89735103807,2502412,0
89.7401,3,89737642219,2502412,0
89.7452,3,89742729231,2502412,0
89.7478,4,89745277237,2502412,0
89.7504,4,89747851649,2502412,0
89.753,4,89750452655,2502412,0
89.7558,3,89753288667,2502412,0
89.7584,3,89755899079,2502412,0
89.7635,3,89760968091,2502412,0
89.766,4,89763498097,2502412,0
89.7686,4,89766054509,2502412,0
89.7687,1,89768629515,73000,1
89.7712,4,89768727515,2502412,0
89.7738,3,89771257521,2502412,0
89.7763,4,89773796527,2502412,0
89.7788,3,89776326533,2502412,0
89.7814,4,89778874539,2502412,0
89.7842,3,89781716951,2502412,0
89.7893,3,89786821963,2502412,0
89.7919,3,89789351375,2502412,0
89.7944,4,89791881381,2502412,0
89.7969,4,89794428793,2502412,0
89.7971,3,89797012799,73000,1
89.7996,4,89797110799,2502412,0
89.8022,4,89799649211,2502412,0
89.805,3,89802503223,2502412,0
89.8101,4,89807626235,2502412,0
89.8127,3,89810165241,2502412,0
89.8155,1,89813008247,2502412,0
89.8181,4,89815565253,2502412,0
89.8206,4,89818103665,2502412,0
89.8257,1,89823181677,2502412,0
89.8282,3,89825729683,2502412,0
89.8308,3,89828268095,2502412,0
89.8333,1,89830816101,2502412,0
89.8359,4,89833355107,2502412,0
89.841,4,89838451119,2502412,0
89.8435,4,89840989531,2502412,0
89.8436,1,89843528537,73000,1
89.8436,3,89843528537,73000,1
89.8461,1,89843608537,2502412,0
89.8487,1,89846164949,2502412,0
89.8512,1,89848694361,2502412,0
89.8516,1,89851539373,73000,1
89.8541,4,89851646373,2502412,0
89.8567,1,89854176379,2502412,0
89.8592,4,89856724385,2502412,0
89.8618,3,89859272391,2502412,0
89.8619,4,89861811397,73000,1
89.8619,1,89861811397,73000,1
89.8644,3,89861882397,2502412,0
89.8669,4,89864412403,2502412,0
89.872,3,89869499415,2502412,0
89.8746,1,89872056421,2502412,0
89.8771,3,89874586427,2502412,0
89.8796,4,89877125433,2502412,0
89.8822,1,89879691439,2502412,0
89.885,3,89882542851,2502412,0
89.8902,4,89887656863,2502412,0
89.8927,1,89890195869,2502412,0
89.8952,4,89892743875,2502412,0
89.8953,4,89895273287,73000,1
89.8953,3,89895273881,73000,1
89.9004,1,89897919887,2502412,0
89.9033,3,89900836899,2502412,0
89.9084,1,89905932911,2502412,0
89.911,1,89908498323,2502412,0
89.9135,4,89911046329,2502412,0
89.914,3,89913898335,73000,1
89.9165,1,89913969335,2502412,0
89.919,4,89916517341,2502412,0
89.9215,3,89919047347,2502412,0
89.9217,3,89921621759,73000,1
89.9217,1,89921622353,73000,1
89.9243,4,89924241359,73000,1
89.9243,3,89924241359,73000,1
89.9269,1,89924393359,2502412,0
89.9294,3,89926932365,2502412,0
89.9345,3,89932001377,2502412,0
89.937,3,89934539789,2502412,0
89.9372,3,89937087201,73000,1
89.9372,1,89937087795,73000,1
89.9397,4,89937194795,2502412,0
89.9448,3,89942254807,2502412,0
89.9473,3,89944784219,2502412,0
89.9498,1,89947332225,2502412,0
89.95,4,89949943231,73000,1
89.9528,3,89950329237,2502412,0
89.9554,1,89952859243,2502412,0
89.9555,1,89955451655,73000,1
89.9555,4,89955452249,73000,1
89.9606,4,89958062255,2502412,0
89.9631,3,89960592261,2502412,0
89.9657,3,89963148673,2502412,0
89.9682,4,89965714679,2502412,0
89.9707,3,89968244685,2502412,0
89.9759,1,89973349697,2502412,0
89.9784,4,89975879703,2502412,0
89.9809,4,89978427115,2502412,0
89.9835,3,89980957121,2502412,0
89.986,4,89983487127,2502412,0
89.9864,1,89986356539,73000,1
89.9889,4,89986427539,2502412,0
89.9915,4,89988965951,2502412,0
89.994,3,89991504957,2502412,0
89.9966,4,89994052963,2502412,0
89.9967,4,89996645375,73000,1
89.9967,3,89996645969,73000,1
89.9992,3,89996743969,2502412,0
90.0018,1,89999300975,2502412,0
90.0046,3,90002145987,2502412,0
90.0072,1,90004675993,2502412,0
90.0123,3,90009763005,2502412,0
90.0148,3,90012301417,2502412,0
90.0149,3,90014839829,73000,1
90.0149,1,90014840423,73000,1
90.0174,3,90014929423,2502412,0
90.0203,4,90017817429,2502412,0
90.023,4,90022886441,73000,1
90.023,1,90022886441,73000,1
90.0255,3,90022966441,2502412,0
90.0282,3,90028125453,73000,1
90.0282,2,90028125453,73000,1
90.0308,4,90028277453,2502412,0
90.0335,3,90033436465,73000,1
90.036,4,90033507465,2502412,0
90.0386,4,90036063877,2502412,0
90.0437,4,90041168889,2502412,0
90.0438,4,90043698301,73000,1
90.0438,1,90043698895,73000,1
90.0439,1,90043832895,73000,1
90.0465,3,90043993895,2502412,0
90.0516,3,90049107907,2502412,0
90.0544,4,90051943919,2502412,0
90.0596,3,90057048931,2502412,0
90.0621,3,90059596343,2502412,0
90.0646,4,90062126349,2502412,0
90.0697,4,90067222361,2502412,0
90.0723,3,90069815367,2502412,0
90.0774,4,90074929379,2502412,0
90.08,4,90077458791,2502412,0
90.0825,4,90079997203,2502412,0
90.085,3,90082536209,2502412,0
90.0904,4,90087945221,2502412,0
90.093,4,90090501633,2502412,0
90.0931,3,90093076639,73000,1
90.0957,4,90093165639,2502412,0
90.0982,4,90095740051,2502412,0
90.1009,4,90100818063,73000,1
90.1064,3,90103860075,2502412,0
90.1115,4,90108992087,2502412,0
90.1141,3,90111558093,2502412,0
90.1142,3,90114087505,73000,1
90.1167,4,90114213099,2502412,0
90.1222,4,90119648517,2502412,0
90.1273,4,90124753529,2502412,0
90.1298,4,90127291941,2502412,0
90.1324,3,90129848947,2502412,0
90.1374,3,90134944959,2502412,0
90.14,4,90137474965,2502412,0
90.1425,3,90140013971,2502412,0
90.1426,3,90142552383,73000,1
90.1426,4,90142552977,73000,1
90.1503,3,90147845395,2502412,0
90.1529,4,90150375401,2502412,0
90.1583,3,90155804419,2502412,0
90.1608,3,90158333831,2502412,0
90.1634,4,90160872837,2502412,0
90.1659,3,90163438843,2502412,0
90.1685,4,90165968849,2502412,0
90.1736,4,90171064861,2502412,0
90.1761,3,90173621867,2502412,0
90.1787,3,90176169279,2502412,0
90.1788,3,90178734691,73000,1
90.1788,4,90178735285,73000,1
90.1788,1,90178735285,73000,1
90.184,3,90181489291,2502412,0
90.1841,1,90184037297,73000,1
90.1866,3,90184126297,2502412,0
90.1892,4,90186656303,2502412,0
90.1946,3,90192104009,2502412,0
90.1972,4,90194661015,2502412,0
90.2023,4,90199775027,2502412,0
90.2024,3,90202305033,73000,1
90.2052,3,90202711039,2502412,0
90.2078,4,90205250045,2502412,0
90.2129,3,90210355057,2502412,0
90.2154,3,90212911469,2502412,0
90.2179,4,90215441475,2502412,0
90.2181,3,90218025481,73000,1
90.2207,4,90218159481,2502412,0
90.2235,3,90221029487,2502412,0
90.2286,4,90226089499,2502412,0
90.2312,3,90228682505,2502412,0
90.2337,4,90231212511,2502412,0
90.2338,3,90233751517,73000,1
90.2364,4,90233876517,2502412,0
90.2389,4,90236414929,2502412,0
90.2441,3,90241555941,2502412,0
90.2442,3,90244085353,73000,1
90.2442,4,90244085947,73000,1
90.2493,3,90246785953,2502412,0
90.2547,4,90252232971,2502412,0
90.2598,3,90257310983,2502412,0
90.2624,4,90259858989,2502412,0
90.2649,4,90262415401,2502412,0
90.27,3,90267484413,2502412,0
90.2725,4,90270041419,2502412,0
90.2751,3,90272589425,2502412,0
90.2752,3,90275127837,73000,1
90.2752,4,90275128431,73000,1
90.2803,3,90277828437,2502412,0
90.2855,4,90282969449,2502412,0
90.288,3,90285499455,2502412,0
90.2905,4,90288029461,2502412,0
90.2906,3,90290559467,73000,1
90.2932,4,90290720467,2502412,0
90.2961,4,90293562879,2502412,0
90.2962,4,90296092291,73000,1
90.2963,4,90296262885,73000,1
90.2989,3,90296351885,2502412,0
90.3043,3,90301762903,2502412,0
90.3068,3,90304319315,2502412,0
90.3119,3,90309424327,2502412,0
90.3121,3,90312007739,73000,1
90.3146,3,90312088333,2502412,0
90.3171,3,90314617745,2502412,0
90.3196,3,90317147157,2502412,0
90.3198,4,90319722163,73000,1
90.3223,3,90319838163,2502412,0
90.3278,3,90325327581,2502412,0
90.3329,3,90330405593,2502412,0
90.3381,3,90335591605,2502412,0
90.3432,3,90340660617,2502412,0
90.3483,3,90345837629,2502412,0
90.3509,3,90348385041,2502412,0
90.3539,3,90351357053,2502412,0
90.359,3,90356507065,2502412,0
90.3615,3,90359045477,2502412,0
90.3693,3,90366751901,2502412,0
90.3744,3,90371937913,2502412,0
90.3795,4,90377024925,2502412,0
90.3847,4,90382156937,2502412,0
90.3872,3,90384686943,2502412,0
90.3897,3,90387225355,2502412,0
90.3923,3,90389754767,2502412,0
90.3977,4,90395154779,2502412,0
90.4002,1,90397684785,2502412,0
90.4031,3,90400601797,2502412,0
90.4082,4,90405688809,2502412,0
90.4083,4,90408218221,73000,1
90.4083,1,90408218815,73000,1
90.4108,3,90408289815,2502412,0
90.4133,3,90410846227,2502412,0
90.4135,1,90413412233,73000,1
90.416,4,90413501233,2502412,0
90.4186,4,90416057645,2502412,0
90.4211,4,90418596057,2502412,0
90.4236,3,90421135063,2502412,0
90.4238,3,90423691475,73000,1
90.4263,4,90423835069,2502412,0
90.4268,1,90426723075,73000,1
90.4319,4,90429360081,2502412,0
90.4344,4,90431889493,2502412,0
90.4369,3,90434446499,2502412,0
90.437,4,90436976505,73000,1
90.4396,3,90437065505,2502412,0
90.4422,3,90439666917,2502412,0
90.4423,4,90442196923,73000,1
90.4449,3,90442348923,2502412,0
90.4475,3,90447444935,73000,1
90.4475,4,90447444935,73000,1
90.4555,3,90453016953,2502412,0
90.4607,3,90458184965,2502412,0
90.4658,3,90463334977,2502412,0
90.471,4,90468457989,2502412,0
90.4735,3,90470987995,2502412,0
90.4786,3,90476057007,2502412,0
90.4811,3,90478604419,2502412,0
90.4813,3,90481178831,73000,1
90.4813,1,90481179425,73000,1
90.4813,4,90481250425,73000,1
90.4838,3,90481330425,2502412,0
90.489,3,90486480437,2502412,0
90.4941,4,90491639449,2502412,0
90.4967,3,90494169455,2502412,0
90.5021,4,90499595873,2502412,0
90.505,3,90502485885,2502412,0
90.5075,3,90505015297,2502412,0
90.5126,4,90510102309,2502412,0
90.5152,3,90512659315,2502412,0
90.5179,3,90517809327,73000,1
90.5179,4,90517809327,73000,1
90.5204,4,90517882327,2502412,0
90.5205,2,90520439333,73000,1
90.523,3,90520537333,2502412,0
90.5256,2,90523067339,2502412,0
90.5281,4,90525624345,2502412,0
90.531,4,90528467351,2502412,0
90.5335,2,90530997357,2502412,0
90.5386,4,90536075369,2502412,0
90.5411,3,90538614375,2502412,0
90.5437,2,90541171381,2502412,0
90.5462,4,90543701387,2502412,0
90.5487,3,90546240393,2502412,0
90.5513,3,90548769805,2502412,0
90.5567,4,90554189823,2502412,0
90.5592,2,90556719829,2502412,0
90.5618,4,90559249835,2502412,0
90.5643,3,90561824841,2502412,0
90.5645,2,90564390847,73000,1
90.567,4,90564461847,2502412,0
90.5695,2,90567009853,2502412,0
90.572,4,90569539859,2502412,0
90.5746,3,90572114865,2502412,0
90.5773,4,90577228877,73000,1
90.5773,2,90577228877,73000,1
90.5798,3,90577299877,2502412,0
90.5823,3,90579829289,2502412,0
90.5825,3,90582385701,73000,1
90.5825,4,90582386295,73000,1
90.585,3,90582484295,2502412,0
90.5902,2,90587652307,2502412,0
90.5903,3,90590191313,73000,1
90.5903,1,90590191313,73000,1
90.5953,3,90592792319,2502412,0
90.5978,3,90595339731,2502412,0
90.6004,2,90597896737,2502412,0
90.6061,3,90603647161,2502412,0
90.6087,2,90606213167,2502412,0
90.6113,3,90608761173,2502412,0
90.6163,2,90613830185,2502412,0
90.6165,2,90616449597,73000,1
90.619,3,90616521191,2502412,0
90.6216,4,90619060197,2502412,0
90.6241,4,90621589609,2502412,0
90.6266,3,90624146615,2502412,0
90.6293,4,90629260627,73000,1
90.6293,2,90629260627,73000,1
90.6319,3,90629385627,2502412,0
90.6399,3,90637405051,2502412,0
90.6424,4,90639935057,2502412,0
90.645,3,90642492063,2502412,0
90.6501,4,90647561075,2502412,0
90.6529,4,90650442087,2502412,0
90.6555,3,90653008093,2502412,0
90.6582,3,90658086105,73000,1
90.6582,2,90658086105,73000,1
90.6607,4,90658166105,2502412,0
90.6632,4,90660713517,2502412,0
90.6633,4,90663269929,73000,1
90.6633,3,90663270523,73000,1
90.6684,4,90665925529,2502412,0
90.671,4,90668481941,2502412,0
90.6711,4,90671056353,73000,1
90.6737,2,90671217947,2502412,0
90.6738,4,90673747953,73000,1
90.6763,2,90673827953,2502412,0
90.6789,2,90676384365,2502412,0
90.6814,2,90678913777,2502412,0
90.6865,3,90684027789,2502412,0
90.6891,3,90686557201,2502412,0
90.6916,2,90689114207,2502412,0
90.6967,3,90694192219,2502412,0
90.6993,3,90696757631,2502412,0
90.7018,3,90699305043,2502412,0
90.7026,2,90702480461,73000,1
90.7051,3,90702578461,2502412,0
90.7053,4,90705198467,73000,1
90.7078,3,90705287467,2502412,0
90.7079,2,90707871473,73000,1
90.7105,3,90707969473,2502412,0
90.7106,2,90710499479,73000,1
90.7157,3,90713172485,2502412,0
90.7182,3,90715701897,2502412,0
90.7233,3,90720815909,2502412,0
90.7259,3,90723381321,2502412,0
90.731,2,90728468333,2502412,0
90.7335,3,90731016339,2502412,0
90.7364,2,90733913345,2502412,0
90.7365,2,90736442757,73000,1
90.7365,3,90736443351,73000,1
90.7391,2,90736568351,2502412,0
90.7418,2,90741754363,73000,1
90.7418,3,90741754363,73000,1
90.7496,2,90747082781,2502412,0
90.755,3,90752466799,2502412,0
90.7575,4,90755005805,2502412,0
90.76,2,90757535811,2502412,0
90.7626,4,90760083817,2502412,0
90.7653,2,90765197829,73000,1
90.7653,3,90765197829,73000,1
90.7678,4,90765313829,2502412,0
90.7729,2,90770436841,2502412,0
90.7755,4,90772975847,2502412,0
90.778,4,90775505259,2502412,0
90.7781,1,90778044265,73000,1
90.7781,3,90778044265,73000,1
90.7832,4,90780654271,2502412,0
90.7857,2,90783229277,2502412,0
90.7883,2,90785785689,2502412,0
90.7908,4,90788315695,2502412,0
90.7959,3,90793429707,2502412,0
90.7985,4,90795995713,2502412,0
90.801,2,90798534719,2502412,0
90.8067,3,90804240737,2502412,0
90.8093,4,90806779743,2502412,0
90.8118,2,90809327749,2502412,0
90.8145,4,90814450761,73000,1
90.8145,3,90814450761,73000,1
90.8171,2,90814557761,2502412,0
90.8196,3,90817105767,2502412,0
90.8197,4,90819662773,73000,1
90.8223,2,90819751773,2502412,0
90.8248,3,90822290779,2502412,0
90.8274,3,90824874191,2502412,0
90.8325,2,90829952203,2502412,0
90.835,2,90832499615,2502412,0
90.8379,2,90835351621,2502412,0
90.8404,3,90837899627,2502412,0
90.8455,3,90842968639,2502412,0
90.8456,3,90845552051,73000,1
90.8456,2,90845552645,73000,1
90.8508,3,90848261651,2502412,0
90.8509,3,90850791063,73000,1
90.8534,2,90850862657,2502412,0
90.8559,2,90853392069,2502412,0
90.8585,4,90856002075,2502412,0
90.8614,3,90858856087,2502412,0
90.8639,2,90861404093,2502412,0
90.8665,3,90863952099,2502412,0
90.8716,4,90869048111,2502412,0
90.8741,2,90871578117,2502412,0
90.8766,3,90874126123,2502412,0
90.8792,3,90876655535,2502412,0
90.8817,2,90879203541,2502412,0
90.8843,4,90881769547,2502412,0
90.8894,2,90886856559,2502412,0
90.8919,3,90889395565,2502412,0
90.8945,2,90891952571,2502412,0
90.8946,3,90894482577,73000,1
90.8946,4,90894482577,73000,1
90.8971,4,90894571577,2502412,0
90.8998,4,90899712589,73000,1
90.8998,2,90899712589,73000,1
90.9023,3,90899783589,2502412,0
90.9024,4,90902322595,73000,1
90.9052,3,90902719601,2502412,0
90.9107,3,90908173613,2502412,0
90.9158,3,90913323625,2502412,0
90.9184,2,90915853631,2502412,0
90.9209,3,90918410637,2502412,0
90.926,3,90923497649,2502412,0
90.9285,2,90926036655,2502412,0
90.9311,3,90928593661,2502412,0
90.9336,3,90931123073,2502412,0
90.9362,3,90933652485,2502412,0
90.9416,3,90939069903,2502412,0
90.9441,2,90941599909,2502412,0
90.9467,4,90944165915,2502412,0
90.9492,3,90946713921,2502412,0
90.9543,2,90951791933,2502412,0
90.9547,3,90954654945,73000,1
90.9547,4,90954654945,73000,1
90.9573,3,90954761945,2502412,0
90.9624,2,90959866957,2502412,0
90.9649,3,90962405963,2502412,0
90.9675,4,90964971969,2502412,0
90.9726,3,90970049981,2502412,0
90.9751,4,90972579987,2502412,0
90.9776,2,90975118993,2502412,0
90.9802,4,90977657999,2502412,0
90.9803,2,90980206005,73000,1
90.9803,3,90980206005,73000,1
90.9828,2,90980279005,2502412,0
90.9879,4,90985393017,2502412,0
90.9904,4,90987940429,2502412,0
90.993,2,90990470435,2502412,0
90.9955,2,90993017847,2502412,0
90.9981,4,90995583853,2502412,0
91.0035,4,91000949871,2502412,0
91.006,4,91003497283,2502412,0
91.0085,4,91006044695,2502412,0
91.009,2,91008905107,73000,1
91.009,3,91008905107,73000,1
91.0115,4,91009003107,2502412,0
91.0166,4,91014108119,2502412,0
91.0192,4,91016682531,2502412,0
91.0243,2,91021778543,2502412,0
91.0268,2,91024343955,2502412,0
91.0294,4,91026891961,2502412,0
91.0345,4,91031996973,2502412,0
91.037,4,91034535385,2502412,0
91.0396,2,91037065391,2502412,0
91.0421,2,91039621803,2502412,0
91.0476,4,91045066815,2502412,0
91.0501,2,91047614821,2502412,0
91.0555,3,91053007839,2502412,0
91.0581,4,91055555845,2502412,0
91.0606,2,91058121851,2502412,0
91.0657,3,91063226863,2502412,0
91.0683,4,91065774869,2502412,0
91.0708,3,91068304875,2502412,0
91.0734,2,91070870881,2502412,0
91.0735,3,91073400887,73000,1
91.0735,4,91073400887,73000,1
91.076,2,91073516887,2502412,0
91.0786,3,91076082893,2502412,0
91.0811,2,91078612899,2502412,0
91.0862,2,91083717911,2502412,0
91.0888,3,91086247917,2502412,0
91.0913,4,91088786923,2502412,0
91.0938,4,91091325335,2502412,0
91.094,2,91093882341,73000,1
91.0965,4,91093962341,2502412,0
91.099,3,91096501347,2502412,0
91.1016,4,91099103353,2502412,0
91.102,3,91101948365,73000,1
91.1022,4,91102127365,73000,1
91.1023,2,91102216365,73000,1
91.1074,4,91104880371,2502412,0
91.1099,3,91107446377,2502412,0
91.1153,3,91112846389,2502412,0
91.1179,4,91115403395,2502412,0
91.118,2,91117960401,73000,1
91.1205,3,91118031401,2502412,0
91.1231,3,91120578813,2502412,0
91.1256,3,91123144225,2502412,0
91.1258,4,91125692231,73000,1
91.1283,4,91125765231,2502412,0
91.1284,3,91128376237,73000,1
91.1284,2,91128376237,73000,1
91.1335,4,91130995243,2502412,0
91.1361,4,91133596655,2502412,0
91.1412,4,91138665667,2502412,0
91.1438,4,91141258079,2502412,0
91.1442,4,91144110085,73000,1
91.1467,3,91144199085,2502412,0
91.1493,4,91146756091,2502412,0
91.1518,3,91149286097,2502412,0
91.1572,3,91154697115,2502412,0
91.1597,4,91157236121,2502412,0
91.1599,4,91159837533,73000,1
91.1599,3,91159838127,73000,1
91.1676,4,91165112545,2502412,0
91.1727,4,91170226557,2502412,0
91.1753,3,91172774563,2502412,0
91.178,3,91177879575,73000,1
91.178,4,91177879575,73000,1
91.1805,3,91178004575,2502412,0
91.1856,3,91183091587,2502412,0
91.1908,4,91188250599,2502412,0
91.1933,3,91190798605,2502412,0
91.1984,4,91195876617,2502412,0
91.2009,4,91198424029,2502412,0
91.2035,4,91200953441,2502412,0
91.2039,4,91203825453,73000,1
91.2039,3,91203825453,73000,1
91.209,4,91206462459,2502412,0
91.2115,4,91209045871,2502412,0
91.2141,3,91211575877,2502412,0
91.2145,4,91214436289,73000,1
91.2171,3,91214552289,2502412,0
91.2196,3,91217117701,2502412,0
91.2247,4,91222186713,2502412,0
91.2272,3,91224734719,2502412,0
91.2298,4,91227309725,2502412,0
91.2349,3,91232414737,2502412,0
91.2351,4,91235007743,73000,1
91.2376,3,91235105743,2502412,0
91.2402,4,91237671749,2502412,0
91.2403,3,91240201755,73000,1
91.2428,4,91240281755,2502412,0
91.2453,2,91242820761,2502412,0
91.2482,2,91245672767,2502412,0
91.2483,2,91248202179,73000,1
91.2483,4,91248202773,73000,1
91.2508,4,91248275773,2502412,0
91.2562,3,91253704791,2502412,0
91.2588,4,91256252797,2502412,0
91.2613,4,91258827209,2502412,0
91.2639,3,91261366215,2502412,0
91.2689,4,91266444227,2502412,0
91.2715,2,91268983233,2502412,0
91.274,1,91271513239,2502412,0
91.2765,1,91274042651,2502412,0
91.2791,3,91276581657,2502412,0
91.2816,3,91279120069,2502412,0
91.2842,4,91281677075,2502412,0
91.2893,3,91286755087,2502412,0
91.2894,1,91289294093,73000,1
91.2894,2,91289294093,73000,1
91.2919,4,91289383093,2502412,0
91.2945,3,91291994099,2502412,0
91.2996,3,91297072111,2502412,0
91.3021,4,91299602117,2502412,0
91.3022,3,91302132123,73000,1
91.3022,2,91302132123,73000,1
91.3023,3,91302205123,73000,1
91.3023,4,91302276123,73000,1
91.3077,1,91305246135,2502412,0
91.3103,4,91307830141,2502412,0
91.3129,2,91310360147,2502412,0
91.3154,1,91312899153,2502412,0
91.3156,4,91315483159,73000,1
91.3181,2,91315572159,2502412,0
91.3209,3,91318441571,2502412,0
91.3235,1,91320980577,2502412,0
91.326,2,91323519583,2502412,0
91.3261,2,91326057995,73000,1
91.3261,1,91326058589,73000,1
91.3262,3,91326138589,73000,1
91.3262,1,91326138589,73000,1
91.3287,4,91326236589,2502412,0
91.3313,4,91328775001,2502412,0
91.3339,4,91331358413,2502412,0
91.3364,4,91333896825,2502412,0
91.3415,2,91338992837,2502412,0
91.344,3,91341522843,2502412,0
91.3442,4,91344124849,73000,1
91.3467,2,91344204849,2502412,0
91.3493,3,91346752855,2502412,0
91.3521,3,91349595861,2502412,0
91.3576,2,91355051879,2502412,0
91.3601,2,91357590291,2502412,0
91.3626,1,91360120297,2502412,0
91.3652,3,91362650303,2502412,0
91.3653,4,91365216309,73000,1
91.3678,2,91365341309,2502412,0
91.3704,1,91367880315,2502412,0
91.3705,2,91370410321,73000,1
91.3705,4,91370410321,73000,1
91.373,3,91370481321,2502412,0
91.3731,1,91373038327,73000,1
91.3732,3,91373118327,73000,1
91.3732,2,91373118327,73000,1
91.3758,2,91373252327,2502412,0
91.3809,1,91378348339,2502412,0
91.3834,2,91380932345,2502412,0
91.3885,3,91386019357,2502412,0
91.3911,1,91388567363,2502412,0
91.3912,1,91391105775,73000,1
91.3912,2,91391106369,73000,1
91.3937,2,91391213369,2502412,0
91.3988,3,91396291381,2502412,0
91.4014,4,91398875387,2502412,0
91.4042,2,91401711399,2502412,0
91.4093,3,91406825411,2502412,0
91.4119,1,91409355417,2502412,0
91.412,2,91411894423,73000,1
91.412,4,91411894423,73000,1
91.4145,1,91411983423,2502412,0
91.4146,3,91414531429,73000,1
91.4171,1,91414638429,2502412,0
91.4197,1,91417221841,2502412,0
91.4226,4,91420073253,2502412,0
91.4227,1,91422603259,73000,1
91.4252,4,91422683259,2502412,0
91.4277,3,91425213265,2502412,0
91.4303,4,91427761271,2502412,0
91.4328,2,91430291277,2502412,0
91.4353,4,91432830283,2502412,0
91.4354,2,91435369289,73000,1
91.4354,3,91435369289,73000,1
91.4405,4,91437988295,2502412,0
91.4431,4,91440589707,2502412,0
91.4457,3,91443155713,2502412,0
91.4458,1,91445694719,73000,1
91.4459,3,91445783719,73000,1
91.4459,2,91445783719,73000,1
91.446,4,91445899719,73000,1
91.446,3,91445899719,73000,1
91.4511,4,91448581725,2502412,0
91.4569,4,91454350743,2502412,0
91.4594,4,91456889155,2502412,0
91.4619,2,91459428161,2502412,0
91.462,2,91461957573,73000,1
91.4645,2,91462047167,2502412,0
91.4671,4,91464586173,2502412,0
91.4672,4,91467133585,73000,1
91.4672,2,91467134179,73000,1
91.4672,1,91467134179,73000,1
91.4749,2,91472408597,2502412,0
91.4774,3,91474938603,2502412,0
91.48,2,91477513609,2502412,0
91.4851,4,91482573621,2502412,0
91.4877,3,91485166627,2502412,0
91.4902,1,91487696633,2502412,0
91.4927,4,91490235639,2502412,0
91.4978,2,91495304651,2502412,0
91.5003,1,91497834657,2502412,0
91.5032,3,91500715669,2502412,0
91.5058,2,91503263675,2502412,0
91.5083,4,91505793681,2502412,0
91.5084,3,91508323687,73000,1
91.5084,1,91508323687,73000,1
91.5085,3,91508396687,73000,1
91.511,4,91508467687,2502412,0
91.5135,2,91511006693,2502412,0
91.5161,4,91513617699,2502412,0
91.5187,4,91516156111,2502412,0
91.5188,2,91518695117,73000,1
91.5188,3,91518695117,73000,1
91.5188,2,91518775117,73000,1
91.5189,4,91518864117,73000,1
91.5189,1,91518864117,73000,1
91.5245,3,91521958123,2502412,0
91.5295,4,91527018135,2502412,0
91.5321,1,91529575141,2502412,0
91.5322,4,91532123147,73000,1
91.5322,3,91532123147,73000,1
91.5322,2,91532123147,73000,1
91.5372,1,91534733153,2502412,0
91.5373,1,91537271565,73000,1
91.5373,4,91537272159,73000,1
91.5399,3,91537352159,2502412,0
91.545,1,91542511171,2502412,0
91.5476,3,91545059177,2502412,0
91.5501,1,91547607183,2502412,0
91.5558,1,91553321607,2502412,0
91.5584,3,91555887613,2502412,0
91.5609,1,91558435619,2502412,0
91.566,3,91563495631,2502412,0
91.5685,1,91566043637,2502412,0
91.5711,3,91568618643,2502412,0
91.5762,1,91573723655,2502412,0
91.5788,4,91576298661,2502412,0
91.5813,3,91578837667,2502412,0
91.5864,3,91583933679,2502412,0
91.589,1,91586472685,2502412,0
91.5915,1,91589029097,2502412,0
91.5916,4,91591568103,73000,1
91.5941,3,91591639103,2502412,0
91.5967,1,91594196109,2502412,0
91.5992,2,91596744115,2502412,0
91.5994,1,91599292121,73000,1
91.5994,3,91599292121,73000,1
91.6047,3,91602244133,2502412,0
91.6049,2,91604783139,73000,1
91.6049,4,91604783139,73000,1
91.6074,3,91604863139,2502412,0
91.6099,2,91607429145,2502412,0
91.615,3,91612516157,2502412,0
91.6176,1,91615091163,2502412,0
91.6201,2,91617639169,2502412,0
91.6203,3,91620178175,73000,1
91.6228,3,91620258175,2502412,0
91.6257,2,91623156003,2502412,0
91.6282,1,91625686009,2502412,0
91.6333,4,91630782021,2502412,0
91.6358,3,91633321027,2502412,0
91.6384,2,91635869033,2502412,0
91.6409,3,91638408039,2502412,0
91.6435,1,91640956045,2502412,0
91.6436,2,91643504051,73000,1
91.6461,4,91643575051,2502412,0
91.6486,3,91646141057,2502412,0
91.6512,1,91648671063,2502412,0
91.6516,1,91651534075,73000,1
91.6516,3,91651534075,73000,1
91.6567,4,91654171081,2502412,0
91.6596,4,91657068087,2502412,0
91.6621,1,91659616093,2502412,0
91.6646,1,91662145505,2502412,0
91.6648,1,91664692917,73000,1
91.6648,2,91664764511,73000,1
91.6648,3,91664764511,73000,1
91.665,4,91664898511,73000,1
91.665,1,91664898511,73000,1
91.6703,3,91670217929,73000,1
91.6703,4,91670217929,73000,1
91.6779,2,91675447347,2502412,0
91.6805,2,91677976759,2502412,0
91.6857,2,91683153771,2502412,0
91.6882,4,91685692777,2502412,0
91.6933,1,91690761789,2502412,0
91.6958,2,91693309795,2502412,0
91.6984,4,91695893801,2502412,0
91.7038,2,91701268819,2502412,0
91.7063,1,91703816825,2502412,0
91.7089,2,91706373831,2502412,0
91.7114,2,91708921243,2502412,0
91.7115,3,91711451249,73000,1
91.714,2,91711522249,2502412,0
91.7166,4,91714052255,2502412,0
91.7191,1,91716600261,2502412,0
91.7217,4,91719175267,2502412,0
91.7218,1,91721723273,73000,1
91.7218,2,91721723273,73000,1
91.7219,1,91721796273,73000,1
91.7244,4,91721885273,2502412,0
91.7245,4,91724441685,73000,1
91.7245,2,91724442279,73000,1
91.7326,4,91730093291,2502412,0
91.7351,1,91732623297,2502412,0
91.7402,4,91737737309,2502412,0
91.7428,4,91740266721,2502412,0
91.7453,1,91742805727,2502412,0
91.7454,1,91745362139,73000,1
91.7454,4,91745362733,73000,1
91.7479,2,91745442733,2502412,0
91.7505,2,91747990145,2502412,0
91.756,2,91753464163,2502412,0
91.7561,1,91756039169,73000,1
91.7586,4,91756110169,2502412,0
91.7615,4,91758971175,2502412,0
91.764,2,91761528181,2502412,0
91.7666,1,91764058187,2502412,0
91.7667,1,91766587599,73000,1
91.7692,4,91766686193,2502412,0
91.7693,2,91769234199,73000,1
91.7693,1,91769234199,73000,1
91.7744,4,91771898205,2502412,0
91.7769,4,91774445617,2502412,0
91.7795,4,91777020029,2502412,0
91.7821,2,91779550035,2502412,0
91.7872,4,91784682047,2502412,0
91.7897,2,91787212053,2502412,0
91.7899,3,91789778059,73000,1
91.7924,4,91789849059,2502412,0
91.7949,4,91792423471,2502412,0
91.7975,2,91794980477,2502412,0
91.8004,2,91800373495,73000,1
91.8004,1,91800373495,73000,1
91.8005,4,91800462495,73000,1
91.8005,2,91800462495,73000,1
91.8083,4,91805763913,2502412,0
91.8134,4,91810931925,2502412,0
91.8185,2,91816000937,2502412,0
91.821,4,91818530943,2502412,0
91.8236,4,91821069355,2502412,0
91.8287,2,91826165367,2502412,0
91.8315,4,91829043779,2502412,0
91.8341,2,91831573785,2502412,0
91.8366,4,91834103791,2502412,0
91.8418,2,91839271803,2502412,0
91.8443,4,91841801809,2502412,0
91.8444,2,91844367815,73000,1
91.847,2,91844447815,2502412,0
91.8495,2,91846977227,2502412,0
91.852,4,91849507233,2502412,0
91.8549,2,91852397245,2502412,0
91.855,2,91854926657,73000,1
91.8575,4,91855016251,2502412,0
91.8601,1,91857618257,2502412,0
91.863,4,91860461263,2502412,0
91.8631,2,91863009269,73000,1
91.8658,2,91865684275,73000,1
91.8658,4,91865684275,73000,1
91.8658,1,91865684275,73000,1
91.8709,2,91868375281,2502412,0
91.871,2,91870913693,73000,1
91.8761,1,91873596293,2502412,0
91.8786,2,91876135299,2502412,0
91.8812,4,91878665305,2502412,0
91.8837,1,91881204311,2502412,0
91.8888,2,91886318323,2502412,0
91.8914,4,91888866329,2502412,0
91.8939,1,91891405335,2502412,0
91.899,4,91896510347,2502412,0
91.9016,2,91899058353,2502412,0
91.9041,2,91901596765,2502412,0
91.9069,1,91904441777,2502412,0
91.9095,4,91906980783,2502412,0
91.9146,1,91912103795,2502412,0
91.9171,2,91914633801,2502412,0
91.9197,4,91917163807,2502412,0
91.9222,1,91919693813,2502412,0
91.9247,2,91922232819,2502412,0
91.9273,1,91924771825,2502412,0
91.9324,4,91929849837,2502412,0
91.9352,1,91932710249,2502412,0
91.9377,4,91935240255,2502412,0
91.9403,2,91937779261,2502412,0
91.9404,4,91940309267,73000,1
91.9404,1,91940309267,73000,1
91.9455,1,91942991273,2502412,0
91.9456,4,91945530279,73000,1
91.9456,2,91945530279,73000,1
91.9482,1,91945682279,2502412,0
91.9536,3,91951093297,2502412,0
91.9537,3,91953649709,73000,1
91.9537,2,91953650303,73000,1
91.9538,1,91953748303,73000,1
91.959,2,91956484309,2502412,0
91.9615,3,91959041315,2502412,0
91.962,4,91961884321,73000,1
91.962,2,91961973321,73000,1
91.962,1,91961973321,73000,1
91.9646,3,91962053321,2502412,0
91.9671,3,91964582733,2502412,0
91.9722,1,91969687745,2502412,0
91.9747,3,91972226751,2502412,0
91.9773,2,91974810757,2502412,0
91.9774,1,91977358763,73000,1
91.98,3,91977474763,2502412,0
91.9825,2,91980040769,2502412,0
91.9827,3,91982579775,73000,1
91.9852,2,91982668775,2502412,0
91.9877,2,91985216187,2502412,0
91.9903,1,91987773193,2502412,0
91.9928,2,91990303199,2502412,0
91.9979,3,91995372211,2502412,0
91.998,3,91997901623,73000,1
91.998,1,91997902217,73000,1
92.0006,2,91998054217,2502412,0
92.006,1,92003474235,2502412,0
92.0085,2,92006004241,2502412,0
92.0111,3,92008561247,2502412,0
92.0137,2,92013675259,73000,1
92.0137,1,92013675259,73000,1
92.0163,3,92013782259,2502412,0
92.0214,3,92018914271,2502412,0
92.024,2,92021462277,2502412,0
92.0265,3,92024001283,2502412,0
92.0316,1,92029061295,2502412,0
92.0341,2,92031600301,2502412,0
92.037,3,92034460713,2502412,0
92.0395,2,92036990719,2502412,0
92.0446,1,92042104731,2502412,0
92.0472,3,92044661737,2502412,0
92.0497,2,92047191743,2502412,0
92.0522,2,92049721155,2502412,0
92.0548,4,92052251161,2502412,0
92.0549,2,92054781167,73000,1
92.0574,1,92054852167,2502412,0
92.0599,1,92057390579,2502412,0
92.0604,4,92060344591,73000,1
92.0604,3,92060344591,73000,1
92.0629,1,92060415591,2502412,0
92.0655,2,92062963597,2502412,0
92.0683,1,92065806603,2502412,0
92.0708,2,92068336609,2502412,0
92.0734,1,92070902615,2502412,0
92.0759,4,92073432621,2502412,0
92.0785,2,92075971627,2502412,0
92.0786,1,92078510633,73000,1
92.0787,4,92078644633,73000,1
92.0787,1,92078644633,73000,1
92.0788,2,92078715633,73000,1
92.0788,3,92078715633,73000,1
92.0813,2,92078840633,2502412,0
92.0815,3,92081415639,73000,1
92.0866,2,92084088645,2502412,0
92.0891,4,92086636651,2502412,0
92.0917,2,92089175657,2502412,0
92.0918,4,92091741663,73000,1
92.0944,2,92091893663,2502412,0
92.0995,2,92096971675,2502412,0
92.102,1,92099510681,2502412,0
92.1049,2,92102364693,2502412,0
92.1074,4,92104903699,2502412,0
92.1125,4,92109972711,2502412,0
92.115,2,92112502717,2502412,0
92.1176,1,92115059723,2502412,0
92.1201,2,92117643729,2502412,0
92.1227,1,92120173735,2502412,0
92.1228,4,92122712741,73000,1
92.1229,2,92122828741,73000,1
92.1229,3,92122828741,73000,1
92.1254,1,92122935741,2502412,0
92.1305,2,92128031753,2502412,0
92.1331,1,92130633759,2502412,0
92.1385,4,92136042771,2502412,0
92.1411,2,92138572777,2502412,0
92.1436,2,92141102189,2502412,0
92.1462,1,92143650195,2502412,0
92.1512,2,92148737207,2502412,0
92.1541,4,92151618219,2502412,0
92.1567,4,92154165631,2502412,0
92.1592,1,92156704637,2502412,0
92.1617,1,92159234049,2502412,0
92.1668,2,92164294061,2502412,0
92.1696,2,92167137067,2502412,0
92.1722,1,92169694073,2502412,0
92.1747,4,92172224079,2502412,0
92.1773,2,92174790085,2502412,0
92.1798,2,92177328497,2502412,0
92.1824,1,92179867503,2502412,0
92.1875,4,92184963515,2502412,0
92.1876,1,92187556521,73000,1
92.1876,2,92187556521,73000,1
92.1878,2,92187681521,73000,1
92.1903,4,92187752521,2502412,0
92.1928,2,92190327527,2502412,0
92.1954,1,92192866533,2502412,0
92.1955,4,92195414539,73000,1
92.198,1,92195530539,2502412,0
92.2006,2,92198078545,2502412,0
92.206,2,92203471563,2502412,0
92.2061,2,92206000975,73000,1
92.2061,1,92206001569,73000,1
92.2112,4,92208701575,2502412,0
92.2138,1,92211285581,2502412,0
92.2139,1,92213832993,73000,1
92.2139,4,92213833587,73000,1
92.2164,2,92213940587,2502412,0
92.2192,2,92219108599,73000,1
92.2192,4,92219108599,73000,1
92.2242,1,92221745605,2502412,0
92.2244,3,92224329611,73000,1
92.2269,4,92224418611,2502412,0
92.2295,2,92226948617,2502412,0
92.232,4,92229487623,2502412,0
92.2345,4,92232017035,2502412,0
92.2371,1,92234556041,2502412,0
92.2424,1,92239929053,2502412,0
92.245,2,92242459059,2502412,0
92.2475,1,92245016065,2502412,0
92.25,4,92247546071,2502412,0
92.2529,1,92250391083,2502412,0
92.2554,4,92252921089,2502412,0
92.258,1,92255469095,2502412,0
92.2605,2,92258008101,2502412,0
92.2606,2,92260537513,73000,1
92.2631,4,92260645107,2502412,0
92.2657,1,92263184113,2502412,0
92.2682,1,92265713525,2502412,0
92.2708,4,92268270531,2502412,0
92.2737,4,92271167537,2502412,0
92.2787,1,92276245549,2502412,0
92.2813,2,92278838555,2502412,0
92.2814,2,92281376967,73000,1
92.2815,1,92281377561,73000,1
92.2815,4,92281377561,73000,1
92.2892,4,92286651979,2502412,0
92.2917,2,92289208985,2502412,0
92.2918,1,92291765991,73000,1
92.2944,2,92291863991,2502412,0
92.2969,2,92294393403,2502412,0
92.2994,4,92296932409,2502412,0
92.3049,2,92302397427,2502412,0
92.3074,4,92304927433,2502412,0
92.31,4,92307474845,2502412,0
92.3101,4,92310004257,73000,1
92.3127,2,92310147851,2502412,0
92.3152,2,92312677263,2502412,0
92.3203,2,92317809275,2502412,0
92.3229,4,92320348281,2502412,0
92.3254,4,92322877693,2502412,0
92.3305,1,92328000705,2502412,0
92.3331,1,92330548117,2502412,0
92.3332,4,92333078123,73000,1
92.3332,2,92333078123,73000,1
92.3382,1,92335706129,2502412,0
92.3408,2,92338281135,2502412,0
92.3436,1,92341123547,2502412,0
92.3462,2,92343662553,2502412,0
92.3513,2,92348749565,2502412,0
92.3541,4,92351603577,2502412,0
92.3566,2,92354133583,2502412,0
92.3592,1,92356699589,2502412,0
92.3617,1,92359229001,2502412,0
92.3643,2,92361759007,2502412,0
92.3693,4,92366837019,2502412,0
92.3719,1,92369376025,2502412,0
92.3723,1,92372228031,73000,1
92.3723,2,92372228031,73000,1
92.3749,4,92372389031,2502412,0
92.38,4,92377458043,2502412,0
92.3825,2,92380006049,2502412,0
92.3851,4,92382572055,2502412,0
92.3876,4,92385101467,2502412,0
92.3901,2,92387640473,2502412,0
92.3927,4,92390179479,2502412,0
92.3977,1,92395239491,2502412,0
92.4003,4,92397778497,2502412,0
92.4032,4,92400668509,2502412,0
92.4033,1,92403198515,73000,1
92.4033,2,92403198515,73000,1
92.4058,1,92403287515,2502412,0
92.4085,1,92408401527,73000,1
92.4085,4,92408401527,73000,1
92.411,2,92408508527,2502412,0
92.4135,4,92411038533,2502412,0
92.4161,2,92413577539,2502412,0
92.4186,1,92416134545,2502412,0
92.4187,2,92418673551,73000,1
92.4213,4,92418780551,2502412,0
92.4239,1,92421364557,2502412,0
92.4264,4,92423894563,2502412,0
92.4289,2,92426433569,2502412,0
92.434,4,92431511581,2502412,0
92.4366,4,92434076993,2502412,0
92.4391,1,92436633999,2502412,0
92.4417,2,92439164005,2502412,0
92.4471,2,92444591017,2502412,0
92.4496,1,92447121023,2502412,0
92.4522,4,92449651029,2502412,0
92.4547,2,92452181035,2502412,0
92.4576,4,92455053047,2502412,0
92.4627,2,92460167059,2502412,0
92.4652,1,92462697065,2502412,0
92.4653,1,92465253477,73000,1
92.4653,2,92465254071,73000,1
92.4653,4,92465254071,73000,1
92.473,2,92470528489,2502412,0
92.4785,1,92475954907,2502412,0
92.481,4,92478493913,2502412,0
92.4811,4,92481032325,73000,1
92.4811,2,92481032919,73000,1
92.4836,4,92481121919,2502412,0
92.4837,2,92483660925,73000,1
92.4863,1,92483767925,2502412,0
92.4888,1,92486306337,2502412,0
92.4914,4,92488890343,2502412,0
92.4965,1,92493968355,2502412,0
92.5016,4,92499118367,2502412,0
92.5045,1,92501972379,2502412,0
92.507,4,92504511385,2502412,0
92.5121,1,92509607397,2502412,0
92.5146,2,92512146403,2502412,0
92.5172,4,92514676409,2502412,0
92.5197,1,92517224415,2502412,0
92.5199,2,92519799421,73000,1
92.5224,4,92519879421,2502412,0
92.5249,1,92522427427,2502412,0
92.5275,4,92525011433,2502412,0
92.53,3,92527541439,2502412,0
92.5352,1,92532655451,2502412,0
92.5377,4,92535185457,2502412,0
92.5402,3,92537724463,2502412,0
92.5428,2,92540272469,2502412,0
92.5429,1,92542820475,73000,1
92.543,2,92542900475,73000,1
92.543,1,92542900475,73000,1
92.5455,3,92542971475,2502412,0
92.5483,4,92545840887,2502412,0
92.5509,4,92548415299,2502412,0
92.5534,3,92550945305,2502412,0
92.5564,3,92553870317,2502412,0
92.559,4,92556463323,2502412,0
92.5615,2,92559002329,2502412,0
92.5616,2,92561540741,73000,1
92.5616,3,92561541335,73000,1
92.5617,1,92561612335,73000,1
92.5668,4,92564276341,2502412,0
92.5693,3,92566815347,2502412,0
92.5719,2,92569363353,2502412,0
92.5744,3,92571911359,2502412,0
92.5745,2,92574450365,73000,1
92.577,4,92574539365,2502412,0
92.5799,3,92577400371,2502412,0
92.5825,3,92579965783,2502412,0
92.585,3,92582513195,2502412,0
92.5901,4,92587600207,2502412,0
92.5927,3,92590157213,2502412,0
92.5978,2,92595271225,2502412,0
92.6003,4,92597810231,2502412,0
92.6008,2,92600682243,73000,1
92.6008,3,92600682243,73000,1
92.6033,3,92600762243,2502412,0
92.6084,4,92605849255,2502412,0
92.6109,4,92608396667,2502412,0
92.6135,3,92610971673,2502412,0
92.616,4,92613519679,2502412,0
92.6211,2,92618588691,2502412,0
92.6236,4,92621118697,2502412,0
92.6262,2,92623648703,2502412,0
92.6287,4,92626205709,2502412,0
92.6312,1,92628744715,2502412,0
92.6338,3,92631274721,2502412,0
92.6363,4,92633804727,2502412,0
92.6388,2,92636334733,2502412,0
92.6389,2,92638873145,73000,1
92.6415,3,92638971739,2502412,0
92.644,3,92641519151,2502412,0
92.6466,3,92644066563,2502412,0
92.6467,4,92646596569,73000,1
92.6467,1,92646596569,73000,1
92.6492,1,92646669569,2502412,0
92.652,1,92649520981,2502412,0
92.6549,2,92652356993,2502412,0
92.6574,2,92654895405,2502412,0
92.6599,1,92657434411,2502412,0
92.6626,3,92662530423,73000,1
92.6626,4,92662530423,73000,1
92.6651,2,92662601423,2502412,0
92.6676,1,92665131429,2502412,0
92.6702,2,92667670435,2502412,0
92.6704,2,92670280847,73000,1
92.6704,1,92670281441,73000,1
92.6755,3,92672981447,2502412,0
92.678,2,92675511453,2502412,0
92.681,2,92680937871,73000,1
92.681,3,92680937871,73000,1
92.6835,1,92681017871,2502412,0
92.6861,4,92683547877,2502412,0
92.6886,1,92686095883,2502412,0
92.6911,2,92688625889,2502412,0
92.6963,1,92693757901,2502412,0
92.6988,2,92696287907,2502412,0
92.6989,2,92698817319,73000,1
92.6989,4,92698817913,73000,1
92.7043,1,92701805925,2502412,0
92.7068,3,92704344931,2502412,0
92.7094,3,92706874343,2502412,0
92.7145,3,92711997355,2502412,0
92.7146,3,92714535767,73000,1
92.7146,1,92714536361,73000,1
92.7171,4,92714616361,2502412,0
92.7197,2,92717164367,2502412,0
92.7222,3,92719721373,2502412,0
92.7223,3,92722250785,73000,1
92.7223,2,92722251379,73000,1
92.7248,4,92722322379,2502412,0
92.7251,4,92724977791,73000,1
92.7276,1,92725049385,2502412,0
92.7301,2,92727588391,2502412,0
92.7326,1,92730118397,2502412,0
92.7352,3,92732675403,2502412,0
92.7403,1,92737771415,2502412,0
92.7428,2,92740319421,2502412,0
92.7454,3,92742849427,2502412,0
92.7479,1,92745406433,2502412,0
92.7536,3,92751130451,2502412,0
92.7537,2,92753660457,73000,1
92.7537,4,92753660457,73000,1
92.7562,3,92753731457,2502412,0
92.7588,1,92756261463,2502412,0
92.7613,2,92758800469,2502412,0
92.7638,3,92761339475,2502412,0
92.7689,1,92766435487,2502412,0
92.7715,3,92768983493,2502412,0
92.774,1,92771513499,2502412,0
92.7765,2,92774043505,2502412,0
92.7791,3,92776582511,2502412,0
92.7817,4,92779148517,2502412,0
92.7846,3,92784557529,73000,1
92.7846,2,92784557529,73000,1
92.7871,1,92784628529,2502412,0
92.7897,3,92787167535,2502412,0
92.7923,4,92789751541,2502412,0
92.7924,3,92792290547,73000,1
92.7924,1,92792290547,73000,1
92.7949,2,92792361547,2502412,0
92.7974,4,92794891553,2502412,0
92.7975,3,92797439559,73000,1
92.8001,2,92797582559,2502412,0
92.8029,4,92800418571,2502412,0
92.8081,2,92805568583,2502412,0
92.8106,2,92808097995,2502412,0
92.8131,4,92810646001,2502412,0
92.8157,1,92813176007,2502412,0
92.8182,1,92815723419,2502412,0
92.8183,2,92818253425,73000,1
92.8208,4,92818333425,2502412,0
92.8235,1,92820962431,2502412,0
92.826,4,92823492437,2502412,0
92.8311,3,92828597449,2502412,0
92.8336,4,92831136455,2502412,0
92.8362,3,92833684461,2502412,0
92.8363,1,92836223467,73000,1
92.8364,4,92836303467,73000,1
92.8364,1,92836303467,73000,1
92.8389,2,92836374467,2502412,0
92.8414,3,92838904473,2502412,0
92.8439,3,92841433885,2502412,0
92.8465,4,92843999891,2502412,0
92.8466,2,92846547897,73000,1
92.8491,3,92846618897,2502412,0
92.8492,4,92849157903,73000,1
92.8492,1,92849157903,73000,1
92.8517,4,92849237903,2502412,0
92.8546,3,92852080315,2502412,0
92.855,3,92854925327,73000,1
92.855,4,92854925327,73000,1
92.8601,2,92857607333,2502412,0
92.8627,2,92860208745,2502412,0
92.8652,3,92862738751,2502412,0
92.8703,2,92867843763,2502412,0
92.8729,4,92870400769,2502412,0
92.8755,3,92872948775,2502412,0
92.8805,2,92878044787,2502412,0
92.8831,2,92880601199,2502412,0
92.8859,3,92883444205,2502412,0
92.8885,4,92885974211,2502412,0
92.8886,3,92888522217,73000,1
92.8911,4,92888620217,2502412,0
92.8937,2,92891177223,2502412,0
92.8988,4,92896291235,2502412,0
92.9014,2,92898848241,2502412,0
92.9042,4,92901702253,2502412,0
92.9068,2,92904250259,2502412,0
92.9118,4,92909328271,2502412,0
92.9144,3,92911867277,2502412,0
92.9169,3,92914405689,2502412,0
92.9194,4,92916935695,2502412,0
92.922,2,92919501701,2502412,0
92.9245,3,92922040707,2502412,0
92.9272,4,92927127719,73000,1
92.9272,1,92927127719,73000,1
92.9297,2,92927234719,2502412,0
92.9323,3,92929791725,2502412,0
92.9374,2,92934887737,2502412,0
92.94,2,92937462149,2502412,0
92.9425,3,92940010155,2502412,0
92.9476,3,92945097167,2502412,0
92.9501,4,92947627173,2502412,0
92.953,4,92950472185,2502412,0
92.9555,2,92953011191,2502412,0
92.9584,3,92955853603,2502412,0
92.9635,2,92960994615,2502412,0
92.966,4,92963533621,2502412,0
92.9686,3,92966081627,2502412,0
92.9711,2,92968611633,2502412,0
92.9737,4,92971159639,2502412,0
92.9787,2,92976246651,2502412,0
92.9813,3,92978794657,2502412,0
92.9839,4,92981369663,2502412,0
92.984,2,92983917669,73000,1
92.9841,4,92984033669,73000,1
92.9841,3,92984033669,73000,1
92.9895,3,92987028081,2502412,0
92.9921,2,92989558087,2502412,0
92.9922,2,92992114499,73000,1
92.9922,3,92992115093,73000,1
92.9973,3,92994797099,2502412,0
92.9974,3,92997326511,73000,1
92.9974,4,92997327105,73000,1
93.0025,2,92999973111,2502412,0
93.0053,4,93002845123,2502412,0
93.0105,2,93007959135,2502412,0
93.013,3,93010498141,2502412,0
93.0156,2,93013055147,2502412,0
93.0206,4,93018115159,2502412,0
93.0231,4,93020644571,2502412,0
93.0257,4,93023173983,2502412,0
93.0283,3,93025757989,2502412,0
93.0308,2,93028296995,2502412,0
93.0359,3,93033357007,2502412,0
93.0384,4,93035887013,2502412,0
93.0409,2,93038435019,2502412,0
93.0435,4,93040992025,2502412,0
93.0461,3,93043549031,2502412,0
93.0511,3,93048627043,2502412,0
93.054,3,93051481055,2502412,0
93.0565,2,93054011061,2502412,0
93.0594,4,93056862473,2502412,0
93.0619,2,93059410479,2502412,0
93.0645,4,93061949485,2502412,0
93.0671,4,93067045497,73000,1
93.0671,3,93067045497,73000,1
93.0696,2,93067116497,2502412,0
93.0722,4,93069664503,2502412,0
93.0748,4,93072283915,2502412,0
93.0773,2,93074813921,2502412,0
93.0824,2,93079882933,2502412,0
93.0825,2,93082448345,73000,1
93.0825,3,93082448939,73000,1
93.085,4,93082528939,2502412,0
93.0852,3,93085112945,73000,1
93.0877,4,93085183945,2502412,0
93.0882,4,93088130003,73000,1
93.0882,1,93088130003,73000,1
93.0933,2,93090803009,2502412,0
93.0958,3,93093342015,2502412,0
93.101,2,93098456027,2502412,0
93.1035,4,93100986033,2502412,0
93.1063,2,93103840045,2502412,0
93.1114,3,93108909057,2502412,0
93.114,2,93111448063,2502412,0
93.1165,4,93114032069,2502412,0
93.1191,3,93116571075,2502412,0
93.1217,4,93121631087,73000,1
93.1217,2,93121631087,73000,1
93.1242,3,93121720087,2502412,0
93.1268,3,93124267499,2502412,0
93.1293,3,93126805911,2502412,0
93.1319,2,93129353917,2502412,0
93.1369,2,93134440929,2502412,0
93.1395,4,93136979935,2502412,0
93.142,3,93139509941,2502412,0
93.1446,3,93142075353,2502412,0
93.1471,3,93144613765,2502412,0
93.1496,2,93147143771,2502412,0
93.1522,2,93149673183,2502412,0
93.1576,4,93155048201,2502412,0
93.1601,2,93157587207,2502412,0
93.1629,3,93160438619,2502412,0
93.1655,3,93163040031,2502412,0
93.1681,4,93165588037,2502412,0
93.1706,3,93168118043,2502412,0
93.1732,2,93170648049,2502412,0
93.1733,2,93173186461,73000,1
93.1758,4,93173258055,2502412,0
93.1783,3,93175824061,2502412,0
93.1809,3,93178371473,2502412,0
93.181,3,93180963885,73000,1
93.181,4,93180964479,73000,1
93.1861,4,93183574485,2502412,0
93.1886,2,93186104491,2502412,0
93.1912,4,93188679497,2502412,0
93.1966,2,93194124509,2502412,0
93.1992,4,93196663515,2502412,0
93.2017,2,93199238521,2502412,0
93.2043,3,93201768527,2502412,0
93.2096,3,93207143545,2502412,0
93.2122,3,93209672957,2502412,0
93.2147,4,93212238963,2502412,0
93.2173,2,93214795969,2502412,0
93.2224,3,93219873981,2502412,0
93.2249,3,93222412393,2502412,0
93.2274,2,93224942399,2502412,0
93.23,4,93227499405,2502412,0
93.2325,2,93230047411,2502412,0
93.2327,2,93232603823,73000,1
93.2327,4,93232604417,73000,1
93.2352,3,93232702417,2502412,0
93.2377,4,93235232423,2502412,0
93.2403,4,93237815835,2502412,0
93.2404,3,93240372841,73000,1
93.2404,2,93240372841,73000,1
93.243,4,93240470841,2502412,0
93.2455,4,93243036253,2502412,0
93.2506,4,93248132265,2502412,0
93.2507,4,93250661677,73000,1
93.2536,3,93251095277,2502412,0
93.2561,4,93253625283,2502412,0
93.2612,3,93258712295,2502412,0
93.2641,2,93261572707,2502412,0
93.2666,2,93264120119,2502412,0
93.2692,4,93266659125,2502412,0
93.2693,3,93269216131,73000,1
93.2718,4,93269323131,2502412,0
93.2744,2,93271871137,2502412,0
93.2769,1,93274410143,2502412,0
93.2794,4,93276940149,2502412,0
93.282,4,93279469561,2502412,0
93.2845,2,93282008567,2502412,0
93.2896,1,93287122579,2502412,0
93.2922,2,93289670585,2502412,0
93.2947,2,93292199997,2502412,0
93.2975,3,93295043003,2502412,0
93.3001,4,93297573009,2502412,0
93.3029,2,93300418021,2502412,0
93.308,1,93305505033,2502412,0
93.3081,1,93308052445,73000,1
93.3081,3,93308053039,73000,1
93.3106,2,93308124039,2502412,0
93.3132,4,93310681045,2502412,0
93.3157,3,93313238051,2502412,0
93.3208,2,93318325063,2502412,0
93.3234,3,93320882069,2502412,0
93.3259,4,93323412075,2502412,0
93.3261,2,93325996081,73000,1
93.3261,1,93325996081,73000,1
93.3311,4,93328615087,2502412,0
93.3337,3,93331172093,2502412,0
93.3362,1,93333711099,2502412,0
93.3388,1,93336285511,2502412,0
93.3389,4,93338824517,73000,1
93.3414,2,93338895517,2502412,0
93.3439,3,93341425523,2502412,0
93.3465,3,93343963935,2502412,0
93.349,2,93346520941,2502412,0
93.3516,1,93349068947,2502412,0
93.3545,1,93354461965,73000,1
93.3545,2,93354461965,73000,1
93.3571,3,93354559965,2502412,0
93.3572,3,93357161377,73000,1
93.3572,1,93357161971,73000,1
93.3572,2,93357161971,73000,1
93.3572,4,93357161971,73000,1
93.3649,3,93362418389,2502412,0
93.3704,3,93367907807,2502412,0
93.3729,4,93370437813,2502412,0
93.378,1,93375497825,2502412,0
93.3805,4,93378036831,2502412,0
93.3831,1,93380566837,2502412,0
93.3832,3,93383159843,73000,1
93.3857,1,93383230843,2502412,0
93.3883,4,93385805849,2502412,0
93.3909,2,93388353855,2502412,0
93.391,2,93390892267,73000,1
93.391,4,93390892861,73000,1
93.391,1,93390892861,73000,1
93.391,3,93390963861,73000,1
93.3936,4,93391115861,2502412,0
93.3961,2,93393645867,2502412,0
93.399,2,93396506873,2502412,0
93.3991,4,93399036879,73000,1
93.4021,2,93401988891,73000,1
93.4021,1,93401988891,73000,1
93.4072,4,93404706897,2502412,0
93.4123,2,93409820909,2502412,0
93.4149,3,93412359915,2502412,0
93.4174,2,93414907921,2502412,0
93.4199,4,93417446927,2502412,0
93.4201,2,93419985933,73000,1
93.4226,3,93420092933,2502412,0
93.4251,4,93422631939,2502412,0
93.4277,3,93425161945,2502412,0
93.4278,3,93427745357,73000,1
93.4303,4,93427843951,2502412,0
93.4329,1,93430373957,2502412,0
93.4355,4,93432957963,2502412,0
93.4405,2,93438035975,2502412,0
93.4431,1,93440583981,2502412,0
93.4456,2,93443140987,2502412,0
93.4482,4,93445679993,2502412,0
93.4483,3,93448209999,73000,1
93.4508,2,93448289999,2502412,0
93.4537,1,93451180011,2502412,0
93.4562,4,93453710017,2502412,0
93.4588,4,93456257429,2502412,0
93.4589,1,93458796435,73000,1
93.4614,2,93458885435,2502412,0
93.4639,2,93461432847,2502412,0
93.4665,4,93463962853,2502412,0
93.4693,1,93466823265,2502412,0
93.4719,2,93469353271,2502412,0
93.4744,1,93471892277,2502412,0
93.4795,4,93477015289,2502412,0
93.4821,2,93479554295,2502412,0
93.4846,1,93482102301,2502412,0
93.4871,1,93484640713,2502412,0
93.4897,4,93487179719,2502412,0
93.4948,4,93492275731,2502412,0
93.4973,1,93494805737,2502412,0
93.4998,2,93497344743,2502412,0
93.5003,2,93500187749,73000,1
93.5028,4,93500267749,2502412,0
93.5056,3,93503121761,2502412,0
93.5082,1,93505660767,2502412,0
93.5108,3,93510738779,73000,1
93.5108,4,93510738779,73000,1
93.5134,1,93510881779,2502412,0
93.5159,3,93513429785,2502412,0
93.5185,1,93515959791,2502412,0
93.5186,1,93518507203,73000,1
93.5186,2,93518507797,73000,1
93.5236,3,93521135803,2502412,0
93.5237,3,93523674215,73000,1
93.5237,1,93523674809,73000,1
93.5263,4,93523808809,2502412,0
93.5314,4,93528877821,2502412,0
93.5339,4,93531416233,2502412,0
93.5341,4,93533981645,73000,1
93.5341,3,93533982239,73000,1
93.5342,1,93534089239,73000,1
93.5367,2,93534214239,2502412,0
93.5418,2,93539337251,2502412,0
93.5444,2,93541875663,2502412,0
93.5445,4,93544441669,73000,1
93.547,2,93544512669,2502412,0
93.5522,2,93549689681,2502412,0
93.5576,2,93555100699,2502412,0
93.5578,2,93557711111,73000,1
93.5578,3,93557711705,73000,1
93.5628,2,93560330711,2502412,0
93.5654,4,93562887717,2502412,0
93.5705,2,93568001729,2502412,0
93.5733,4,93570844141,2502412,0
93.5735,2,93573437147,73000,1
93.576,4,93573517147,2502412,0
93.5786,4,93576055559,2502412,0
93.5787,4,93578647971,73000,1
93.5812,4,93578737565,2502412,0
93.5864,1,93583878577,2502412,0
93.5889,2,93586408583,2502412,0
93.5915,1,93588947589,2502412,0
93.594,1,93591477001,2502412,0
93.5965,4,93594007007,2502412,0
93.5966,2,93596546013,73000,1
93.5966,3,93596546013,73000,1
93.5967,1,93596617013,73000,1
93.5993,4,93596787013,2502412,0
93.6018,1,93599317019,2502412,0
93.605,4,93602466031,2502412,0
93.6101,1,93607607043,2502412,0
93.6102,4,93610137049,73000,1
93.6102,2,93610137049,73000,1
93.6153,4,93612828055,2502412,0
93.6179,1,93615376061,2502412,0
93.623,4,93620472073,2502412,0
93.6255,4,93623037485,2502412,0
93.6281,1,93625576491,2502412,0
93.6332,1,93630663503,2502412,0
93.6357,2,93633193509,2502412,0
93.6382,1,93635723515,2502412,0
93.6408,4,93638271521,2502412,0
93.6433,2,93640801527,2502412,0
93.6458,2,93643330939,2502412,0
93.6509,2,93648426951,2502412,0
93.651,1,93650956957,73000,1
93.6511,2,93651054957,73000,1
93.6536,4,93651134957,2502412,0
93.6565,4,93653970969,2502412,0
93.6616,2,93659093981,2502412,0
93.6642,4,93661650987,2502412,0
93.6667,2,93664234993,2502412,0
93.6693,1,93666764999,2502412,0
93.6722,2,93672147011,73000,1
93.6722,4,93672147011,73000,1
93.6748,1,93672254011,2502412,0
93.6773,4,93674784017,2502412,0
93.6798,4,93677340429,2502412,0
93.6824,2,93679870435,2502412,0
93.6825,1,93682409441,73000,1
93.685,2,93682498441,2502412,0
93.6876,4,93685082447,2502412,0
93.6901,4,93687638859,2502412,0
93.6927,2,93690168865,2502412,0
93.6953,2,93695255877,73000,1
93.6953,1,93695255877,73000,1
93.6979,4,93695389877,2502412,0
93.7033,4,93700800895,2502412,0
93.7062,2,93703679901,2502412,0
93.7113,2,93708793913,2502412,0
93.7138,4,93711332919,2502412,0
93.7164,4,93713880331,2502412,0
93.7165,2,93716428337,73000,1
93.719,3,93716499337,2502412,0
93.7216,2,93719101343,2502412,0
93.7217,4,93721649349,73000,1
93.7218,2,93721720349,73000,1
93.7218,3,93721720349,73000,1
93.7243,3,93721836349,2502412,0
93.7269,1,93724366355,2502412,0
93.7294,2,93726896361,2502412,0
93.7319,1,93729426367,2502412,0
93.737,2,93734495379,2502412,0
93.7396,3,93737052385,2502412,0
93.7397,3,93739581797,73000,1
93.7397,1,93739582391,73000,1
93.7422,2,93739680391,2502412,0
93.7473,2,93744785403,2502412,0
93.7474,2,93747314815,73000,1
93.7474,4,93747315409,73000,1
93.7499,1,93747413409,2502412,0
93.7525,1,93749960821,2502412,0
93.755,3,93752490827,2502412,0
93.7578,1,93755326839,2502412,0
93.7604,3,93757856845,2502412,0
93.7654,4,93762934857,2502412,0
93.768,3,93765482863,2502412,0
93.7705,4,93768030869,2502412,0
93.7706,3,93770569875,73000,1
93.7706,1,93770569875,73000,1
93.7707,4,93770658875,73000,1
93.7707,2,93770658875,73000,1
93.7708,1,93770756875,73000,1
93.7708,4,93770756875,73000,1
93.7763,4,93773751881,2502412,0
93.7788,3,93776308887,2502412,0
93.7814,2,93778865893,2502412,0
93.7864,1,93783934905,2502412,0
93.789,3,93786473911,2502412,0
93.7915,2,93789003917,2502412,0
93.794,4,93791542923,2502412,0
93.7942,4,93794126335,73000,1
93.7942,1,93794126929,73000,1
93.7967,2,93794233929,2502412,0
93.7993,3,93796763935,2502412,0
93.8019,4,93799347941,2502412,0
93.8051,3,93805071365,73000,1
93.8051,2,93805071365,73000,1
93.8076,4,93805142365,2502412,0
93.8128,1,93810256377,2502412,0
93.8129,4,93812804383,73000,1
93.8129,2,93812804383,73000,1
93.8154,1,93812920383,2502412,0
93.8205,4,93818016395,2502412,0
93.823,2,93820546401,2502412,0
93.8256,4,93823094407,2502412,0
93.8281,1,93825624413,2502412,0
93.8307,3,93828163419,2502412,0
93.8357,4,93833232431,2502412,0
93.8383,2,93835798437,2502412,0
93.8408,1,93838346443,2502412,0
93.8434,3,93840876449,2502412,0
93.8435,3,93843432861,73000,1
93.8435,2,93843433455,73000,1
93.846,4,93843504455,2502412,0
93.8461,1,93846034461,73000,1
93.8486,4,93846132461,2502412,0
93.8512,2,93848707467,2502412,0
93.8541,4,93851561479,2502412,0
93.8542,3,93854100485,73000,1
93.8542,1,93854100485,73000,1
93.8567,4,93854171485,2502412,0
93.8568,2,93856701491,73000,1
93.8568,3,93856701491,73000,1
93.8619,4,93859356497,2502412,0
93.8644,1,93861913503,2502412,0
93.867,1,93864487915,2502412,0
93.8671,1,93867017327,73000,1
93.8671,4,93867017921,73000,1
93.8696,2,93867133921,2502412,0
93.8722,2,93869672333,2502412,0
93.8747,4,93872220339,2502412,0
93.8801,4,93877638351,2502412,0
93.8803,2,93880213357,73000,1
93.8803,1,93880213357,73000,1
93.8828,4,93880284357,2502412,0
93.8879,4,93885425369,2502412,0
93.888,2,93887973375,73000,1
93.8906,1,93888089375,2502412,0
93.8957,4,93893185387,2502412,0
93.8959,4,93895777799,73000,1
93.8984,1,93895858393,2502412,0
93.9038,1,93901314411,2502412,0
93.9064,4,93903853417,2502412,0
93.9065,1,93906383423,73000,1
93.9065,2,93906383423,73000,1
93.9065,1,93906472423,73000,1
93.9091,4,93906606423,2502412,0
93.9145,3,93912015435,2502412,0
93.9171,4,93914590441,2502412,0
93.9222,3,93919713453,2502412,0
93.9248,4,93922279459,2502412,0
93.9249,4,93924808871,73000,1
93.9274,3,93924925465,2502412,0
93.93,1,93927491471,2502412,0
93.9301,3,93930021477,73000,1
93.9301,4,93930021477,73000,1
93.9326,3,93930110477,2502412,0
93.9328,1,93932712483,73000,1
93.9378,3,93935322489,2502412,0
93.943,3,93940481501,2502412,0
93.9431,3,93943055913,73000,1
93.9457,4,93943172507,2502412,0
93.9482,1,93945702513,2502412,0
93.9507,3,93948232519,2502412,0
93.9508,4,93950771525,73000,1
93.9537,3,93951166531,2502412,0
93.9538,1,93953750537,73000,1
93.9538,2,93953750537,73000,1
93.9589,4,93956396543,2502412,0
93.9614,3,93958926549,2502412,0
93.964,4,93961492555,2502412,0
93.9665,4,93964021967,2502412,0
93.9692,4,93969081979,73000,1
93.9692,3,93969081979,73000,1
93.9717,1,93969188979,2502412,0
93.9769,1,93974374991,2502412,0
93.9794,4,93976913997,2502412,0
93.9823,3,93979765409,2502412,0
93.9873,1,93984825421,2502412,0
93.9899,3,93987364427,2502412,0
93.9924,1,93989903433,2502412,0
93.9949,4,93992433439,2502412,0
93.9975,3,93994972445,2502412,0
94.0029,4,94000374463,2502412,0
94.0054,1,94002904469,2502412,0
94.0079,3,94005434475,2502412,0
94.0105,4,94007964481,2502412,0
94.0133,1,94010825487,2502412,0
94.0159,3,94013382493,2502412,0
94.0184,3,94015911905,2502412,0
94.0235,1,94020998917,2502412,0
94.026,4,94023528923,2502412,0
94.0261,4,94026058335,73000,1
94.0261,1,94026058929,73000,1
94.0286,4,94026131335,2502412,0
94.0312,3,94028679341,2502412,0
94.0337,4,94031245347,2502412,0
94.0363,4,94033810759,2502412,0
94.0388,3,94036340765,2502412,0
94.0439,4,94041409777,2502412,0
94.0465,1,94043975783,2502412,0
94.049,3,94046505789,2502412,0
94.0515,1,94049044795,2502412,0
94.052,3,94051934807,73000,1
94.052,4,94051934807,73000,1
94.0571,1,94054571813,2502412,0
94.0597,3,94057173819,2502412,0
94.0622,1,94059703825,2502412,0
94.0624,3,94062278831,73000,1
94.0624,4,94062278831,73000,1
94.0649,1,94062367831,2502412,0
94.07,3,94067517843,2502412,0
94.0726,1,94070065849,2502412,0
94.0751,1,94072595261,2502412,0
94.0802,1,94077709273,2502412,0
94.0828,3,94080266279,2502412,0
94.0856,1,94083117691,2502412,0
94.0883,1,94088204703,73000,1
94.0883,3,94088204703,73000,1
94.0908,1,94088284703,2502412,0
94.096,2,94093452715,2502412,0
94.0985,1,94095991721,2502412,0
94.101,4,94098521727,2502412,0
94.1064,4,94103914745,2502412,0
94.1065,4,94106471157,73000,1
94.1065,3,94106471751,73000,1
94.109,2,94106542751,2502412,0
94.1116,1,94109099757,2502412,0
94.1142,2,94111656763,2502412,0
94.1195,4,94117038775,2502412,0
94.1221,1,94119568781,2502412,0
94.1246,1,94122107193,2502412,0
94.1271,3,94124646199,2502412,0
94.1297,3,94127184611,2502412,0
94.1322,3,94129714023,2502412,0
94.1348,3,94132252435,2502412,0
94.1373,4,94134782441,2502412,0
94.1374,1,94137312447,73000,1
94.1374,2,94137312447,73000,1
94.1375,4,94137392447,73000,1
94.14,3,94137481447,2502412,0
94.1425,3,94140028859,2502412,0
94.1452,3,94142684271,2502412,0
94.1503,2,94147771283,2502412,0
94.1504,1,94150301289,73000,1
94.1529,4,94150372289,2502412,0
94.153,3,94152938295,73000,1
94.1584,2,94155881307,2502412,0
94.1585,2,94158419719,73000,1
94.1585,4,94158420313,73000,1
94.1586,3,94158545313,73000,1
94.1586,2,94158545313,73000,1
94.1587,4,94158625313,73000,1
94.1589,1,94158822313,73000,1
94.1614,3,94158902313,2502412,0
94.1639,3,94161431725,2502412,0
94.1665,1,94163970731,2502412,0
94.1716,1,94169084743,2502412,0
94.1741,3,94171632749,2502412,0
94.1792,1,94176746761,2502412,0
94.1794,1,94179321173,73000,1
94.1794,4,94179321767,73000,1
94.1795,3,94179401767,73000,1
94.1795,4,94179401767,73000,1
94.1846,3,94182074773,2502412,0
94.1874,2,94184926185,2502412,0
94.19,3,94187456191,2502412,0
94.1951,3,94192552203,2502412,0
94.1976,2,94195136209,2502412,0
94.2003,1,94200205221,73000,1
94.2004,3,94200285221,73000,1
94.2032,2,94200707227,2502412,0
94.2083,2,94205812239,2502412,0
94.2109,2,94208413651,2502412,0
94.216,2,94213482663,2502412,0
94.2189,3,94216361669,2502412,0
94.2214,3,94218900081,2502412,0
94.2239,3,94221429493,2502412,0
94.224,3,94223976905,73000,1
94.2266,2,94224084499,2502412,0
94.2291,1,94226614505,2502412,0
94.2317,3,94229162511,2502412,0
94.2368,3,94234276523,2502412,0
94.2393,2,94236824529,2502412,0
94.2419,1,94239363535,2502412,0
94.247,3,94244468547,2502412,0
94.2495,2,94246998553,2502412,0
94.252,3,94249528559,2502412,0
94.2546,2,94252067565,2502412,0
94.2574,2,94254903577,2502412,0
94.2599,1,94257433583,2502412,0
94.2601,1,94259998995,73000,1
94.2601,3,94259999589,73000,1
94.2651,3,94262618595,2502412,0
94.2677,2,94265193601,2502412,0
94.2703,3,94267777607,2502412,0
94.2754,2,94272855619,2502412,0
94.2779,1,94275385625,2502412,0
94.2804,2,94277924631,2502412,0
94.283,1,94280481637,2502412,0
94.2855,3,94283011643,2502412,0
94.2909,2,94288420061,2502412,0
94.2935,1,94290986067,2502412,0
94.296,2,94293534073,2502412,0
94.2986,3,94296073079,2502412,0
94.2987,1,94298630085,73000,1
94.3013,4,94298773085,2502412,0
94.3014,2,94301303091,73000,1
94.3014,4,94301374091,73000,1
94.3014,2,94301376091,73000,1
94.3015,3,94301447091,73000,1
94.3016,2,94301536091,73000,1
94.3021,1,94302003097,73000,1
94.3021,4,94302003097,73000,1
94.3072,2,94304676103,2502412,0
94.3097,3,94307206109,2502412,0
94.3124,3,94312311121,73000,1
94.3124,4,94312311121,73000,1
94.3149,2,94312400121,2502412,0
94.3175,2,94314974533,2502412,0
94.3229,2,94320365545,2502412,0
94.3255,3,94322949551,2502412,0
94.3305,2,94328027563,2502412,0
94.3307,3,94330638569,73000,1
94.3307,1,94330638569,73000,1
94.3307,4,94330638569,73000,1
94.3358,2,94333275575,2502412,0
94.3359,3,94335859581,73000,1
94.3385,2,94335948581,2502412,0
94.341,3,94338505587,2502412,0
94.3461,3,94343619599,2502412,0
94.3487,2,94346176605,2502412,0
94.3512,3,94348706611,2502412,0
94.3542,3,94354153629,73000,1
94.3542,2,94354153629,73000,1
94.3567,4,94354233629,2502412,0
94.3619,1,94359347641,2502412,0
94.3644,4,94361913647,2502412,0
94.3671,4,94367036659,73000,1
94.3671,1,94367036659,73000,1
94.3696,1,94367125659,2502412,0
94.3697,2,94369655665,73000,1
94.3722,4,94369726665,2502412,0
94.3723,4,94372256077,73000,1
94.3723,3,94372256671,73000,1
94.3723,2,94372256671,73000,1
94.3749,1,94372399671,2502412,0
94.38,4,94377468683,2502412,0
94.3825,1,94380025689,2502412,0
94.3851,1,94382600101,2502412,0
94.3881,1,94387982113,73000,1
94.3881,4,94387982113,73000,1
94.3906,3,94388080113,2502412,0
94.3931,3,94390609525,2502412,0
94.3932,1,94393148531,73000,1
94.3932,4,94393148531,73000,1
94.3983,3,94395812537,2502412,0
94.4014,3,94401277555,73000,1
94.4014,4,94401277555,73000,1
94.4041,2,94404013561,73000,1
94.4092,3,94406731567,2502412,0
94.4143,1,94411827579,2502412,0
94.4195,3,94416950591,2502412,0
94.4199,3,94419829597,73000,1
94.4199,1,94419829597,73000,1
94.425,1,94422448603,2502412,0
94.4275,1,94425014015,2502412,0
94.4301,4,94427553021,2502412,0
94.4302,3,94430110027,73000,1
94.4327,4,94430181027,2502412,0
94.4352,3,94432738033,2502412,0
94.4378,3,94435267445,2502412,0
94.4403,1,94437797451,2502412,0
94.4428,1,94440326863,2502412,0
94.4454,4,94442856869,2502412,0
94.4479,1,94445386875,2502412,0
94.4504,3,94447925881,2502412,0
94.4505,3,94450455293,73000,1
94.4534,4,94450868893,2502412,0
94.4559,3,94453416899,2502412,0
94.4585,1,94455955905,2502412,0
94.461,4,94458530911,2502412,0
94.4636,2,94461060917,2502412,0
94.4661,3,94463590923,2502412,0
94.4662,1,94466138929,73000,1
94.4712,2,94468741935,2502412,0
94.4738,4,94471298941,2502412,0
94.4763,3,94473837947,2502412,0
94.4789,4,94476412953,2502412,0
94.479,3,94478960959,73000,1
94.479,2,94478960959,73000,1
94.4841,1,94481606965,2502412,0
94.4843,1,94484181377,73000,1
94.4843,4,94484181971,73000,1
94.4893,2,94486818977,2502412,0
94.4919,3,94489348983,2502412,0
94.4973,3,94494802401,2502412,0
94.4998,2,94497332407,2502412,0
94.5,2,94499888819,73000,1
94.5,1,94499889413,73000,1
94.5025,3,94499969413,2502412,0
94.5053,4,94502823425,2502412,0
94.5054,3,94505353431,73000,1
94.508,4,94505460431,2502412,0
94.5081,2,94507999437,73000,1
94.5081,3,94507999437,73000,1
94.5106,4,94508097437,2502412,0
94.5131,4,94510626849,2502412,0
94.5157,3,94513174855,2502412,0
94.5158,4,94515722861,73000,1
94.5183,1,94515802861,2502412,0
94.5209,3,94518404867,2502412,0
94.5234,1,94520934873,2502412,0
94.5263,3,94523777879,2502412,0
94.5264,1,94526325885,73000,1
94.5314,4,94528935891,2502412,0
94.534,3,94531519897,2502412,0
94.5366,4,94534067903,2502412,0
94.5367,2,94536624909,73000,1
94.5392,1,94536713909,2502412,0
94.5393,1,94539270321,73000,1
94.5393,3,94539270915,73000,1
94.5419,3,94539368915,2502412,0
94.5444,4,94541898921,2502412,0
94.5445,3,94544428927,73000,1
94.547,4,94544535927,2502412,0
94.5496,3,94547074933,2502412,0
94.5497,3,94549622345,73000,1
94.5497,4,94549622939,73000,1
94.5522,4,94549695939,2502412,0
94.5523,1,94552234945,73000,1
94.5577,4,94555204957,2502412,0
94.5603,4,94557779369,2502412,0
94.5654,3,94562911381,2502412,0
94.568,4,94565477387,2502412,0
94.5731,3,94570609399,2502412,0
94.5757,3,94573147811,2502412,0
94.5807,4,94578207823,2502412,0
94.5832,1,94580737829,2502412,0
94.5834,4,94583339835,73000,1
94.5834,3,94583339835,73000,1
94.5835,4,94583412835,73000,1
94.586,1,94583510835,2502412,0
94.5912,1,94588687847,2502412,0
94.5913,3,94591244853,73000,1
94.5939,2,94591351853,2502412,0
94.5967,1,94594203265,2502412,0
94.5992,1,94596741677,2502412,0
94.6022,1,94602152695,73000,1
94.6022,2,94602152695,73000,1
94.6047,4,94602241695,2502412,0
94.6073,3,94604780701,2502412,0
94.6074,4,94607319707,73000,1
94.6099,2,94607426707,2502412,0
94.6125,2,94609974119,2502412,0
94.615,3,94612522125,2502412,0
94.6151,3,94615051537,73000,1
94.6151,2,94615052131,73000,1
94.6152,1,94615141131,73000,1
94.6178,4,94615266131,2502412,0
94.6203,2,94617814137,2502412,0
94.6228,4,94620344143,2502412,0
94.6254,2,94622892149,2502412,0
94.6258,3,94625735155,73000,1
94.6283,2,94625806155,2502412,0
94.6284,4,94628345161,73000,1
94.6309,2,94628416161,2502412,0
94.6334,2,94630945573,2502412,0
94.6386,3,94636095585,2502412,0
94.6411,2,94638625591,2502412,0
94.6437,2,94641155003,2502412,0
94.6488,3,94646251015,2502412,0
94.6513,3,94648789427,2502412,0
94.6514,2,94651328433,73000,1
94.6539,3,94651399433,2502412,0
94.6564,3,94653928845,2502412,0
94.6593,4,94656773857,2502412,0
94.6594,4,94659321269,73000,1
94.6619,3,94659428863,2502412,0
94.6621,3,94661985275,73000,1
94.6621,1,94661985869,73000,1
94.6622,4,94662083869,73000,1
94.6622,2,94662083869,73000,1
94.6672,1,94664720875,2502412,0
94.6698,3,94667277881,2502412,0
94.6723,1,94669816887,2502412,0
94.6749,4,94672373893,2502412,0
94.6776,1,94677496905,73000,1
94.6776,3,94677496905,73000,1
94.6801,2,94677585905,2502412,0
94.6826,4,94680115911,2502412,0
94.6877,4,94685211923,2502412,0
94.6903,2,94687768929,2502412,0
94.6928,4,94690307935,2502412,0
94.6953,2,94692837941,2502412,0
94.6983,2,94698273359,73000,1
94.6983,4,94698273359,73000,1
94.7009,1,94698353359,2502412,0
94.7034,3,94700883365,2502412,0
94.7064,3,94706321383,73000,1
94.7064,1,94706321383,73000,1
94.7089,4,94706401383,2502412,0
94.7115,4,94708984795,2502412,0
94.714,2,94711514801,2502412,0
94.7191,3,94716592813,2502412,0
94.7216,4,94719131819,2502412,0
94.7242,2,94721661825,2502412,0
94.7267,3,94724236831,2502412,0
94.7296,2,94727088837,2502412,0
94.7297,3,94729627843,73000,1
94.7298,4,94729698843,73000,1
94.7298,1,94729698843,73000,1
94.7323,2,94729778843,2502412,0
94.7349,2,94732371255,2502412,0
94.7374,2,94734918667,2502412,0
94.7375,2,94737448079,73000,1
94.7375,3,94737448673,73000,1
94.7452,4,94742714091,2502412,0
94.7478,4,94745261503,2502412,0
94.7503,4,94747799915,2502412,0
94.7557,2,94753183933,2502412,0
94.7582,4,94755713939,2502412,0
94.7608,4,94758261351,2502412,0
94.7633,2,94760809357,2502412,0
94.7658,4,94763339363,2502412,0
94.7659,4,94765868775,73000,1
94.7659,1,94765869369,73000,1
94.7685,4,94765949369,2502412,0
94.7735,2,94771036381,2502412,0
94.7761,3,94773575387,2502412,0
94.7786,4,94776141393,2502412,0
94.7812,3,94778689399,2502412,0
94.7837,3,94781245811,2502412,0
94.7864,4,94786305823,73000,1
94.7864,2,94786305823,73000,1
94.789,3,94786448823,2502412,0
94.7915,3,94788987235,2502412,0
94.7966,1,94794083247,2502412,0
94.7991,4,94796631253,2502412,0
94.7996,3,94799509665,73000,1
94.7996,2,94799509665,73000,1
94.8049,1,94802434677,2502412,0
94.8075,4,94804973683,2502412,0
94.81,1,94807503689,2502412,0
94.8125,3,94810033695,2502412,0
94.8151,4,94812599701,2502412,0
94.8202,4,94817677713,2502412,0
94.8227,1,94820207719,2502412,0
94.8253,3,94822755725,2502412,0
94.8278,2,94825294731,2502412,0
94.8304,4,94827851737,2502412,0
94.8332,3,94830712743,2502412,0
94.8357,1,94833242749,2502412,0
94.8409,2,94838347761,2502412,0
94.841,3,94840904767,73000,1
94.841,4,94840904767,73000,1
94.8435,2,94840984767,2502412,0
94.846,1,94843514773,2502412,0
94.8462,2,94846089779,73000,1
94.8487,1,94846214779,2502412,0
94.8489,3,94848807785,73000,1
94.8489,4,94848807785,73000,1
94.8514,1,94848878785,2502412,0
94.8515,1,94851408197,73000,1
94.8519,2,94851850797,73000,1
94.857,1,94854541803,2502412,0
94.8621,1,94859646815,2502412,0
94.8647,1,94862230227,2502412,0
94.8698,4,94867308239,2502412,0
94.8723,1,94869847245,2502412,0
94.8775,1,94874970257,2502412,0
94.88,4,94877509263,2502412,0
94.8825,1,94880039269,2502412,0
94.8851,2,94882569275,2502412,0
94.8876,3,94885099281,2502412,0
94.8902,2,94887656287,2502412,0
94.8903,1,94890186293,73000,1
94.8928,3,94890275293,2502412,0
94.8953,4,94892823299,2502412,0
94.8979,1,94895353305,2502412,0
94.9004,3,94897883311,2502412,0
94.9008,1,94900734723,73000,1
94.9009,4,94900805723,73000,1
94.9037,1,94901195729,2502412,0
94.9038,3,94903725735,73000,1
94.9038,2,94903725735,73000,1
94.9063,1,94903805735,2502412,0
94.9114,1,94908910747,2502412,0
94.914,4,94911485753,2502412,0
94.9142,4,94914078165,73000,1
94.9142,1,94914078759,73000,1
94.9142,2,94914078759,73000,1
94.9192,3,94916715765,2502412,0
94.9194,3,94919290177,73000,1
94.9194,4,94919290771,73000,1
94.9244,1,94921936777,2502412,0
94.927,2,94924484783,2502412,0
94.9297,2,94929616795,73000,1
94.9297,1,94929616795,73000,1
94.9322,2,94929689795,2502412,0
94.9351,3,94932577801,2502412,0
94.9402,3,94937682813,2502412,0
94.9427,2,94940212819,2502412,0
94.9453,2,94942787231,2502412,0
94.9478,4,94945317237,2502412,0
94.9479,1,94947847243,73000,1
94.9504,4,94947936243,2502412,0
94.9533,3,94950799255,2502412,0
94.9558,2,94953347261,2502412,0
94.9609,4,94958443273,2502412,0
94.9635,3,94960982279,2502412,0
94.9661,2,94963557285,2502412,0
94.9686,3,94966096291,2502412,0
94.9687,2,94968653297,73000,1
94.9712,4,94968733297,2502412,0
94.9738,3,94971272303,2502412,0
94.9739,4,94973847309,73000,1
94.9739,1,94973847309,73000,1
94.974,4,94973954309,73000,1
94.9766,3,94974052309,2502412,0
94.9791,3,94976581721,2502412,0
94.9817,3,94979165133,2502412,0
94.9868,2,94984252145,2502412,0
94.9893,3,94986791151,2502412,0
94.9894,2,94989375157,73000,1
94.992,3,94989455157,2502412,0
94.9946,3,94992056569,2502412,0
94.9996,2,94997125581,2502412,0
95.0022,3,94999700587,2502412,0
95.0079,2,95005424011,2502412,0
95.0105,4,95008008017,2502412,0
95.013,3,95010538023,2502412,0
95.0181,3,95015607035,2502412,0
95.0207,3,95018154447,2502412,0
95.0232,2,95020693453,2502412,0
95.0234,4,95023277459,73000,1
95.0259,3,95023348459,2502412,0
95.026,3,95025913871,73000,1
95.026,2,95025914465,73000,1
95.0311,2,95028569471,2502412,0
95.0336,2,95031107883,2502412,0
95.0365,2,95033968889,2502412,0
95.039,3,95036498895,2502412,0
95.0391,4,95039064901,73000,1
95.0417,2,95039162901,2502412,0
95.0442,3,95041719907,2502412,0
95.0443,4,95044267913,73000,1
95.0443,1,95044267913,73000,1
95.0494,3,95046895919,2502412,0
95.0519,4,95049443925,2502412,0
95.052,2,95051973931,73000,1
95.0549,4,95052361937,2502412,0
95.0574,4,95054927349,2502412,0
95.0575,3,95057457355,73000,1
95.06,2,95057537355,2502412,0
95.0626,3,95060103361,2502412,0
95.0652,4,95062651367,2502412,0
95.0653,4,95065225779,73000,1
95.0653,3,95065226373,73000,1
95.0678,2,95065297373,2502412,0
95.0679,2,95067826785,73000,1
95.0731,3,95070581385,2502412,0
95.0756,3,95073146797,2502412,0
95.0807,4,95078215809,2502412,0
95.0832,2,95080745815,2502412,0
95.0858,4,95083293821,2502412,0
95.0883,2,95085823827,2502412,0
95.0909,4,95088362833,2502412,0
95.0934,3,95090901839,2502412,0
95.0935,4,95093431845,73000,1
95.096,2,95093529845,2502412,0
95.0986,4,95096077851,2502412,0
95.1011,3,95098607857,2502412,0
95.104,4,95101470869,2502412,0
95.1065,3,95104018875,2502412,0
95.107,2,95106879287,73000,1
95.1095,4,95106950287,2502412,0
95.1096,4,95109497699,73000,1
95.1096,3,95109498293,73000,1
95.1121,2,95109641293,2502412,0
95.1172,2,95114728305,2502412,0
95.1198,3,95117303311,2502412,0
95.1224,3,95119850723,2502412,0
95.1225,2,95122389729,73000,1
95.1226,3,95122487729,73000,1
95.1226,4,95122487729,73000,1
95.1251,4,95122594729,2502412,0
95.1276,2,95125124735,2502412,0
95.1328,2,95130247747,2502412,0
95.1353,4,95132795753,2502412,0
95.1378,3,95135334759,2502412,0
95.1432,3,95140725771,2502412,0
95.1458,3,95143291183,2502412,0
95.1483,2,95145830189,2502412,0
95.1509,4,95148378195,2502412,0
95.1538,2,95151303207,2502412,0
95.1563,3,95153833213,2502412,0
95.1589,2,95156363219,2502412,0
95.1614,4,95158911225,2502412,0
95.1616,4,95161494637,73000,1
95.1616,3,95161495231,73000,1
95.1641,2,95161575231,2502412,0
95.1666,2,95164113643,2502412,0
95.1692,2,95166679055,2502412,0
95.1719,2,95171811067,73000,1
95.1719,3,95171811067,73000,1
95.1744,4,95171891067,2502412,0
95.177,1,95174466073,2502412,0
95.1771,4,95177005079,73000,1
95.1796,2,95177112079,2502412,0
95.1822,1,95179660085,2502412,0
95.1873,4,95184765097,2502412,0
95.1898,2,95187295103,2502412,0
95.1923,1,95189834109,2502412,0
95.1925,1,95192399521,73000,1
95.1925,2,95192400115,73000,1
95.1975,4,95195019121,2502412,0
95.1977,4,95197620533,73000,1
95.1977,3,95197621127,73000,1
95.2031,1,95200582139,2502412,0
95.2032,2,95203175145,73000,1
95.2058,1,95203255145,2502412,0
95.2083,1,95205784557,2502412,0
95.2111,1,95208644969,2502412,0
95.2138,1,95213776981,73000,1
95.2138,4,95213776981,73000,1
95.2164,4,95213865981,2502412,0
95.2215,4,95218970993,2502412,0
95.2241,4,95221581405,2502412,0
95.2292,4,95226695417,2502412,0
95.2317,1,95229225423,2502412,0
95.2343,2,95231764429,2502412,0
95.2368,4,95234294435,2502412,0
95.2422,2,95239738853,2502412,0
95.2448,1,95242268859,2502412,0
95.2473,4,95244807865,2502412,0
95.2474,1,95247355871,73000,1
95.2475,4,95247426871,73000,1
95.2475,2,95247426871,73000,1
95.2476,4,95247533871,73000,1
95.2476,2,95247533871,73000,1
95.2501,1,95247613871,2502412,0
95.2556,4,95253078889,2502412,0
95.2581,3,95255608895,2502412,0
95.2606,1,95258138901,2502412,0
95.2632,3,95260677907,2502412,0
95.2682,1,95265746919,2502412,0
95.2708,4,95268321925,2502412,0
95.2734,1,95270887931,2502412,0
95.2735,3,95273426937,73000,1
95.276,4,95273542937,2502412,0
95.2762,3,95276090943,73000,1
95.2762,1,95276090943,73000,1
95.2787,2,95276161943,2502412,0
95.2837,4,95281239955,2502412,0
95.2863,2,95283823961,2502412,0
95.2914,3,95288919973,2502412,0
95.294,4,95291449979,2502412,0
95.2965,2,95294006985,2502412,0
95.2966,3,95296536991,73000,1
95.2966,1,95296536991,73000,1
95.2967,4,95296634991,73000,1
95.2967,1,95296634991,73000,1
95.3018,2,95299253997,2502412,0
95.3046,2,95302117009,2502412,0
95.3071,2,95304646421,2502412,0
95.3073,4,95307185427,73000,1
95.3073,3,95307185427,73000,1
95.3127,2,95310153433,2502412,0
95.3152,2,95312745845,2502412,0
95.3204,2,95317895857,2502412,0
95.3229,3,95320425863,2502412,0
95.3255,2,95322964869,2502412,0
95.3306,3,95328051881,2502412,0
95.3331,1,95330608887,2502412,0
95.3357,2,95333147893,2502412,0
95.3407,3,95338243905,2502412,0
95.3436,4,95341095911,2502412,0
95.3461,1,95343634917,2502412,0
95.3487,2,95346182923,2502412,0
95.3512,4,95348712929,2502412,0
95.3513,4,95351242341,73000,1
95.3517,1,95351630941,73000,1
95.3542,4,95351710941,2502412,0
95.3568,3,95354258947,2502412,0
95.3569,3,95356842359,73000,1
95.3569,2,95356842953,73000,1
95.3594,4,95356922953,2502412,0
95.3645,1,95362036965,2502412,0
95.3647,1,95364593377,73000,1
95.3647,4,95364593971,73000,1
95.3672,4,95364700971,2502412,0
95.3673,2,95367248977,73000,1
95.3698,3,95367328977,2502412,0
95.3724,3,95369858389,2502412,0
95.3749,1,95372397395,2502412,0
95.375,4,95374927401,73000,1
95.375,2,95374927401,73000,1
95.3775,3,95375025401,2502412,0
95.3826,1,95380103413,2502412,0
95.3852,1,95382650825,2502412,0
95.3877,3,95385243831,2502412,0
95.3903,4,95387791837,2502412,0
95.3904,1,95390321843,73000,1
95.3929,3,95390410843,2502412,0
95.3954,1,95392940849,2502412,0
95.398,4,95395479855,2502412,0
95.4006,3,95398063861,2502412,0
95.4007,4,95400593867,73000,1
95.4007,1,95400593867,73000,1
95.406,4,95403545879,2502412,0
95.4086,4,95406102291,2502412,0
95.4111,4,95408631703,2502412,0
95.4112,4,95411170115,73000,1
95.4112,3,95411170709,73000,1
95.4167,1,95414174715,2502412,0
95.4218,1,95419324727,2502412,0
95.4244,4,95421872733,2502412,0
95.4295,3,95426950745,2502412,0
95.4296,1,95429480751,73000,1
95.4296,2,95429480751,73000,1
95.4297,3,95429587751,73000,1
95.4297,4,95429587751,73000,1
95.4348,4,95432269757,2502412,0
95.4373,3,95434799763,2502412,0
95.4424,4,95439895775,2502412,0
95.4449,1,95442443781,2502412,0
95.4478,3,95445295787,2502412,0
95.4508,3,95450724805,73000,1
95.4508,1,95450724805,73000,1
95.4533,3,95450797805,2502412,0
95.4558,4,95453327811,2502412,0
95.4584,3,95455875817,2502412,0
95.4609,3,95458414229,2502412,0
95.466,3,95463492241,2502412,0
95.4686,4,95466058247,2502412,0
95.4712,3,95468669253,2502412,0
95.4713,4,95471208259,73000,1
95.4738,1,95471297259,2502412,0
95.4764,1,95473853671,2502412,0
95.4789,3,95476383677,2502412,0
95.4814,1,95478922683,2502412,0
95.484,4,95481461689,2502412,0
95.489,1,95486530701,2502412,0
95.4892,1,95489087113,73000,1
95.4892,3,95489087707,73000,1
95.4917,4,95489167707,2502412,0
95.4942,1,95491724713,2502412,0
95.4993,1,95496811725,2502412,0
95.5019,4,95499368731,2502412,0
95.5044,1,95501898737,2502412,0
95.5073,3,95504752749,2502412,0
95.5124,3,95509866761,2502412,0
95.5149,4,95512405767,2502412,0
95.5178,1,95515266179,2502412,0
95.5203,3,95517832185,2502412,0
95.5229,1,95520371191,2502412,0
95.5255,1,95525458203,73000,1
95.5255,4,95525458203,73000,1
95.528,1,95525547203,2502412,0
95.5306,1,95528076615,2502412,0
95.5331,3,95530624621,2502412,0
95.5357,1,95533163627,2502412,0
95.5382,1,95535693039,2502412,0
95.5407,4,95538223045,2502412,0
95.5458,4,95543346057,2502412,0
95.5487,3,95546189063,2502412,0
95.5512,1,95548737069,2502412,0
95.5514,1,95551284481,73000,1
95.5539,3,95551374075,2502412,0
95.554,3,95553903487,73000,1
95.554,4,95553904081,73000,1
95.5569,4,95554406087,2502412,0
95.5595,4,95557007499,2502412,0
95.5596,3,95559546505,73000,1
95.5621,1,95559617505,2502412,0
95.5647,1,95562155917,2502412,0
95.5672,4,95564703923,2502412,0
95.5697,1,95567242929,2502412,0
95.5725,1,95572401941,73000,1
95.5725,4,95572401941,73000,1
95.5776,3,95575065947,2502412,0
95.5827,1,95580188959,2502412,0
95.5852,3,95582736965,2502412,0
95.5854,2,95585302971,73000,1
95.5854,4,95585302971,73000,1
95.5904,1,95587939977,2502412,0
95.593,3,95590469983,2502412,0
95.5955,4,95592999989,2502412,0
95.5956,3,95595547995,73000,1
95.5956,1,95595547995,73000,1
95.6007,4,95598167001,2502412,0
95.6008,4,95600705413,73000,1
95.6036,4,95601110013,2502412,0
95.6087,1,95606233025,2502412,0
95.6113,4,95608772031,2502412,0
95.6138,3,95611329037,2502412,0
95.6164,4,95613877043,2502412,0
95.6192,4,95616747003,2502412,0
95.6218,1,95619277009,2502412,0
95.6268,3,95624337021,2502412,0
95.6294,4,95626921027,2502412,0
95.632,3,95629469033,2502412,0
95.6345,1,95632008039,2502412,0
95.6371,4,95634574045,2502412,0
95.6422,3,95639688057,2502412,0
95.6447,1,95642236063,2502412,0
95.6473,4,95644784069,2502412,0
95.653,3,95650480493,2502412,0
95.6555,4,95653010499,2502412,0
95.6581,1,95655549505,2502412,0
95.6582,3,95658151511,73000,1
95.6607,1,95658240511,2502412,0
95.6633,4,95660779517,2502412,0
95.6658,2,95663309523,2502412,0
95.666,2,95665892935,73000,1
95.6685,4,95665982529,2502412,0
95.671,1,95668521535,2502412,0
95.6736,1,95671095947,2502412,0
95.6787,3,95676173959,2502412,0
95.6812,3,95678712371,2502412,0
95.6837,1,95681242377,2502412,0
95.6838,4,95683772383,73000,1
95.6838,2,95683772383,73000,1
95.6889,1,95686436389,2502412,0
95.6915,3,95688975395,2502412,0
95.694,4,95691514401,2502412,0
95.6966,1,95694053407,2502412,0
95.6991,4,95696583413,2502412,0
95.7016,3,95699122419,2502412,0
95.7045,1,95701958431,2502412,0
95.707,1,95704487843,2502412,0
95.7095,1,95707017255,2502412,0
95.7146,1,95712077267,2502412,0
95.7171,1,95714642679,2502412,0
95.7197,4,95717172685,2502412,0
95.7225,3,95720042097,2502412,0
95.7251,3,95722580509,2502412,0
95.7276,1,95725128515,2502412,0
95.7302,3,95727667521,2502412,0
95.7353,4,95732754533,2502412,0
95.7354,4,95735337945,73000,1
95.7354,2,95735338539,73000,1
95.7379,1,95735409539,2502412,0
95.7405,3,95737957545,2502412,0
95.7456,3,95743089557,2502412,0
95.7481,1,95745637563,2502412,0
95.7507,1,95748193975,2502412,0
95.7564,3,95753917993,2502412,0
95.759,4,95756456999,2502412,0
95.7591,3,95759005005,73000,1
95.7591,1,95759005005,73000,1
95.7616,4,95759094005,2502412,0
95.7667,4,95764190017,2502412,0
95.7692,3,95766738023,2502412,0
95.7718,3,95769294435,2502412,0
95.7743,3,95771832847,2502412,0
95.7769,4,95774362853,2502412,0
95.7794,1,95776892859,2502412,0
95.7845,1,95781970871,2502412,0
95.7871,4,95784554877,2502412,0
95.7872,3,95787084883,73000,1
95.7872,2,95787084883,73000,1
95.7897,1,95787200883,2502412,0
95.7948,4,95792287895,2502412,0
95.7973,1,95794826901,2502412,0
95.7999,1,95797401313,2502412,0
95.8026,1,95802497325,73000,1
95.8026,3,95802497325,73000,1
95.8054,4,95802874331,2502412,0
95.8079,3,95805413337,2502412,0
95.8105,4,95807970343,2502412,0
95.8106,4,95810499755,73000,1
95.8106,1,95810500349,73000,1
95.8156,3,95813137355,2502412,0
95.8183,3,95815756767,2502412,0
95.8208,4,95818295773,2502412,0
95.8262,3,95823695785,2502412,0
95.8288,4,95826252791,2502412,0
95.8313,1,95828800797,2502412,0
95.8314,3,95831339803,73000,1
95.8339,1,95831410803,2502412,0
95.8364,1,95833940215,2502412,0
95.839,1,95836487627,2502412,0
95.8415,4,95839026633,2502412,0
95.8417,4,95841601045,73000,1
95.8442,3,95841699639,2502412,0
95.8468,1,95844247645,2502412,0
95.8519,1,95849388657,2502412,0
95.8544,3,95851918663,2502412,0
95.8548,4,95854761669,73000,1
95.8573,4,95854841669,2502412,0
95.8578,1,95857713681,73000,1
95.8603,3,95857802681,2502412,0
95.8629,4,95860350687,2502412,0
95.8654,3,95862880693,2502412,0
95.8679,3,95865410105,2502412,0
95.8705,3,95867948517,2502412,0
95.873,4,95870496523,2502412,0
95.8781,2,95875574535,2502412,0
95.8806,4,95878113541,2502412,0
95.8832,3,95880697547,2502412,0
95.8857,1,95883227553,2502412,0
95.8883,4,95885757559,2502412,0
95.8884,4,95888313971,73000,1
95.8884,2,95888314565,73000,1
95.8934,3,95890924571,2502412,0
95.896,1,95893463577,2502412,0
95.8985,1,95896037989,2502412,0
95.9011,3,95898603995,2502412,0
95.9012,1,95901134001,73000,1
95.9013,2,95901205001,73000,1
95.9013,1,95901207001,73000,1
95.9066,4,95904132013,2502412,0
95.9092,3,95906680019,2502412,0
95.9117,4,95909219025,2502412,0
95.9143,3,95911758031,2502412,0
95.9168,3,95914314443,2502412,0
95.9194,3,95916870855,2502412,0
95.9245,4,95921966867,2502412,0
95.9273,2,95924809279,2502412,0
95.9299,3,95927375285,2502412,0
95.9324,2,95929923291,2502412,0
95.9326,3,95932480297,73000,1
95.9351,4,95932569297,2502412,0
95.9376,1,95935099303,2502412,0
95.9401,2,95937629309,2502412,0
95.9427,4,95940168315,2502412,0
95.9452,3,95942716321,2502412,0
95.9478,1,95945255327,2502412,0
95.9479,3,95947803333,73000,1
95.9504,2,95947874333,2502412,0
95.9533,4,95950764345,2502412,0
95.9558,1,95953312351,2502412,0
95.9587,2,95956164357,2502412,0
95.9612,1,95958703363,2502412,0
95.9637,4,95961233369,2502412,0
95.9688,2,95966329381,2502412,0
95.9714,2,95968876793,2502412,0
95.9715,4,95971451799,73000,1
95.9715,1,95971451799,73000,1
95.9716,2,95971522799,73000,1
95.9716,3,95971522799,73000,1
95.9741,2,95971611799,2502412,0
95.9792,4,95976707811,2502412,0
95.9818,3,95979273817,2502412,0
95.9843,4,95981830823,2502412,0
95.9869,2,95984360829,2502412,0
95.9919,3,95989438841,2502412,0
95.9921,2,95991977847,73000,1
95.9921,4,95991977847,73000,1
95.9921,1,95991977847,73000,1
95.9946,4,95992050847,2502412,0
95.9971,3,95994589853,2502412,0
95.9996,3,95997146265,2502412,0
96.0022,3,95999684677,2502412,0
96.005,3,96002520689,2502412,0
96.0101,4,96007607701,2502412,0
96.0127,3,96010200707,2502412,0
96.0152,4,96012739713,2502412,0
96.0178,1,96015269719,2502412,0
96.0203,2,96017799725,2502412,0
96.0228,2,96020329137,2502412,0
96.0255,1,96025407149,73000,1
96.0255,4,96025407149,73000,1
96.028,3,96025487149,2502412,0
96.0308,1,96028329561,2502412,0
96.0334,1,96030894973,2502412,0
96.036,2,96033451979,2502412,0
96.0385,2,96035981391,2502412,0
96.0386,2,96038528803,73000,1
96.0411,3,96038609397,2502412,0
96.0412,3,96041156809,73000,1
96.0412,4,96041157403,73000,1
96.0437,1,96041237403,2502412,0
96.0463,2,96043794409,2502412,0
96.0489,1,96046369415,2502412,0
96.0543,2,96051753433,2502412,0
96.0568,1,96054283439,2502412,0
96.0594,2,96056867445,2502412,0
96.0622,3,96059710451,2502412,0
96.0649,3,96064806463,73000,1
96.0649,1,96064806463,73000,1
96.0674,2,96064886463,2502412,0
96.0699,2,96067442875,2502412,0
96.07,2,96069972287,73000,1
96.07,4,96069972881,73000,1
96.0752,1,96072663887,2502412,0
96.0777,3,96075238893,2502412,0
96.0779,3,96077786305,73000,1
96.0804,1,96077884899,2502412,0
96.0829,4,96080423905,2502412,0
96.083,4,96082953317,73000,1
96.083,2,96082953911,73000,1
96.0855,4,96083026317,2502412,0
96.0907,3,96088158329,2502412,0
96.0932,4,96090688335,2502412,0
96.0933,3,96093218341,73000,1
96.0933,1,96093218341,73000,1
96.0984,4,96095891347,2502412,0
96.101,1,96098466353,2502412,0
96.1038,3,96101302365,2502412,0
96.1089,4,96106389377,2502412,0
96.1091,4,96108981789,73000,1
96.1091,3,96108982383,73000,1
96.1091,1,96108982383,73000,1
96.1167,2,96114238801,2502412,0
96.1193,3,96116786807,2502412,0
96.1218,3,96119316219,2502412,0
96.1244,3,96121854631,2502412,0
96.1294,2,96126923643,2502412,0
96.1323,1,96129784055,2502412,0
96.1324,2,96132314061,73000,1
96.1324,4,96132314061,73000,1
96.1349,3,96132394061,2502412,0
96.135,3,96134941473,73000,1
96.135,4,96134942067,73000,1
96.1375,1,96135031067,2502412,0
96.1427,1,96140163079,2502412,0
96.1478,3,96145295091,2502412,0
96.1504,2,96147852097,2502412,0
96.1529,1,96150382103,2502412,0
96.1533,1,96153218115,73000,1
96.1533,2,96153218115,73000,1
96.1533,3,96153218115,73000,1
96.1585,3,96155954121,2502412,0
96.1638,4,96161344539,2502412,0
96.164,1,96163928545,73000,1
96.1665,3,96163999545,2502412,0
96.169,2,96166529551,2502412,0
96.1716,4,96169068557,2502412,0
96.1741,3,96171598563,2502412,0
96.1742,3,96174127975,73000,1
96.1742,2,96174128569,73000,1
96.1767,3,96174208569,2502412,0
96.1768,1,96176747575,73000,1
96.1793,3,96176818575,2502412,0
96.1819,4,96179420581,2502412,0
96.1845,3,96182004587,2502412,0
96.1896,4,96187064599,2502412,0
96.1921,2,96189630605,2502412,0
96.1948,2,96194744617,73000,1
96.1948,3,96194744617,73000,1
96.1973,4,96194815617,2502412,0
96.1999,4,96197363029,2502412,0
96.2053,3,96202837047,2502412,0
96.2054,4,96205376053,73000,1
96.2054,2,96205376053,73000,1
96.2106,3,96208049059,2502412,0
96.2133,3,96213226071,73000,1
96.2133,4,96213226071,73000,1
96.2158,2,96213297071,2502412,0
96.2209,2,96218402083,2502412,0
96.2234,4,96220932089,2502412,0
96.226,1,96223489095,2502412,0
96.2261,4,96226019101,73000,1
96.2286,2,96226090101,2502412,0
96.2311,2,96228619513,2502412,0
96.234,1,96231461925,2502412,0
96.2341,2,96234072931,73000,1
96.2366,1,96234143931,2502412,0
96.2392,3,96236691937,2502412,0
96.2418,1,96239266943,2502412,0
96.2469,3,96244353955,2502412,0
96.247,1,96246883961,73000,1
96.247,4,96246883961,73000,1
96.2495,2,96246954961,2502412,0
96.252,2,96249511373,2502412,0
96.2525,3,96252383385,73000,1
96.255,2,96252517385,2502412,0
96.2551,2,96255073797,73000,1
96.2551,3,96255074391,73000,1
96.2577,1,96255154391,2502412,0
96.2628,4,96260277403,2502412,0
96.2656,1,96263120409,2502412,0
96.2682,1,96265667821,2502412,0
96.2733,2,96270763833,2502412,0
96.2734,1,96273338839,73000,1
96.2734,4,96273338839,73000,1
96.2785,2,96275975845,2502412,0
96.281,2,96278532257,2502412,0
96.2836,2,96281070669,2502412,0
96.2837,2,96283618081,73000,1
96.2862,1,96283743675,2502412,0
96.2888,1,96286282087,2502412,0
96.2913,1,96288811499,2502412,0
96.294,3,96293907511,73000,1
96.294,4,96293907511,73000,1
96.2965,4,96294032511,2502412,0
96.2991,1,96296571517,2502412,0
96.2992,2,96299101523,73000,1
96.3017,1,96299217523,2502412,0
96.3018,1,96301755935,73000,1
96.3018,4,96301756529,73000,1
96.3072,2,96304737541,2502412,0
96.3073,2,96307266953,73000,1
96.3073,4,96307267547,73000,1
96.3099,1,96307374547,2502412,0
96.315,2,96312488559,2502412,0
96.3151,2,96315071971,73000,1
96.3151,1,96315072565,73000,1
96.3203,1,96317772571,2502412,0
96.3228,2,96320302577,2502412,0
96.3254,1,96322850583,2502412,0
96.3304,4,96327928595,2502412,0
96.333,2,96330476601,2502412,0
96.3355,1,96333024607,2502412,0
96.3384,2,96335867019,2502412,0
96.3409,3,96338415025,2502412,0
96.346,3,96343484037,2502412,0
96.3485,2,96346014043,2502412,0
96.351,1,96348544049,2502412,0
96.3511,4,96351074055,73000,1
96.354,3,96351487061,2502412,0
96.3565,2,96354017067,2502412,0
96.3591,3,96356565073,2502412,0
96.3592,2,96359104079,73000,1
96.3617,1,96359193079,2502412,0
96.3642,1,96361722491,2502412,0
96.3668,1,96364260903,2502412,0
96.3696,3,96367103909,2502412,0
96.3698,1,96369714915,73000,1
96.3698,4,96369714915,73000,1
96.3724,3,96372351921,73000,1
96.3724,4,96372351921,73000,1
96.3725,1,96372440921,73000,1
96.3725,2,96372440921,73000,1
96.3725,3,96372440921,73000,1
96.3777,4,96375149927,2502412,0
96.3802,3,96377715933,2502412,0
96.3803,3,96380272345,73000,1
96.3829,3,96380352939,2502412,0
96.3854,4,96382891945,2502412,0
96.388,3,96385457951,2502412,0
96.393,4,96390535963,2502412,0
96.3956,3,96393128969,2502412,0
96.4007,2,96398215981,2502412,0
96.4036,4,96401060993,2502412,0
96.4061,2,96403617999,2502412,0
96.4063,3,96406184005,73000,1
96.4063,1,96406184005,73000,1
96.4064,2,96406282005,73000,1
96.4064,4,96406282005,73000,1
96.4065,1,96406443005,73000,1
96.4066,2,96406550005,73000,1
96.4066,4,96406550005,73000,1
96.4117,3,96409187011,2502412,0
96.4142,2,96411735017,2502412,0
96.4168,3,96414292023,2502412,0
96.4219,2,96419370035,2502412,0
96.4245,3,96421954041,2502412,0
96.4246,2,96424511047,73000,1
96.4271,4,96424618047,2502412,0
96.4297,3,96427148053,2502412,0
96.4298,3,96429713465,73000,1
96.4298,4,96429714059,73000,1
96.4298,2,96429714059,73000,1
96.4325,3,96432378065,73000,1
96.4325,4,96432378065,73000,1
96.4431,3,96440567489,2502412,0
96.4456,3,96443123901,2502412,0
96.4507,4,96448183913,2502412,0
96.4535,2,96451019925,2502412,0
96.4537,2,96453603337,73000,1
96.4537,3,96453603931,73000,1
96.4562,4,96453674931,2502412,0
96.4613,4,96458779943,2502412,0
96.4639,3,96461363949,2502412,0
96.4665,4,96466459961,73000,1
96.4665,2,96466459961,73000,1
96.4691,3,96466548961,2502412,0
96.4719,2,96469409967,2502412,0
96.477,2,96474487979,2502412,0
96.4796,2,96477062391,2502412,0
96.4821,3,96479610397,2502412,0
96.4872,2,96484697409,2502412,0
96.4873,2,96487271821,73000,1
96.4873,3,96487272415,73000,1
96.4898,4,96487343415,2502412,0
96.495,4,96492475427,2502412,0
96.4975,2,96495014433,2502412,0
96.5,2,96497543845,2502412,0
96.5026,1,96500082851,2502412,0
96.503,3,96502927863,73000,1
96.5055,1,96503016863,2502412,0
96.5081,1,96505555275,2502412,0
96.5106,4,96508112281,2502412,0
96.5131,2,96510642287,2502412,0
96.5183,1,96515774299,2502412,0
96.5208,4,96518322305,2502412,0
96.5234,2,96520852311,2502412,0
96.5259,1,96523400317,2502412,0
96.526,2,96525948323,73000,1
96.5285,4,96526046323,2502412,0
96.5311,4,96528620735,2502412,0
96.5337,1,96531150741,2502412,0
96.5362,1,96533698153,2502412,0
96.5363,2,96536228159,73000,1
96.5364,3,96536335159,73000,1
96.5364,2,96536335159,73000,1
96.5389,4,96536433159,2502412,0
96.5418,1,96539284571,2502412,0
96.5443,1,96541813983,2502412,0
96.547,1,96546954995,73000,1
96.547,4,96546954995,73000,1
96.5495,1,96547034995,2502412,0
96.5497,3,96549583001,73000,1
96.5497,2,96549583001,73000,1
96.555,1,96552499013,2502412,0
96.5575,1,96555028425,2502412,0
96.5601,1,96557602837,2502412,0
96.5627,1,96560150249,2502412,0
96.5677,1,96565237261,2502412,0
96.5703,4,96567776267,2502412,0
96.5731,4,96570637273,2502412,0
96.5783,1,96575769285,2502412,0
96.5808,4,96578308291,2502412,0
96.586,1,96583458303,2502412,0
96.5885,4,96585988309,2502412,0
96.5911,4,96588562721,2502412,0
96.5937,4,96593622733,73000,1
96.5937,3,96593622733,73000,1
96.5962,4,96593702733,2502412,0
96.5963,4,96596232145,73000,1
96.5963,1,96596232739,73000,1
96.599,1,96598950745,73000,1
96.599,2,96598950745,73000,1
96.6015,4,96599030745,2502412,0
96.607,4,96604477763,2502412,0
96.6121,4,96609618775,2502412,0
96.6173,4,96614786787,2502412,0
96.62,4,96619936799,73000,1
96.6251,1,96622636805,2502412,0
96.6277,4,96625166811,2502412,0
96.6328,4,96630271823,2502412,0
96.6353,1,96632828829,2502412,0
96.6379,4,96635376835,2502412,0
96.6404,1,96637906841,2502412,0
96.6458,1,96643279259,2502412,0
96.6484,4,96645872265,2502412,0
96.6509,1,96648411271,2502412,0
96.6563,4,96653813289,2502412,0
96.6589,1,96656415295,2502412,0
96.6615,4,96658963301,2502412,0
96.6616,4,96661492713,73000,1
96.6617,1,96661663307,73000,1
96.6617,2,96661663307,73000,1
96.6618,4,96661734307,73000,1
96.6643,1,96661805307,2502412,0
96.6669,1,96664352719,2502412,0
96.672,1,96669475731,2502412,0
96.6774,1,96674938743,2502412,0
96.6826,1,96680097755,2502412,0
96.6877,1,96685193767,2502412,0
96.6928,1,96690334779,2502412,0
96.6954,4,96692891785,2502412,0
96.6979,3,96695421791,2502412,0
96.7033,1,96700814809,2502412,0
96.7034,1,96703344221,73000,1
96.7034,4,96703344815,73000,1
96.706,3,96703469815,2502412,0
96.7085,3,96705999227,2502412,0
96.7136,4,96711140239,2502412,0
96.7162,3,96713679245,2502412,0
96.7187,4,96716227251,2502412,0
96.7238,1,96721296263,2502412,0
96.7264,3,96723880269,2502412,0
96.7265,3,96726409681,73000,1
96.7265,4,96726410275,73000,1
96.7315,4,96729029281,2502412,0
96.7341,1,96731577287,2502412,0
96.7366,1,96734124699,2502412,0
96.7392,1,96736690111,2502412,0
96.7443,1,96741768123,2502412,0
96.7471,4,96744610535,2502412,0
96.7496,1,96747140541,2502412,0
96.7522,3,96749679547,2502412,0
96.7526,1,96752551559,73000,1
96.7526,4,96752551559,73000,1
96.7551,4,96752624559,2502412,0
96.7602,4,96757693571,2502412,0
96.7628,3,96760250577,2502412,0
96.7653,2,96762780583,2502412,0
96.7678,4,96765328589,2502412,0
96.7704,2,96767876595,2502412,0
96.7729,3,96770415601,2502412,0
96.7754,4,96772945607,2502412,0
96.7784,4,96778363619,73000,1
96.7784,1,96778363619,73000,1
96.7809,2,96778434619,2502412,0
96.7835,3,96780982625,2502412,0
96.7836,3,96783539037,73000,1
96.7836,2,96783539631,73000,1
96.7861,1,96783610631,2502412,0
96.7887,1,96786158043,2502412,0
96.7912,1,96788696455,2502412,0
96.7963,1,96793774467,2502412,0
96.7988,1,96796303879,2502412,0
96.8013,4,96798842885,2502412,0
96.8043,3,96801759897,2502412,0
96.8044,4,96804289903,73000,1
96.8044,1,96804289903,73000,1
96.8069,3,96804360903,2502412,0
96.8095,3,96809429915,73000,1
96.8095,2,96809429915,73000,1
96.812,1,96809509915,2502412,0
96.8146,1,96812120327,2502412,0
96.8172,3,96814686333,2502412,0
96.8198,1,96819746345,73000,1
96.8198,2,96819746345,73000,1
96.8224,3,96819853345,2502412,0
96.8249,4,96822392351,2502412,0
96.8274,3,96824931357,2502412,0
96.8275,3,96827460769,73000,1
96.8275,4,96827461363,73000,1
96.8275,2,96827461363,73000,1
96.83,1,96827541363,2502412,0
96.8351,3,96832610375,2502412,0
96.8353,3,96835229787,73000,1
96.8353,1,96835230381,73000,1
96.8354,4,96835301381,73000,1
96.8354,3,96835302787,73000,1
96.8379,1,96835391787,2502412,0
96.8404,1,96837921199,2502412,0
96.8455,1,96843008211,2502412,0
96.8484,1,96845886623,2502412,0
96.8509,1,96848416035,2502412,0
96.8538,1,96851261047,2502412,0
96.8563,1,96853808459,2502412,0
96.8614,2,96858877471,2502412,0
96.8639,2,96861442883,2502412,0
96.8665,1,96863990889,2502412,0
96.8666,1,96866529301,73000,1
96.8666,4,96866529895,73000,1
96.8717,2,96869184901,2502412,0
96.8742,3,96871741907,2502412,0
96.8797,2,96877204325,2502412,0
96.8798,3,96879743331,73000,1
96.8798,1,96879743331,73000,1
96.8824,2,96879850331,2502412,0
96.8875,2,96884964343,2502412,0
96.89,2,96887493755,2502412,0
96.8951,3,96892616767,2502412,0
96.8977,2,96895182773,2502412,0
96.9031,2,96900593791,2502412,0
96.9056,3,96903123797,2502412,0
96.9058,3,96905716209,73000,1
96.9083,2,96905787803,2502412,0
96.9108,1,96908317809,2502412,0
96.9134,2,96910856815,2502412,0
96.9159,3,96913413821,2502412,0
96.9185,1,96915970827,2502412,0
96.9235,4,96921030839,2502412,0
96.9261,2,96923587845,2502412,0
96.9286,2,96926117257,2502412,0
96.9311,4,96928647263,2502412,0
96.9337,2,96931177269,2502412,0
96.9338,1,96933725275,73000,1
96.9338,3,96933725275,73000,1
96.9363,4,96933796275,2502412,0
96.9414,2,96938892287,2502412,0
96.944,4,96941494293,2502412,0
96.9465,3,96944033299,2502412,0
96.9467,3,96946589711,73000,1
96.9467,2,96946590305,73000,1
96.952,4,96949513311,2502412,0
96.9549,1,96952349323,2502412,0
96.9574,4,96954879329,2502412,0
96.9599,4,96957426741,2502412,0
96.9625,2,96960001747,2502412,0
96.965,1,96962531753,2502412,0
96.9651,4,96965070759,73000,1
96.9676,3,96965141759,2502412,0
96.9702,1,96967698765,2502412,0
96.9727,2,96970246771,2502412,0
96.9753,3,96972776777,2502412,0
96.9778,3,96975324189,2502412,0
96.9833,1,96980750607,2502412,0
96.9834,3,96983298613,73000,1
96.9834,2,96983298613,73000,1
96.9859,4,96983414613,2502412,0
96.9885,1,96985953619,2502412,0
96.9886,4,96988501625,73000,1
96.9911,1,96988590625,2502412,0
96.9912,1,96991120037,73000,1
96.9912,3,96991120631,73000,1
96.9938,4,96991263631,2502412,0
96.9989,3,96996368643,2502412,0
96.999,4,96998898649,73000,1
96.999,2,96998898649,73000,1
97.0015,1,96998978649,2502412,0
97.0069,3,97004425667,2502412,0
97.0095,1,97006973673,2502412,0
97.012,3,97009503679,2502412,0
97.0146,1,97012060685,2502412,0
97.0172,4,97017138697,73000,1
97.0172,2,97017138697,73000,1
97.0197,3,97017236697,2502412,0
97.0223,4,97019766703,2502412,0
97.0248,1,97022296709,2502412,0
97.0249,1,97024835121,73000,1
97.0249,3,97024835715,73000,1
97.03,4,97027535721,2502412,0
97.0302,1,97030119727,73000,1
97.0327,4,97030226727,2502412,0
97.0353,4,97032756139,2502412,0
97.0378,4,97035294551,2502412,0
97.0429,3,97040363563,2502412,0
97.0455,4,97042956569,2502412,0
97.0456,4,97045512981,73000,1
97.0481,3,97045602575,2502412,0
97.0507,3,97048149987,2502412,0
97.0564,1,97053891411,2502412,0
97.0589,3,97056430417,2502412,0
97.0615,3,97058968829,2502412,0
97.064,2,97061507835,2502412,0
97.0665,2,97064037247,2502412,0
97.0716,2,97069106259,2502412,0
97.0717,1,97071645265,73000,1
97.0717,4,97071645265,73000,1
97.0742,2,97071743265,2502412,0
97.0768,2,97074281677,2502412,0
97.0793,1,97076811683,2502412,0
97.0794,1,97079341095,73000,1
97.0794,2,97079341689,73000,1
97.0794,3,97079341689,73000,1
97.0848,2,97082345101,2502412,0
97.0874,1,97084875107,2502412,0
97.0899,3,97087414113,2502412,0
97.0925,4,97089953119,2502412,0
97.095,4,97092491531,2502412,0
97.0975,1,97095030537,2502412,0
97.1029,2,97100405555,2502412,0
97.1054,3,97102944561,2502412,0
97.108,4,97105510567,2502412,0
97.1106,2,97108058573,2502412,0
97.1131,1,97110597579,2502412,0
97.1157,3,97113154585,2502412,0
97.1207,3,97118223597,2502412,0
97.1208,1,97120771603,73000,1
97.1208,2,97120771603,73000,1
97.1208,4,97120771603,73000,1
97.1233,3,97120842603,2502412,0
97.1259,1,97123390609,2502412,0
97.1284,3,97125920615,2502412,0
97.1311,1,97131043627,73000,1
97.1311,4,97131043627,73000,1
97.1336,3,97131123627,2502412,0
97.1362,1,97133653633,2502412,0
97.1387,2,97136183639,2502412,0
97.1413,3,97138785645,2502412,0
97.1464,1,97143881657,2502412,0
97.1489,2,97146411663,2502412,0
97.1515,1,97148959669,2502412,0
97.1516,1,97151489081,73000,1
97.1516,3,97151489675,73000,1
97.1544,2,97151902681,2502412,0
97.1598,4,97157302099,2502412,0
97.1624,2,97159850105,2502412,0
97.1649,2,97162379517,2502412,0
97.1674,1,97164927523,2502412,0
97.17,3,97167457529,2502412,0
97.1725,4,97169987535,2502412,0
97.175,2,97172517541,2502412,0
97.1776,1,97175056547,2502412,0
97.1777,3,97177586553,73000,1
97.1802,2,97177666553,2502412,0
97.1827,4,97180214559,2502412,0
97.1853,1,97182753565,2502412,0
97.1857,1,97185596571,73000,1
97.1857,2,97185596571,73000,1
97.1882,4,97185703571,2502412,0
97.1907,2,97188233577,2502412,0
97.1933,1,97190808583,2502412,0
97.1984,2,97195877595,2502412,0
97.2009,4,97198407601,2502412,0
97.201,3,97200946607,73000,1
97.2038,1,97201341613,2502412,0
97.2064,4,97203871619,2502412,0
97.2089,2,97206410625,2502412,0
97.2115,2,97208985037,2502412,0
97.2116,1,97211524043,73000,1
97.2141,4,97211604043,2502412,0
97.2166,2,97214134049,2502412,0
97.2193,2,97216762461,2502412,0
97.2218,2,97219300873,2502412,0
97.2243,4,97221830879,2502412,0
97.2294,1,97226908891,2502412,0
97.232,4,97229465897,2502412,0
97.2321,4,97232004309,73000,1
97.2321,1,97232004903,73000,1
97.2346,2,97232111903,2502412,0
97.2372,4,97234650909,2502412,0
97.2397,4,97237180321,2502412,0
97.2398,2,97239710327,73000,1
97.2398,1,97239710327,73000,1
97.2423,3,97239799327,2502412,0
97.2448,2,97242347333,2502412,0
97.245,2,97244885745,73000,1
97.245,3,97244886339,73000,1
97.2475,2,97244993339,2502412,0
97.25,4,97247532345,2502412,0
97.2555,1,97252952363,2502412,0
97.2583,2,97255794775,2502412,0
97.2609,4,97258351781,2502412,0
97.2634,4,97260917193,2502412,0
97.2685,1,97265995205,2502412,0
97.271,1,97268524617,2502412,0
97.2711,4,97271054623,73000,1
97.2711,2,97271054623,73000,1
97.2711,3,97271054623,73000,1
97.2736,1,97271125623,2502412,0
97.2738,4,97273727629,73000,1
97.2738,3,97273727629,73000,1
97.2789,4,97276364635,2502412,0
97.2814,1,97278894641,2502412,0
97.2839,4,97281424647,2502412,0
97.2865,1,97283954653,2502412,0
97.2893,1,97286815659,2502412,0
97.2919,1,97289354071,2502412,0
97.2944,2,97291884077,2502412,0
97.2969,4,97294423083,2502412,0
97.297,4,97296952495,73000,1
97.297,1,97296953089,73000,1
97.2996,2,97297087089,2502412,0
97.3021,1,97299626095,2502412,0
97.305,2,97302462107,2502412,0
97.3075,2,97305018519,2502412,0
97.3101,3,97307575525,2502412,0
97.3102,1,97310114531,73000,1
97.3127,2,97310185531,2502412,0
97.3152,3,97312715537,2502412,0
97.3178,2,97315281543,2502412,0
97.3203,4,97317829549,2502412,0
97.3229,3,97320368555,2502412,0
97.3254,2,97322907561,2502412,0
97.3255,2,97325445973,73000,1
97.328,4,97325535567,2502412,0
97.3282,3,97328083573,73000,1
97.3307,3,97328156573,2502412,0
97.3358,4,97333252585,2502412,0
97.3383,1,97335800591,2502412,0
97.3409,3,97338348597,2502412,0
97.3434,2,97340878603,2502412,0
97.3459,2,97343408015,2502412,0
97.3485,1,97345956021,2502412,0
97.3535,4,97351034033,2502412,0
97.3564,3,97353870045,2502412,0
97.3565,1,97356463051,73000,1
97.3565,2,97356463051,73000,1
97.359,4,97356534051,2502412,0
97.3619,3,97359385463,2502412,0
97.367,3,97364481475,2502412,0
97.3695,1,97367029481,2502412,0
97.3721,3,97369559487,2502412,0
97.3722,4,97372098493,73000,1
97.3722,2,97372098493,73000,1
97.3747,2,97372196493,2502412,0
97.3772,3,97374735499,2502412,0
97.3823,1,97379804511,2502412,0
97.3849,2,97382361517,2502412,0
97.3874,3,97384945523,2502412,0
97.39,2,97387475529,2502412,0
97.3928,1,97390327535,2502412,0
97.3979,1,97395405547,2502412,0
97.4004,2,97397944553,2502412,0
97.4005,2,97400473965,73000,1
97.4005,4,97400474559,73000,1
97.4006,3,97400545559,73000,1
97.4007,1,97400625559,73000,1
97.4035,3,97401022565,2502412,0
97.4061,3,97403560977,2502412,0
97.4086,3,97406090389,2502412,0
97.4137,4,97411204401,2502412,0
97.4163,3,97413761407,2502412,0
97.4188,3,97416299819,2502412,0
97.4213,4,97418838825,2502412,0
97.4239,3,97421386831,2502412,0
97.4264,2,97423916837,2502412,0
97.429,3,97426464843,2502412,0
97.4291,1,97429003849,73000,1
97.4316,3,97429074849,2502412,0
97.4341,2,97431613855,2502412,0
97.4342,3,97434152861,73000,1
97.4342,4,97434152861,73000,1
97.4367,4,97434225861,2502412,0
97.4393,2,97436809867,2502412,0
97.4419,4,97439357873,2502412,0
97.442,2,97441905879,73000,1
97.442,3,97441905879,73000,1
97.4446,2,97442057879,2502412,0
97.4471,4,97444596885,2502412,0
97.4496,2,97447135891,2502412,0
97.4498,2,97449683303,73000,1
97.4498,1,97449683897,73000,1
97.4551,4,97452626909,2502412,0
97.4577,2,97455165915,2502412,0
97.4578,3,97457758921,73000,1
97.4603,4,97457829921,2502412,0
97.4632,2,97460672333,2502412,0
97.4658,4,97463274339,2502412,0
97.4683,2,97465804345,2502412,0
97.471,2,97470900357,73000,1
97.471,1,97470900357,73000,1
97.4735,4,97471007357,2502412,0
97.476,2,97473537363,2502412,0
97.4812,4,97478660375,2502412,0
97.4837,2,97481190381,2502412,0
97.4838,3,97483774387,73000,1
97.4864,4,97483872387,2502412,0
97.4889,2,97486420393,2502412,0
97.4944,2,97491873811,2502412,0
97.4969,4,97494403817,2502412,0
97.4994,2,97496933823,2502412,0
97.5048,4,97502326841,2502412,0
97.5074,4,97504892253,2502412,0
97.5099,4,97507439665,2502412,0
97.5125,2,97509978671,2502412,0
97.5176,2,97515065683,2502412,0
97.5201,3,97517604689,2502412,0
97.5227,4,97520161695,2502412,0
97.5252,3,97522709701,2502412,0
97.5278,3,97525248113,2502412,0
97.5328,2,97530308125,2502412,0
97.5353,3,97532838131,2502412,0
97.5379,2,97535377137,2502412,0
97.5405,4,97537952143,2502412,0
97.543,2,97540509149,2502412,0
97.5431,3,97543048155,73000,1
97.5456,3,97543128155,2502412,0
97.5457,2,97545667161,73000,1
97.5457,4,97545667161,73000,1
97.5483,1,97545765161,2502412,0
97.5484,1,97548303573,73000,1
97.5484,2,97548304167,73000,1
97.551,3,97550950173,73000,1
97.5535,1,97551021173,2502412,0
97.5537,4,97553578179,73000,1
97.5541,1,97553984185,73000,1
97.5541,3,97553984185,73000,1
97.5591,1,97556621191,2502412,0
97.5617,2,97559232197,2502412,0
97.5643,2,97561770609,2502412,0
97.5697,1,97567161027,2502412,0
97.5722,2,97569691033,2502412,0
97.5747,3,97572221039,2502412,0
97.5773,2,97574760045,2502412,0
97.5798,3,97577317051,2502412,0
97.5824,2,97579865057,2502412,0
97.5825,4,97582395063,73000,1
97.585,1,97582484063,2502412,0
97.5875,1,97585022475,2502412,0
97.5901,1,97587578887,2502412,0
97.5926,3,97590117893,2502412,0
97.5952,2,97592656899,2502412,0
97.5956,1,97595535905,73000,1
97.5981,2,97595624905,2502412,0
97.6007,3,97598190911,2502412,0
97.6032,2,97600729917,2502412,0
97.6086,3,97606140935,2502412,0
97.6112,3,97608706347,2502412,0
97.6113,2,97611254353,73000,1
97.6113,1,97611254353,73000,1
97.6164,2,97613891359,2502412,0
97.6189,2,97616438771,2502412,0
97.6191,2,97618995183,73000,1
97.6191,3,97618995777,73000,1
97.6216,4,97619084777,2502412,0
97.6267,3,97624225789,2502412,0
97.6269,4,97626791795,73000,1
97.6294,3,97626871795,2502412,0
97.6319,1,97629419801,2502412,0
97.6321,3,97631985807,73000,1
97.6321,2,97631985807,73000,1
97.6346,1,97632083807,2502412,0
97.6397,1,97637224819,2502412,0
97.6423,1,97639772231,2502412,0
97.6448,3,97642311237,2502412,0
97.6473,4,97644841243,2502412,0
97.6474,4,97647370655,73000,1
97.65,1,97647460249,2502412,0
97.6525,3,97649999255,2502412,0
97.6553,3,97652835267,2502412,0
97.6579,1,97655383273,2502412,0
97.663,3,97660533285,2502412,0
97.6631,1,97663063291,73000,1
97.6631,4,97663063291,73000,1
97.6657,1,97663152291,2502412,0
97.6685,2,97666021703,2502412,0
97.6686,4,97668551709,73000,1
97.6712,3,97668676709,2502412,0
97.6737,3,97671215121,2502412,0
97.6738,2,97673745127,73000,1
97.6738,1,97673745127,73000,1
97.6789,3,97676382133,2502412,0
97.6815,2,97678966139,2502412,0
97.6816,3,97681496145,73000,1
97.6816,1,97681496145,73000,1
97.6866,1,97684142151,2502412,0
97.6892,2,97686681157,2502412,0
97.6893,2,97689273569,73000,1
97.6919,1,97689381163,2502412,0
97.6944,3,97691911169,2502412,0
97.697,3,97694458581,2502412,0
97.6998,3,97697310587,2502412,0
97.7049,4,97702379599,2502412,0
97.7053,3,97705242611,73000,1
97.7053,1,97705242611,73000,1
97.7078,3,97705322611,2502412,0
97.7104,3,97707861023,2502412,0
97.7129,1,97710418029,2502412,0
97.713,2,97712948035,73000,1
97.7155,4,97713037035,2502412,0
97.7181,1,97715576041,2502412,0
97.7206,4,97718106047,2502412,0
97.7231,3,97720645053,2502412,0
97.7257,1,97723193059,2502412,0
97.7283,4,97725750065,2502412,0
97.7333,1,97730810077,2502412,0
97.7359,4,97733358083,2502412,0
97.7384,3,97735906089,2502412,0
97.741,2,97738481095,2502412,0
97.7435,1,97741011101,2502412,0
97.746,3,97743541107,2502412,0
97.7487,2,97748628119,73000,1
97.7487,4,97748628119,73000,1
97.7488,3,97748708119,73000,1
97.7488,1,97748708119,73000,1
97.7513,3,97748806119,2502412,0
97.7542,3,97751696131,2502412,0
97.7567,4,97754226137,2502412,0
97.7618,4,97759304149,2502412,0
97.7643,2,97761834155,2502412,0
97.7669,4,97764373161,2502412,0
97.7697,4,97767233573,2502412,0
97.7723,3,97769781579,2502412,0
97.7748,1,97772329585,2502412,0
97.7774,2,97774868591,2502412,0
97.7824,3,97779946603,2502412,0
97.785,1,97782476609,2502412,0
97.7875,4,97785024615,2502412,0
97.7876,1,97787563621,73000,1
97.7876,3,97787563621,73000,1
97.7901,2,97787643621,2502412,0
97.7927,4,97790236627,2502412,0
97.7928,2,97792766633,73000,1
97.7954,4,97792927633,2502412,0
97.798,1,97795466639,2502412,0
97.8005,3,97798023645,2502412,0
97.8034,3,97800937651,2502412,0
97.8035,1,97803467657,73000,1
97.8064,4,97803898663,2502412,0
97.8089,2,97806437669,2502412,0
97.8115,3,97808967675,2502412,0
97.8166,1,97814054687,2502412,0
97.8191,3,97816584693,2502412,0
97.8216,4,97819123699,2502412,0
97.8242,2,97821653705,2502412,0
97.8267,3,97824183711,2502412,0
97.8292,3,97826722123,2502412,0
97.8294,1,97829306129,73000,1
97.8319,2,97829377129,2502412,0
97.8344,3,97831907135,2502412,0
97.8369,4,97834437141,2502412,0
97.8395,2,97837003147,2502412,0
97.8396,2,97839541559,73000,1
97.8396,4,97839542153,73000,1
97.8421,2,97839640153,2502412,0
97.8447,3,97842170159,2502412,0
97.8472,4,97844700165,2502412,0
97.8523,2,97849778177,2502412,0
97.8552,3,97852650189,2502412,0
97.8577,4,97855180195,2502412,0
97.8578,3,97857719201,73000,1
97.8578,1,97857719201,73000,1
97.8603,2,97857826201,2502412,0
97.8629,3,97860356207,2502412,0
97.8654,4,97862895213,2502412,0
97.8679,4,97865424625,2502412,0
97.8734,2,97870851637,2502412,0
97.8759,4,97873399643,2502412,0
97.8784,3,97875929649,2502412,0
97.8785,4,97878459655,73000,1
97.8785,1,97878459655,73000,1
97.881,2,97878530655,2502412,0
97.8836,2,97881096067,2502412,0
97.8861,4,97883644073,2502412,0
97.8912,3,97888740085,2502412,0
97.8938,2,97891315091,2502412,0
97.8939,3,97893845097,73000,1
97.8939,4,97893845097,73000,1
97.899,4,97896518103,2502412,0
97.9016,2,97899084109,2502412,0
97.9048,4,97902260121,2502412,0
97.9073,2,97904790127,2502412,0
97.9124,4,97909895139,2502412,0
97.9149,3,97912443145,2502412,0
97.9175,2,97915000151,2502412,0
97.9226,4,97920078163,2502412,0
97.9251,1,97922635169,2502412,0
97.9277,4,97925165175,2502412,0
97.9302,3,97927704181,2502412,0
97.9327,2,97930243187,2502412,0
97.9329,4,97932791193,73000,1
97.9354,1,97932871193,2502412,0
97.9379,3,97935428199,2502412,0
97.9405,3,97937984611,2502412,0
97.943,2,97940514617,2502412,0
97.9456,1,97943053623,2502412,0
97.9481,4,97945583629,2502412,0
97.9535,3,97950958647,2502412,0
97.956,4,97953488653,2502412,0
97.9585,2,97956027659,2502412,0
97.9586,2,97958557071,73000,1
97.9586,3,97958557665,73000,1
97.9611,1,97958646665,2502412,0
97.9613,1,97961194077,73000,1
97.9613,4,97961194671,73000,1
97.9638,3,97961301671,2502412,0
97.9689,2,97966415683,2502412,0
97.9715,3,97968954689,2502412,0
97.974,1,97971502695,2502412,0
97.9769,4,97974381107,2502412,0
97.9794,3,97976920113,2502412,0
97.9795,4,97979450119,73000,1
97.982,2,97979521119,2502412,0
97.9846,1,97982060125,2502412,0
97.9847,1,97984607537,73000,1
97.9847,2,97984608131,73000,1
97.9848,3,97984733131,73000,1
97.9848,4,97984733131,73000,1
97.9899,1,97987424137,2502412,0
97.9925,2,97989981143,2502412,0
97.995,3,97992511149,2502412,0
98.0001,1,97997589161,2502412,0
98.0026,2,98000119167,2502412,0
98.0055,3,98002955179,2502412,0
98.0083,1,98005843185,2502412,0
98.0134,3,98010912197,2502412,0
98.016,1,98013469203,2502412,0
98.0161,1,98015998615,73000,1
98.0161,2,98015999209,73000,1
98.0186,3,98016070209,2502412,0
98.0211,2,98018627215,2502412,0
98.0262,2,98023723227,2502412,0
98.0288,3,98026280233,2502412,0
98.0313,2,98028810239,2502412,0
98.0314,3,98031349245,73000,1
98.0314,4,98031349245,73000,1
98.0339,1,98031438245,2502412,0
98.0366,1,98036534257,73000,1
98.0366,2,98036534257,73000,1
98.0391,1,98036641257,2502412,0
98.0417,1,98039206669,2502412,0
98.0442,3,98041745675,2502412,0
98.0468,3,98044275087,2502412,0
98.0519,2,98049362099,2502412,0
98.0547,3,98052207111,2502412,0
98.0572,2,98054737117,2502412,0
98.0598,2,98057266529,2502412,0
98.0623,1,98059796535,2502412,0
98.0649,1,98062361947,2502412,0
98.0675,2,98067439959,73000,1
98.0675,3,98067439959,73000,1
98.0701,1,98067555959,2502412,0
98.0727,1,98070148371,2502412,0
98.0781,1,98075584383,2502412,0
98.0782,1,98078158795,73000,1
98.0782,3,98078159389,73000,1
98.0808,2,98078248389,2502412,0
98.0833,1,98080814395,2502412,0
98.0884,1,98085919407,2502412,0
98.091,1,98088448819,2502412,0
98.0935,2,98090996825,2502412,0
98.0986,4,98096101837,2502412,0
98.1012,1,98098658843,2502412,0
98.104,2,98101512855,2502412,0
98.1094,1,98106912273,2502412,0
98.112,4,98109469279,2502412,0
98.1145,2,98111999285,2502412,0
98.1147,4,98114583291,73000,1
98.1172,1,98114681291,2502412,0
98.1197,4,98117211297,2502412,0
98.1198,1,98119759303,73000,1
98.1198,2,98119759303,73000,1
98.1199,3,98119866303,73000,1
98.1225,2,98119973303,2502412,0
98.1226,4,98122521309,73000,1
98.1226,3,98122521309,73000,1
98.1251,2,98122619309,2502412,0
98.1302,1,98127697321,2502412,0
98.1328,4,98130254327,2502412,0
98.1329,1,98132829333,73000,1
98.1329,2,98132829333,73000,1
98.1354,2,98132902333,2502412,0
98.138,4,98135450339,2502412,0
98.1405,2,98137980345,2502412,0
98.143,1,98140519351,2502412,0
98.1456,1,98143048763,2502412,0
98.1481,2,98145578769,2502412,0
98.1535,1,98150962787,2502412,0
98.156,1,98153519199,2502412,0
98.1586,2,98156058205,2502412,0
98.1611,4,98158588211,2502412,0
98.1636,1,98161136217,2502412,0
98.1662,1,98163710629,2502412,0
98.1713,2,98168779641,2502412,0
98.1738,4,98171336647,2502412,0
98.1764,2,98173866653,2502412,0
98.1789,4,98176396659,2502412,0
98.1818,1,98179257071,2502412,0
98.1843,1,98181795483,2502412,0
98.1894,2,98186900495,2502412,0
98.1919,4,98189439501,2502412,0
98.1945,1,98191987507,2502412,0
98.1946,1,98194534919,73000,1
98.1946,4,98194535513,73000,1
98.1971,4,98194615513,2502412,0
98.1997,4,98197162925,2502412,0
98.2022,2,98199692931,2502412,0
98.205,4,98202528943,2502412,0
98.2101,2,98207588955,2502412,0
98.213,4,98210458961,2502412,0
98.2155,2,98213024967,2502412,0
98.2181,2,98215572379,2502412,0
98.2206,3,98218129385,2502412,0
98.2232,3,98220667797,2502412,0
98.2233,4,98223206803,73000,1
98.2258,3,98223277803,2502412,0
98.2283,1,98225807809,2502412,0
98.2284,1,98228364221,73000,1
98.2284,2,98228364815,73000,1
98.2309,4,98228435815,2502412,0
98.2335,3,98230965821,2502412,0
98.2386,4,98236115833,2502412,0
98.2412,3,98238654839,2502412,0
98.2438,2,98241265845,2502412,0
98.2439,4,98243804851,73000,1
98.2464,3,98243884851,2502412,0
98.2489,1,98246414857,2502412,0
98.2515,4,98248953863,2502412,0
98.2516,3,98251483869,73000,1
98.2541,2,98251554869,2502412,0
98.2566,2,98254093281,2502412,0
98.2591,3,98256623287,2502412,0
98.2596,1,98259477299,73000,1
98.2621,4,98259584299,2502412,0
98.2646,2,98262132305,2502412,0
98.2672,2,98264661717,2502412,0
98.2697,3,98267200723,2502412,0
98.2722,4,98269730729,2502412,0
98.2724,4,98272314141,73000,1
98.2725,2,98272385735,73000,1
98.2725,1,98272385735,73000,1
98.2775,3,98275022741,2502412,0
98.2777,3,98277642153,73000,1
98.2803,2,98277749747,2502412,0
98.2831,2,98280601159,2502412,0
98.2856,3,98283131165,2502412,0
98.2882,1,98285661171,2502412,0
98.2883,3,98288191177,73000,1
98.2908,2,98288262177,2502412,0
98.2933,4,98290792183,2502412,0
98.2959,1,98293376189,2502412,0
98.296,1,98295914601,73000,1
98.296,2,98295915195,73000,1
98.2985,4,98295995195,2502412,0
98.301,2,98298525201,2502412,0
98.3065,2,98303990219,2502412,0
98.309,4,98306529225,2502412,0
98.3091,2,98309059231,73000,1
98.3091,1,98309059231,73000,1
98.3116,3,98309130231,2502412,0
98.317,2,98314530243,2502412,0
98.3196,4,98317087249,2502412,0
98.3222,3,98319662255,2502412,0
98.3223,2,98322210261,73000,1
98.3248,4,98322299261,2502412,0
98.3274,1,98324856267,2502412,0
98.3299,2,98327386273,2502412,0
98.3324,1,98329916279,2502412,0
98.3349,3,98332446285,2502412,0
98.34,4,98337524297,2502412,0
98.3426,1,98340072303,2502412,0
98.3451,2,98342647309,2502412,0
98.3453,1,98345177315,73000,1
98.3453,3,98345177315,73000,1
98.3478,4,98345248315,2502412,0
98.3503,4,98347786727,2502412,0
98.3528,4,98350316139,2502412,0
98.3582,2,98355691157,2502412,0
98.3608,3,98358257163,2502412,0
98.3609,2,98360787169,73000,1
98.3609,1,98360787169,73000,1
98.3634,4,98360894169,2502412,0
98.366,4,98363450581,2502412,0
98.371,4,98368528593,2502412,0
98.3736,3,98371058599,2502412,0
98.3761,4,98373597605,2502412,0
98.3787,3,98376190611,2502412,0
98.3812,3,98378729023,2502412,0
98.3866,2,98384110441,2502412,0
98.3891,2,98386639853,2502412,0
98.3917,4,98389169859,2502412,0
98.3942,3,98391726865,2502412,0
98.3968,2,98394256871,2502412,0
98.3993,1,98396795877,2502412,0
98.3994,4,98399361883,73000,1
98.4019,3,98399441883,2502412,0
98.402,1,98401971889,73000,1
98.4046,3,98402051889,2502412,0
98.4047,3,98404590301,73000,1
98.4047,2,98404590895,73000,1
98.4075,1,98404976901,2502412,0
98.4076,1,98407506313,73000,1
98.4076,3,98407506907,73000,1
98.4101,4,98407577907,2502412,0
98.4126,2,98410116913,2502412,0
98.4155,4,98412977919,2502412,0
98.4156,4,98415516331,73000,1
98.4181,2,98415641925,2502412,0
98.4207,2,98418225337,2502412,0
98.4233,2,98420763749,2502412,0
98.4258,4,98423311755,2502412,0
98.4309,2,98428389767,2502412,0
98.4334,1,98430919773,2502412,0
98.436,3,98433449779,2502412,0
98.4361,3,98435979191,73000,1
98.4361,2,98435979785,73000,1
98.4386,4,98436050785,2502412,0
98.4412,4,98438652197,2502412,0
98.4462,1,98443712209,2502412,0
98.4488,4,98446296215,2502412,0
98.4514,4,98448861627,2502412,0
98.4542,1,98451697639,2502412,0
98.4567,2,98454227645,2502412,0
98.4618,2,98459305657,2502412,0
98.4619,4,98461835663,73000,1
98.4619,3,98461835663,73000,1
98.4645,1,98461978663,2502412,0
98.467,1,98464535075,2502412,0
98.4721,2,98469595087,2502412,0
98.4722,2,98472160499,73000,1
98.4722,4,98472161093,73000,1
98.4748,1,98472286093,2502412,0
98.4799,1,98477382105,2502412,0
98.4824,1,98479929517,2502412,0
98.485,1,98482467929,2502412,0
98.4878,2,98485319341,2502412,0
98.4904,1,98487849347,2502412,0
98.4954,4,98492927359,2502412,0
98.498,1,98495457365,2502412,0
98.5005,2,98498023371,2502412,0
98.5034,1,98500877383,2502412,0
98.5059,2,98503407389,2502412,0
98.5084,4,98505937395,2502412,0
98.511,4,98508466807,2502412,0
98.516,3,98513526819,2502412,0
98.5189,2,98516378825,2502412,0
98.5214,4,98518908831,2502412,0
98.524,1,98521456837,2502412,0
98.5265,2,98523995843,2502412,0
98.529,3,98526525849,2502412,0
98.5316,2,98529055855,2502412,0
98.5341,3,98531594861,2502412,0
98.5366,3,98534124273,2502412,0
98.5392,1,98536672279,2502412,0
98.5393,3,98539202285,73000,1
98.5393,4,98539202285,73000,1
98.5443,2,98541830291,2502412,0
98.5469,2,98544359703,2502412,0
98.5494,2,98546907115,2502412,0
98.5496,1,98549482121,73000,1
98.5496,4,98549482121,73000,1
98.5521,2,98549562121,2502412,0
98.5549,3,98552425133,2502412,0
98.555,2,98554973139,73000,1
98.555,1,98554973139,73000,1
98.5602,3,98557655145,2502412,0
98.5627,4,98560212151,2502412,0
98.5654,3,98565353163,73000,1
98.5654,2,98565353163,73000,1
98.568,4,98565451163,2502412,0
98.5731,4,98570610175,2502412,0
98.5732,4,98573166587,73000,1
98.5758,1,98573283181,2502412,0
98.5759,1,98575839593,73000,1
98.5759,3,98575840187,73000,1
98.5784,3,98575938187,2502412,0
98.581,1,98578495193,2502412,0
98.5835,2,98581025199,2502412,0
98.5889,4,98586416211,2502412,0
98.5891,2,98588982217,73000,1
98.5891,1,98588982217,73000,1
98.5916,3,98589062217,2502412,0
98.5941,3,98591591629,2502412,0
98.5966,4,98594121635,2502412,0
98.6017,3,98599226647,2502412,0
98.6018,1,98601765653,73000,1
98.6047,2,98602171659,2502412,0
98.6072,4,98604710665,2502412,0
98.6073,4,98607240077,73000,1
98.6073,3,98607240671,73000,1
98.6124,4,98609877677,2502412,0
98.6149,2,98612425683,2502412,0
98.6175,2,98614964095,2502412,0
98.6204,2,98617861101,2502412,0
98.6254,4,98622921113,2502412,0
98.628,3,98625478119,2502412,0
98.6305,2,98628017125,2502412,0
98.6331,2,98630555537,2502412,0
98.6332,3,98633112543,73000,1
98.6332,4,98633112543,73000,1
98.6382,2,98635731549,2502412,0
98.6408,1,98638297555,2502412,0
98.6433,3,98640836561,2502412,0
98.6459,2,98643411567,2502412,0
98.651,4,98648507579,2502412,0
98.6514,3,98651343591,73000,1
98.6514,1,98651343591,73000,1
98.6539,3,98651423591,2502412,0
98.6565,2,98653980597,2502412,0
98.659,2,98656510009,2502412,0
98.6615,4,98659040015,2502412,0
98.6616,2,98661570021,73000,1
98.6642,3,98661695021,2502412,0
98.6667,1,98664225027,2502412,0
98.6693,4,98666755033,2502412,0
98.6718,3,98669285039,2502412,0
98.6743,4,98671833045,2502412,0
98.6744,3,98674372051,73000,1
98.6744,1,98674372051,73000,1
98.6795,2,98676991057,2502412,0
98.6821,4,98679584063,2502412,0
98.6822,3,98682123069,73000,1
98.6822,1,98682123069,73000,1
98.6847,2,98682212069,2502412,0
98.6898,4,98687317081,2502412,0
98.6903,4,98690213493,73000,1
98.6903,2,98690213493,73000,1
98.6928,4,98690286493,2502412,0
98.6953,4,98692833905,2502412,0
98.7005,4,98697947917,2502412,0
98.703,1,98700486923,2502412,0
98.7059,4,98703349935,2502412,0
98.711,4,98708454947,2502412,0
98.7135,4,98711002359,2502412,0
98.716,1,98713532365,2502412,0
98.7186,2,98716062371,2502412,0
98.724,3,98721488789,2502412,0
98.7265,2,98724018795,2502412,0
98.7267,2,98726584207,73000,1
98.7267,3,98726584801,73000,1
98.7267,4,98726584801,73000,1
98.7292,1,98726655801,2502412,0
98.7317,1,98729185213,2502412,0
98.7368,4,98734263225,2502412,0
98.7393,4,98736792637,2502412,0
98.7419,1,98739412643,2502412,0
98.747,4,98744481655,2502412,0
98.7495,2,98747038661,2502412,0
98.7521,3,98749604667,2502412,0
98.7575,1,98754988685,2502412,0
98.7576,1,98757527097,73000,1
98.7576,4,98757527691,73000,1
98.7601,2,98757616691,2502412,0
98.7627,2,98760155103,2502412,0
98.7628,2,98762720515,73000,1
98.7628,3,98762721109,73000,1
98.7653,4,98762801109,2502412,0
98.7679,3,98765349115,2502412,0
98.7704,1,98767924121,2502412,0
98.7755,4,98773029133,2502412,0
98.7781,3,98775577139,2502412,0
98.7806,1,98778125145,2502412,0
98.7857,2,98783212157,2502412,0
98.7882,3,98785742163,2502412,0
98.7908,4,98788272169,2502412,0
98.7909,3,98790811175,73000,1
98.7909,1,98790811175,73000,1
98.7913,4,98791195181,73000,1
98.7913,3,98791195181,73000,1
98.7913,1,98791195181,73000,1
98.7938,2,98791293181,2502412,0
98.7989,1,98796407193,2502412,0
98.8015,1,98798972605,2502412,0
98.8016,1,98801502017,73000,1
98.8016,2,98801502611,73000,1
98.8044,2,98801897617,2502412,0
98.8095,4,98806984629,2502412,0
98.8096,4,98809550041,73000,1
98.8096,2,98809550635,73000,1
98.8121,3,98809630635,2502412,0
98.8147,3,98812169047,2502412,0
98.8198,1,98817265059,2502412,0
98.8223,3,98819822065,2502412,0
98.8252,3,98822674071,2502412,0
98.8277,3,98825203483,2502412,0
98.8303,1,98827778489,2502412,0
98.8353,3,98832847501,2502412,0
98.8379,2,98835386507,2502412,0
98.8404,3,98837934513,2502412,0
98.843,4,98840464519,2502412,0
98.8431,3,98843021525,73000,1
98.8431,2,98843021525,73000,1
98.8456,1,98843101525,2502412,0
98.8481,3,98845631531,2502412,0
98.8508,4,98850700543,73000,1
98.8536,1,98851106549,2502412,0
98.8562,3,98853663555,2502412,0
98.8587,1,98856202561,2502412,0
98.8639,1,98861352573,2502412,0
98.864,3,98863891579,73000,1
98.864,2,98863891579,73000,1
98.8665,4,98863971579,2502412,0
98.8716,1,98869121591,2502412,0
98.8742,4,98871669597,2502412,0
98.8793,4,98876774609,2502412,0
98.8818,3,98879322615,2502412,0
98.8844,1,98881852621,2502412,0
98.8869,2,98884382627,2502412,0
98.8894,3,98886921633,2502412,0
98.892,3,98889451045,2502412,0
98.8921,4,98891990051,73000,1
98.8922,3,98892097051,73000,1
98.8922,2,98892097051,73000,1
98.8922,1,98892097051,73000,1
98.8947,3,98892204051,2502412,0
98.8975,3,98895046463,2502412,0
98.9001,4,98897576469,2502412,0
98.9029,3,98900430481,2502412,0
98.9081,4,98905571493,2502412,0
98.9106,3,98908110499,2502412,0
98.9132,3,98910675911,2502412,0
98.9133,4,98913205917,73000,1
98.9158,2,98913285917,2502412,0
98.9159,3,98915815923,73000,1
98.9159,1,98915815923,73000,1
98.9185,2,98915949923,2502412,0
98.9236,4,98921081935,2502412,0
98.9261,2,98923638941,2502412,0
98.9315,2,98929020953,2502412,0
98.9341,3,98931568959,2502412,0
98.9366,4,98934098965,2502412,0
98.9417,4,98939212977,2502412,0
98.9443,2,98941751983,2502412,0
98.9468,3,98944290989,2502412,0
98.9493,1,98946829995,2502412,0
98.9519,4,98949360001,2502412,0
98.9547,4,98952214013,2502412,0
98.9573,4,98957274025,73000,1
98.9573,1,98957274025,73000,1
98.9599,3,98957354025,2502412,0
98.9624,2,98959902031,2502412,0
98.9626,2,98962485443,73000,1
98.9626,3,98962486037,73000,1
98.9677,3,98965168043,2502412,0
98.9702,1,98967707049,2502412,0
98.9727,4,98970237055,2502412,0
98.9753,1,98972767061,2502412,0
98.9778,2,98975324067,2502412,0
98.9804,4,98977854073,2502412,0
98.983,4,98982923085,73000,1
98.983,3,98982923085,73000,1
98.9856,1,98983048085,2502412,0
98.9881,2,98985587091,2502412,0
98.9906,3,98988126097,2502412,0
98.9933,1,98993258109,73000,1
98.9933,4,98993258109,73000,1
98.9934,3,98993347109,73000,1
98.9934,2,98993347109,73000,1
98.9959,1,98993427109,2502412,0
98.9988,1,98996278521,2502412,0
99.0042,1,99001707539,2502412,0
99.0067,1,99004245951,2502412,0
99.0093,2,99006775957,2502412,0
99.0118,3,99009305963,2502412,0
99.0143,3,99011844375,2502412,0
99.0194,3,99016940387,2502412,0
99.022,4,99019479393,2502412,0
99.0245,4,99022008805,2502412,0
99.027,1,99024538811,2502412,0
99.0299,2,99027390817,2502412,0
99.0324,2,99029938229,2502412,0
99.0326,1,99032504235,73000,1
99.0326,4,99032504235,73000,1
99.0352,2,99035105241,73000,1
99.0352,3,99035105241,73000,1
99.0377,4,99035185241,2502412,0
99.0402,4,99037723653,2502412,0
99.0428,2,99040262659,2502412,0
99.0453,3,99042801665,2502412,0
99.0478,4,99045331671,2502412,0
99.0504,1,99047861677,2502412,0
99.0532,3,99050724689,2502412,0
99.0558,2,99053254695,2502412,0
99.0583,1,99055784701,2502412,0
99.0608,2,99058314707,2502412,0
99.0659,4,99063383719,2502412,0
99.0684,1,99065931725,2502412,0
99.071,3,99068479731,2502412,0
99.0711,3,99071036143,73000,1
99.0711,1,99071036737,73000,1
99.0736,2,99071116737,2502412,0
99.0761,4,99073646743,2502412,0
99.0787,1,99076194749,2502412,0
99.0812,2,99078733755,2502412,0
99.0863,4,99083829767,2502412,0
99.0889,2,99086359773,2502412,0
99.0914,2,99088907185,2502412,0
99.0939,2,99091436597,2502412,0
99.0965,1,99093966603,2502412,0
99.099,2,99096523609,2502412,0
99.0994,2,99099375021,73000,1
99.0994,3,99099375021,73000,1
99.102,4,99099464021,2502412,0
99.1045,1,99101994027,2502412,0
99.1099,3,99107396045,2502412,0
99.1124,2,99109926051,2502412,0
99.115,4,99112483057,2502412,0
99.1151,4,99115012469,73000,1
99.1151,1,99115013063,73000,1
99.1176,2,99115093063,2502412,0
99.1201,2,99117622475,2502412,0
99.1227,3,99120197481,2502412,0
99.1252,1,99122727487,2502412,0
99.1278,3,99125257493,2502412,0
99.1303,3,99127786905,2502412,0
99.1333,3,99133177917,73000,1
99.1333,2,99133177917,73000,1
99.1358,4,99133266917,2502412,0
99.1383,1,99135814923,2502412,0
99.1409,1,99138353335,2502412,0
99.141,4,99140892341,73000,1
99.141,3,99140892341,73000,1
99.1435,1,99140963341,2502412,0
99.146,1,99143501753,2502412,0
99.1486,4,99146058759,2502412,0
99.1511,4,99148606171,2502412,0
99.1512,1,99151136177,73000,1
99.1512,2,99151136177,73000,1
99.1514,1,99151323177,73000,1
99.1539,3,99151394177,2502412,0
99.1567,4,99154239189,2502412,0
99.1594,4,99156849601,2502412,0
99.1619,4,99159379013,2502412,0
99.1644,3,99161927019,2502412,0
99.1696,4,99167059031,2502412,0
99.1697,4,99169624443,73000,1
99.1697,3,99169625037,73000,1
99.1748,1,99172325043,2502412,0
99.1774,1,99174854455,2502412,0
99.1775,2,99177393461,73000,1
99.1776,1,99177500461,73000,1
99.1776,4,99177500461,73000,1
99.1776,3,99177500461,73000,1
99.1827,1,99180218467,2502412,0
99.1904,1,99187906891,2502412,0
99.1955,1,99193029903,2502412,0
99.1981,1,99195613315,2502412,0
99.2038,3,99201319333,2502412,0
99.2064,1,99203849339,2502412,0
99.2089,4,99206388345,2502412,0
99.2114,1,99208927351,2502412,0
99.214,2,99211457357,2502412,0
99.2166,1,99216544369,73000,1
99.2166,4,99216544369,73000,1
99.2191,3,99216624369,2502412,0
99.2193,3,99219198781,73000,1
99.2193,1,99219199375,73000,1
99.2218,2,99219270375,2502412,0
99.2219,2,99221844787,73000,1
99.2244,3,99221943381,2502412,0
99.2272,3,99227102393,73000,1
99.2272,4,99227102393,73000,1
99.2297,2,99227173393,2502412,0
99.2322,2,99229729805,2502412,0
99.2352,2,99235174817,73000,1
99.2352,1,99235174817,73000,1
99.2378,1,99235263817,2502412,0
99.2379,1,99237802229,73000,1
99.2379,2,99237802823,73000,1
99.2429,3,99240421829,2502412,0
99.2431,3,99243032241,73000,1
99.2456,1,99243112835,2502412,0
99.2482,2,99245669841,2502412,0
99.2507,1,99248217847,2502412,0
99.2537,1,99251160859,2502412,0
99.2562,4,99253699865,2502412,0
99.2587,2,99256238871,2502412,0
99.2638,3,99261334883,2502412,0
99.2664,1,99263864889,2502412,0
99.2689,3,99266403895,2502412,0
99.2714,2,99268942901,2502412,0
99.274,4,99271490907,2502412,0
99.2791,1,99276604919,2502412,0
99.2816,2,99279143925,2502412,0
99.2842,3,99281673931,2502412,0
99.2867,4,99284212937,2502412,0
99.2892,4,99286742349,2502412,0
99.2918,2,99289281355,2502412,0
99.2943,1,99291829361,2502412,0
99.297,4,99296907373,73000,1
99.297,3,99296907373,73000,1
99.2971,2,99296987373,73000,1
99.2971,3,99296987373,73000,1
99.2971,1,99297067373,73000,1
99.2971,2,99297067373,73000,1
99.3024,4,99299848379,2502412,0
99.3052,3,99302684391,2502412,0
99.3056,4,99305526803,73000,1
99.3056,1,99305526803,73000,1
99.3057,3,99305606803,73000,1
99.3082,4,99305677803,2502412,0
99.3108,2,99308297809,2502412,0
99.3159,1,99313375821,2502412,0
99.3184,4,99315905827,2502412,0
99.3209,2,99318435833,2502412,0
99.3235,4,99320965839,2502412,0
99.3236,4,99323513251,73000,1
99.3236,3,99323513845,73000,1
99.3287,1,99326150851,2502412,0
99.3312,1,99328707263,2502412,0
99.3337,2,99331246269,2502412,0
99.3339,2,99333793681,73000,1
99.3339,1,99333794275,73000,1
99.3364,4,99333865275,2502412,0
99.3418,2,99339256287,2502412,0
99.3443,1,99341831293,2502412,0
99.3469,1,99344387705,2502412,0
99.3494,4,99346926711,2502412,0
99.352,2,99349465717,2502412,0
99.3573,1,99354840735,2502412,0
99.3599,2,99357388741,2502412,0
99.3625,1,99359954747,2502412,0
99.365,4,99362493753,2502412,0
99.3675,2,99365041759,2502412,0
99.3676,1,99367571765,73000,1
99.3702,2,99367669765,2502412,0
99.3727,3,99370226771,2502412,0
99.3753,3,99372756183,2502412,0
99.3778,4,99375286189,2502412,0
99.3779,2,99377861195,73000,1
99.3779,1,99377861195,73000,1
99.3805,3,99377968195,2502412,0
99.383,4,99380498201,2502412,0
99.3881,3,99385630213,2502412,0
99.3907,4,99388169219,2502412,0
99.3908,4,99390752631,73000,1
99.3908,1,99390753225,73000,1
99.3959,3,99393363231,2502412,0
99.3984,2,99395911237,2502412,0
99.401,2,99398449649,2502412,0
99.4011,3,99400979655,73000,1
99.4039,4,99401383661,2502412,0
99.4093,1,99406792673,2502412,0
99.4118,1,99409322085,2502412,0
99.4119,4,99411870091,73000,1
99.4119,2,99411870091,73000,1
99.4119,3,99411870091,73000,1
99.4145,1,99411950091,2502412,0
99.417,1,99414524503,2502412,0
99.4196,1,99417053915,2502412,0
99.4247,4,99422176927,2502412,0
99.4272,2,99424706933,2502412,0
99.4298,1,99427254939,2502412,0
99.4323,4,99429811945,2502412,0
99.4348,2,99432341951,2502412,0
99.4402,1,99437714369,2502412,0
99.4428,1,99440252781,2502412,0
99.4453,4,99442791787,2502412,0
99.4479,2,99445366793,2502412,0
99.448,2,99447923205,73000,1
99.448,3,99447923799,73000,1
99.4506,3,99450524805,73000,1
99.4531,1,99450604805,2502412,0
99.4556,4,99453143811,2502412,0
99.4585,1,99456006823,2502412,0
99.461,1,99458536235,2502412,0
99.4636,4,99461075241,2502412,0
99.4661,1,99463623247,2502412,0
99.4712,2,99468710259,2502412,0
99.4737,1,99471240265,2502412,0
99.4763,2,99473770271,2502412,0
99.4788,4,99476327277,2502412,0
99.4814,1,99478893283,2502412,0
99.4839,1,99481431695,2502412,0
99.4841,2,99483988701,73000,1
99.4866,4,99484086701,2502412,0
99.4891,4,99486625113,2502412,0
99.4917,1,99489191119,2502412,0
99.4918,1,99491738531,73000,1
99.4918,4,99491739125,73000,1
99.4969,2,99494367131,2502412,0
99.4994,4,99496906137,2502412,0
99.5019,2,99499445143,2502412,0
99.5074,2,99504901161,2502412,0
99.5099,4,99507431167,2502412,0
99.5128,1,99510282579,2502412,0
99.5129,4,99512821585,73000,1
99.5129,2,99512821585,73000,1
99.513,4,99512955585,73000,1
99.5155,1,99513044585,2502412,0
99.5207,1,99518203597,2502412,0
99.5208,3,99520760603,73000,1
99.5208,2,99520760603,73000,1
99.5234,4,99520849603,2502412,0
99.5285,1,99525954615,2502412,0
99.531,1,99528484027,2502412,0
99.5335,4,99531032033,2502412,0
99.5362,4,99536155045,73000,1
99.5362,1,99536155045,73000,1
99.5387,4,99536244045,2502412,0
99.5413,4,99538782457,2502412,0
99.5467,4,99544209469,2502412,0
99.5494,4,99549368481,73000,1
99.5494,3,99549368481,73000,1
99.5494,2,99549368481,73000,1
99.552,1,99549457481,2502412,0
99.5549,4,99552429493,2502412,0
99.5575,1,99554959499,2502412,0
99.56,1,99557488911,2502412,0
99.5651,4,99562584923,2502412,0
99.5676,1,99565132929,2502412,0
99.5728,4,99570264941,2502412,0
99.5753,1,99572821947,2502412,0
99.5779,1,99575360359,2502412,0
99.578,4,99577926365,73000,1
99.5805,1,99578015365,2502412,0
99.5831,1,99580607777,2502412,0
99.5858,1,99585739789,73000,1
99.5858,4,99585739789,73000,1
99.5935,1,99590978207,2502412,0
99.596,1,99593525619,2502412,0
99.6012,1,99598675631,2502412,0
99.6042,1,99604131649,73000,1
99.6042,4,99604131649,73000,1
99.6119,2,99609379067,2502412,0
99.6147,2,99612239479,2502412,0
99.6174,2,99617335491,73000,1
99.6174,1,99617335491,73000,1
99.6226,2,99620062497,2502412,0
99.6251,1,99622592503,2502412,0
99.6302,2,99627742515,2502412,0
99.6328,1,99630281521,2502412,0
99.6379,2,99635395533,2502412,0
99.6404,1,99637934539,2502412,0
99.643,1,99640463951,2502412,0
99.6484,2,99645908963,2502412,0
99.651,1,99648456969,2502412,0
99.6511,4,99650995975,73000,1
99.6511,1,99651066975,73000,1
99.6511,2,99651066975,73000,1
99.654,2,99651506981,2502412,0
99.6541,2,99654072393,73000,1
99.6542,4,99654161987,73000,1
99.6542,1,99654161987,73000,1
99.6593,2,99656843993,2502412,0
99.6645,2,99661994005,2502412,0
99.6671,2,99664559417,2502412,0
99.6721,2,99669646429,2502412,0
99.6747,1,99672176435,2502412,0
99.6772,2,99674733441,2502412,0
99.6798,1,99677263447,2502412,0
99.6848,1,99682341459,2502412,0
99.6874,1,99684942871,2502412,0
99.69,2,99687472877,2502412,0
99.6925,2,99690002289,2502412,0
99.6976,2,99695125301,2502412,0
99.7002,1,99697682307,2502412,0
99.7006,2,99700545319,73000,1
99.7032,1,99700697319,2502412,0
99.7059,1,99705856331,73000,1
99.7059,2,99705856331,73000,1
99.7084,1,99705936331,2502412,0
99.711,1,99708510743,2502412,0
99.7164,1,99713937755,2502412,0
99.7166,2,99716503761,73000,1
99.7191,1,99716619761,2502412,0
99.7217,1,99719149173,2502412,0
99.7268,1,99724308185,2502412,0
99.7319,1,99729395197,2502412,0
99.737,1,99734536209,2502412,0
99.7396,1,99737083621,2502412,0
99.7447,1,99742233633,2502412,0
99.7502,1,99747696645,2502412,0
99.7557,1,99753232663,2502412,0
99.7583,1,99755762075,2502412,0
99.7634,1,99760921087,2502412,0
99.7711,1,99768627511,2502412,0
99.7737,1,99771192923,2502412,0
99.7788,2,99776270935,2502412,0
99.7814,2,99778854347,2502412,0
99.7815,1,99781411353,73000,1
99.784,2,99781482353,2502412,0
99.7866,2,99784047765,2502412,0
99.7917,2,99789206777,2502412,0
99.7943,2,99791763189,2502412,0
99.7994,1,99796886201,2502412,0
99.8019,1,99799415613,2502412,0
99.8073,2,99804799631,2502412,0
99.8099,1,99807356637,2502412,0
99.8124,2,99809931643,2502412,0
99.815,2,99812461055,2502412,0
99.8154,2,99815303467,73000,1
99.8179,2,99815410467,2502412,0
99.8205,1,99817958473,2502412,0
99.823,1,99820514885,2502412,0
99.8231,2,99823062891,73000,1
99.8256,1,99823133891,2502412,0
99.8282,1,99825690303,2502412,0
99.8333,1,99830831315,2502412,0
99.8359,4,99833415321,2502412,0
99.841,4,99838484333,2502412,0
99.8435,2,99841032339,2502412,0
99.8461,1,99843562345,2502412,0
99.8486,4,99846092351,2502412,0
99.8515,2,99848962357,2502412,0
99.854,1,99851492363,2502412,0
99.8569,2,99854437375,2502412,0
99.857,1,99856976381,73000,1
99.857,4,99856976381,73000,1
99.8596,2,99857119381,2502412,0
99.8597,2,99859657793,73000,1
99.8623,1,99859774387,2502412,0
99.8648,1,99862321799,2502412,0
99.8699,4,99867444811,2502412,0
99.8725,1,99870028817,2502412,0
99.8726,1,99872567229,73000,1
99.8726,2,99872567823,73000,1
99.8752,4,99872656823,2502412,0
99.8803,4,99877806835,2502412,0
99.8855,4,99882965847,2502412,0
99.8856,4,99885522259,73000,1
99.8856,1,99885522853,73000,1
99.8881,1,99885620853,2502412,0
99.8907,4,99888150859,2502412,0
99.8932,2,99890689865,2502412,0
99.8983,4,99895803877,2502412,0
99.9008,2,99898342883,2502412,0
99.9034,1,99900881889,2502412,0
99.9088,1,99906301907,2502412,0
99.9114,4,99908858913,2502412,0
99.9139,2,99911397919,2502412,0
99.9166,4,99916502931,73000,1
99.9166,1,99916502931,73000,1
99.9191,2,99916600931,2502412,0
99.9246,2,99922099349,2502412,0
99.9297,1,99927186361,2502412,0
99.9298,2,99929752367,73000,1
99.9298,4,99929752367,73000,1
99.9299,4,99929825367,73000,1
99.9325,1,99929968367,2502412,0
99.9352,1,99935127379,73000,1
99.9377,2,99935216379,2502412,0
99.9429,1,99940348391,2502412,0
99.9454,4,99942896397,2502412,0
99.9455,2,99945444403,73000,1
99.948,1,99945515403,2502412,0
99.9481,1,99948044815,73000,1
99.9481,4,99948045409,73000,1
99.9507,2,99948161409,2502412,0
99.9564,1,99953885427,2502412,0
99.9589,2,99956433433,2502412,0
99.9615,1,99958990439,2502412,0
99.9666,4,99964086451,2502412,0
99.9691,2,99966616457,2502412,0
99.9692,2,99969163869,73000,1
99.9692,1,99969164463,73000,1
99.9694,4,99969280463,73000,1
99.9745,4,99971998469,2502412,0
99.977,2,99974528475,2502412,0
99.9796,4,99977058481,2502412,0
99.9821,2,99979588487,2502412,0
99.9846,1,99982136493,2502412,0
99.9847,2,99984666499,73000,1
99.9873,4,99984773499,2502412,0
99.9898,4,99987320911,2502412,0
99.9924,1,99989886917,2502412,0
99.9975,1,99994991929,2502412,0
100,4,99997548935,2502412,0
100.003,4,100000078347,2502412,0
100.003,4,100002607759,73000,1
100.005,1,100002688353,2502412,0
100.005,4,100005218359,73000,1
100.008,2,100005289359,2502412,0
100.01,2,100007827771,2502412,0
100.013,4,100010726783,2502412,0
100.016,1,100013265789,2502412,0
100.021,2,100018352801,2502412,0
100.024,4,100021240213,2502412,0
100.026,1,100023779219,2502412,0
100.029,2,100026318225,2502412,0
100.031,4,100028866231,2502412,0
100.036,1,100033980243,2502412,0
100.039,2,100036510249,2502412,0
100.042,4,100039058255,2502412,0
100.044,4,100041596667,2502412,0
100.044,4,100044135079,73000,1
100.044,2,100044135673,73000,1
100.049,1,100046754679,2502412,0
100.052,1,100049383091,2502412,0
100.055,1,100052668103,2502412,0
100.058,4,100055198109,2502412,0
100.058,2,100057746115,73000,1
100.06,1,100057835115,2502412,0
100.063,4,100060365121,2502412,0
100.065,1,100062913127,2502412,0
100.068,1,100065469539,2502412,0
100.073,4,100070592551,2502412,0
100.076,4,100073157963,2502412,0
100.078,4,100075687375,2502412,0
100.081,1,100078217381,2502412,0
100.086,4,100083277393,2502412,0
100.088,2,100085861399,2502412,0
100.088,2,100088408811,73000,1
100.088,4,100088409405,73000,1
100.091,3,100088489405,2502412,0
100.094,2,100091019411,2502412,0
100.094,1,100093549417,73000,1
100.096,2,100093647417,2502412,0
100.099,3,100096213423,2502412,0
100.101,1,100098743429,2502412,0
100.104,3,100101273435,2502412,0
100.109,4,100106675453,2502412,0
100.112,2,100109205459,2502412,0
100.112,3,100111762465,73000,1
100.112,1,100111762465,73000,1
100.114,2,100111887465,2502412,0
100.117,4,100114426471,2502412,0
100.117,2,100116956477,73000,1
100.12,3,100117054477,2502412,0
100.122,2,100119656483,2502412,0
100.125,4,100122507895,2502412,0
100.128,3,100127567907,73000,1
100.128,1,100127567907,73000,1
100.13,2,100127638907,2502412,0
100.133,2,100130186319,2502412,0
100.135,2,100132760731,2502412,0
100.14,4,100137838743,2502412,0
100.143,2,100140368749,2502412,0
100.145,1,100142925755,2502412,0
100.146,4,100145482761,73000,1
100.146,3,100145482761,73000,1
100.148,2,100145553761,2502412,0
100.151,2,100148083173,2502412,0
100.156,1,100153771191,2502412,0
100.159,1,100156309603,2502412,0
100.161,1,100158848015,2502412,0
100.164,2,100161378021,2502412,0
100.166,1,100163926027,2502412,0
100.169,3,100166474033,2502412,0
100.169,1,100169004039,73000,1
100.169,2,100169004039,73000,1
100.172,2,100169084039,2502412,0
100.177,4,100174162051,2502412,0
100.179,2,100176701057,2502412,0
100.182,3,100179249063,2502412,0
100.184,4,100181815069,2502412,0
100.187,1,100184354075,2502412,0
100.189,4,100186884081,2502412,0
100.192,2,100189423087,2502412,0
100.194,3,100191953093,2502412,0
100.197,1,100194501099,2502412,0
100.2,3,100199588111,73000,1
100.2,4,100199588111,73000,1
100.202,2,100199668111,2502412,0
100.205,2,100202522123,2502412,0
100.208,1,100205079129,2502412,0
100.21,2,100207654135,2502412,0
100.213,1,100210184141,2502412,0
100.218,1,100215271153,2502412,0
100.22,2,100217837159,2502412,0
100.223,1,100220367165,2502412,0
100.223,3,100222915171,73000,1
100.223,4,100222915171,73000,1
100.225,1,100222986171,2502412,0
100.228,1,100225828583,2502412,0
100.231,3,100230951595,73000,1
100.231,2,100230951595,73000,1
100.234,1,100231031595,2502412,0
100.234,1,100233651007,73000,1
100.236,4,100233722601,2502412,0
100.239,4,100236324013,2502412,0
100.244,2,100241402025,2502412,0
100.244,4,100244004031,73000,1
100.244,1,100244004031,73000,1
100.249,2,100246623037,2502412,0
100.252,2,100249215449,2502412,0
100.257,2,100254653467,2502412,0
100.258,4,100257514473,73000,1
100.26,2,100257675473,2502412,0
100.265,2,100262762485,2502412,0
100.268,4,100265292491,2502412,0
100.27,2,100267822497,2502412,0
100.275,2,100272945509,2502412,0
100.278,4,100275493515,2502412,0
100.281,2,100278032521,2502412,0
100.283,2,100280561933,2502412,0
100.283,4,100283100939,73000,1
100.283,1,100283189939,73000,1
100.283,4,100283189939,73000,1
100.283,3,100283260939,73000,1
100.283,4,100283262939,73000,1
100.286,2,100283351939,2502412,0
100.291,2,100288501951,2502412,0
100.294,2,100291067363,2502412,0
100.296,4,100293597369,2502412,0
100.299,4,100296135781,2502412,0
100.302,4,100301555799,73000,1
100.302,2,100301555799,73000,1
100.309,2,100306848217,2502412,0
100.312,4,100309378223,2502412,0
100.314,2,100311944229,2502412,0
100.32,2,100317022241,2502412,0
100.322,4,100319588247,2502412,0
100.325,2,100322118253,2502412,0
100.33,4,100327563265,2502412,0
100.33,2,100330111271,73000,1
100.33,1,100330111271,73000,1
100.333,4,100330200271,2502412,0
100.338,2,100335269283,2502412,0
100.34,4,100337799289,2502412,0
100.34,4,100340364701,73000,1
100.34,2,100340365295,73000,1
100.343,2,100340454295,2502412,0
100.348,4,100345568307,2502412,0
100.351,2,100348152313,2502412,0
100.356,4,100353536331,2502412,0
100.359,2,100356075337,2502412,0
100.361,2,100358945343,2502412,0
100.364,4,100361484349,2502412,0
100.369,3,100366580361,2502412,0
100.372,3,100369109773,2502412,0
100.372,4,100371657779,73000,1
100.372,2,100371657779,73000,1
100.374,4,100371764779,2502412,0
100.379,3,100376869791,2502412,0
100.379,4,100379417797,73000,1
100.379,2,100379417797,73000,1
100.385,3,100382108803,2502412,0
100.387,3,100384638215,2502412,0
100.39,3,100387203627,2502412,0
100.395,3,100392299639,2502412,0
100.397,4,100394838645,2502412,0
100.4,3,100397377651,2502412,0
100.4,3,100399952063,73000,1
100.403,4,100400356663,2502412,0
100.405,1,100402949669,2502412,0
100.411,4,100408009681,2502412,0
100.413,2,100410575687,2502412,0
100.413,2,100413105099,73000,1
100.413,3,100413105693,73000,1
100.418,1,100415760699,2502412,0
100.421,4,100418299705,2502412,0
100.423,1,100420829711,2502412,0
100.426,2,100423368717,2502412,0
100.428,2,100425898129,2502412,0
100.431,1,100428446135,2502412,0
100.436,3,100433818553,2502412,0
100.439,2,100436357559,2502412,0
100.441,1,100438887565,2502412,0
100.444,4,100441444571,2502412,0
100.444,1,100443992577,73000,1
100.444,3,100443992577,73000,1
100.447,2,100444072577,2502412,0
100.452,2,100449168589,2502412,0
100.455,4,100452040601,2502412,0
100.457,2,100454624607,2502412,0
100.46,1,100457154613,2502412,0
100.462,4,100459702619,2502412,0
100.468,1,100465075631,2502412,0
100.468,4,100467605637,73000,1
100.468,3,100467605637,73000,1
100.47,2,100467721637,2502412,0
100.473,1,100470269643,2502412,0
100.475,3,100472835649,2502412,0
100.478,2,100477913661,73000,1
100.478,4,100477913661,73000,1
100.481,1,100478011661,2502412,0
100.483,3,100480568667,2502412,0
100.488,1,100485691679,2502412,0
100.491,3,100488248685,2502412,0
100.493,1,100490796691,2502412,0
100.496,1,100495892703,73000,1
100.496,2,100495892703,73000,1
100.499,4,100495999703,2502412,0
100.501,3,100498538709,2502412,0
100.501,1,100501392721,73000,1
100.504,2,100501490721,2502412,0
100.507,4,100504038727,2502412,0
100.509,3,100506586733,2502412,0
100.512,4,100509143739,2502412,0
100.517,2,100514203751,2502412,0
100.519,2,100516796163,2502412,0
100.522,3,100519326169,2502412,0
100.524,2,100521856175,2502412,0
100.527,4,100524404181,2502412,0
100.532,4,100529464193,2502412,0
100.535,3,100532351605,2502412,0
100.537,2,100534881611,2502412,0
100.54,4,100537465617,2502412,0
100.545,1,100542525629,2502412,0
100.545,2,100545055635,73000,1
100.545,3,100545055635,73000,1
100.548,3,100545171635,2502412,0
100.548,4,100547755641,73000,1
100.55,1,100547826641,2502412,0
100.55,1,100550365053,73000,1
100.553,3,100550454647,2502412,0
100.553,3,100553308659,73000,1
100.553,2,100553308659,73000,1
100.558,1,100555954665,2502412,0
100.561,1,100558493077,2502412,0
100.564,2,100561050083,2502412,0
100.569,3,100566477095,2502412,0
100.569,2,100569007101,73000,1
100.569,4,100569007101,73000,1
100.569,1,100569078101,73000,1
100.569,2,100569080101,73000,1
100.572,3,100569205101,2502412,0
100.577,3,100574301113,2502412,0
100.579,2,100576840119,2502412,0
100.582,3,100579388125,2502412,0
100.582,3,100581944537,73000,1
100.582,2,100581945131,73000,1
100.585,1,100582016131,2502412,0
100.59,4,100587130143,2502412,0
100.592,4,100589668555,2502412,0
100.592,4,100592197967,73000,1
100.592,1,100592198561,73000,1
100.597,2,100594889567,2502412,0
100.6,2,100597418979,2502412,0
100.602,3,100599957985,2502412,0
100.605,4,100602487991,2502412,0
100.608,4,100607890009,73000,1
100.608,3,100607890009,73000,1
100.61,2,100607970009,2502412,0
100.613,2,100610526421,2502412,0
100.616,1,100613074427,2502412,0
100.621,1,100618161439,2502412,0
100.621,2,100620718445,73000,1
100.621,4,100620718445,73000,1
100.623,2,100620791445,2502412,0
100.623,1,100623393451,73000,1
100.623,3,100623393451,73000,1
100.626,2,100623491451,2502412,0
100.629,2,100626065863,2502412,0
100.629,1,100628613869,73000,1
100.631,2,100628756869,2502412,0
100.634,2,100631295281,2502412,0
100.639,2,100636713293,2502412,0
100.644,3,100641827305,2502412,0
100.644,3,100644356717,73000,1
100.644,2,100644357311,73000,1
100.647,4,100644428311,2502412,0
100.649,3,100646994317,2502412,0
100.655,2,100652360335,2502412,0
100.657,2,100654898747,2502412,0
100.66,4,100657446753,2502412,0
100.662,2,100659976759,2502412,0
100.665,3,100662506765,2502412,0
100.668,2,100665072771,2502412,0
100.673,2,100670463783,2502412,0
100.676,4,100673002789,2502412,0
100.678,1,100675541795,2502412,0
100.678,2,100678089801,73000,1
100.678,3,100678089801,73000,1
100.681,4,100678160801,2502412,0
100.683,4,100680699213,2502412,0
100.686,1,100683256219,2502412,0
100.691,4,100688334231,2502412,0
100.693,4,100690872643,2502412,0
100.696,3,100693420649,2502412,0
100.698,1,100695959655,2502412,0
100.701,2,100698498661,2502412,0
100.704,2,100701361673,2502412,0
100.706,3,100703891679,2502412,0
100.706,3,100706421091,73000,1
100.706,4,100706421685,73000,1
100.709,4,100706494685,2502412,0
100.709,1,100709024691,73000,1
100.709,4,100709131691,73000,1
100.709,3,100709131691,73000,1
100.712,3,100709204691,2502412,0
100.714,2,100711743697,2502412,0
100.714,2,100714273109,73000,1
100.714,4,100714273703,73000,1
100.717,3,100714434703,2502412,0
100.719,1,100716982709,2502412,0
100.725,3,100722042721,2502412,0
100.727,1,100724617727,2502412,0
100.73,2,100727183733,2502412,0
100.732,1,100729731739,2502412,0
100.735,3,100732261745,2502412,0
100.738,1,100737643757,73000,1
100.738,2,100737643757,73000,1
100.738,3,100737786757,73000,1
100.738,4,100737786757,73000,1
100.74,1,100737866757,2502412,0
100.745,1,100742962769,2502412,0
100.748,1,100745528181,2502412,0
100.748,2,100748103187,73000,1
100.748,3,100748103187,73000,1
100.751,3,100748192187,2502412,0
100.754,3,100751046199,2502412,0
100.756,1,100753603205,2502412,0
100.761,2,100758717217,2502412,0
100.761,2,100761246629,73000,1
100.761,3,100761247223,73000,1
100.764,1,100761354223,2502412,0
100.769,1,100766450235,2502412,0
100.772,2,100769311241,2502412,0
100.772,4,100771895247,73000,1
100.772,2,100772011247,73000,1
100.772,1,100772011247,73000,1
100.775,3,100772091247,2502412,0
100.777,3,100777187259,73000,1
100.777,1,100777187259,73000,1
100.782,2,100779941265,2502412,0
100.788,1,100785001277,2502412,0
100.79,2,100787531283,2502412,0
100.793,3,100790115289,2502412,0
100.798,2,100795175301,2502412,0
100.8,1,100797732307,2502412,0
100.803,3,100800622319,2502412,0
100.808,2,100805700331,2502412,0
100.811,3,100808230337,2502412,0
100.811,3,100810759749,73000,1
100.811,1,100810760343,73000,1
100.816,2,100813469349,2502412,0
100.816,3,100816026355,73000,1
100.816,1,100816026355,73000,1
100.821,2,100818681361,2502412,0
100.826,2,100823795373,2502412,0
100.831,2,100828945385,2502412,0
100.837,3,100834095397,2502412,0
100.837,2,100836634403,73000,1
100.837,1,100836634403,73000,1
100.842,3,100839584409,2502412,0
100.842,3,100842140821,73000,1
100.842,2,100842141415,73000,1
100.847,2,100844796421,2502412,0
100.85,2,100847379833,2502412,0
100.855,2,100852799851,2502412,0
100.858,3,100855356857,2502412,0
100.858,3,100857895269,73000,1
100.861,2,100858011863,2502412,0
100.863,2,100860586275,2502412,0
100.868,1,100865682287,2502412,0
100.871,3,100868212293,2502412,0
100.874,1,100871064299,2502412,0
100.879,1,100876160311,2502412,0
100.881,2,100878690317,2502412,0
100.884,2,100881228729,2502412,0
100.886,3,100883758735,2502412,0
100.886,1,100886342741,73000,1
100.889,3,100886413741,2502412,0
100.891,1,100888943747,2502412,0
100.894,2,100891473753,2502412,0
100.897,1,100894012759,2502412,0
100.899,2,100896578765,2502412,0
100.902,3,100899108771,2502412,0
100.902,4,100901647777,73000,1
100.907,1,100904574789,2502412,0
100.91,2,100907140795,2502412,0
100.912,3,100909679801,2502412,0
100.915,1,100912245807,2502412,0
100.917,2,100914793813,2502412,0
100.92,3,100917341819,2502412,0
100.925,2,100922410831,2502412,0
100.927,3,100924958837,2502412,0
100.93,1,100927497843,2502412,0
100.933,2,100930036849,2502412,0
100.935,1,100932566855,2502412,0
100.938,3,100935105861,2502412,0
100.94,2,100937671867,2502412,0
100.94,1,100940201873,73000,1
100.94,2,100940335873,73000,1
100.94,3,100940335873,73000,1
100.943,2,100940469873,2502412,0
100.948,2,100945905291,2502412,0
100.949,1,100948480297,73000,1
100.951,3,100948578297,2502412,0
100.954,2,100951450309,2502412,0
100.954,1,100953980315,73000,1
100.954,2,100954132315,73000,1
100.954,3,100954132315,73000,1
100.962,3,100959388733,2502412,0
100.967,3,100964547745,2502412,0
100.97,2,100967077751,2502412,0
100.975,2,100972164763,2502412,0
100.978,2,100975052769,2502412,0
100.978,3,100977591775,73000,1
100.98,3,100977680775,2502412,0
100.983,2,100980237781,2502412,0
100.983,3,100982803787,73000,1
100.985,2,100982874787,2502412,0
100.988,2,100985449199,2502412,0
100.988,2,100988014611,73000,1
100.993,2,100990618211,2502412,0
100.996,2,100993228623,2502412,0
100.996,2,100995758035,73000,1
100.998,3,100995874629,2502412,0
100.999,3,100998449041,73000,1
